617919922
689579251
-1825110920
2088089806
2004341039
-226310289
-2128488812
286952501
765840974
-1854345111
1175878437
-1990195884
-1204068711
117808144
-1446989059
644935377
32921785
1423825799
-1198547857
-1049217538
1410655496
1202046954
-2009283584
1342881666
199384932
1581326738
-286847906
1946509880
1297089094
217587608
-237002352
388836438
973385490
-493145192
678849390
1175082705
-282040401
121161143
-1040796844
-1823962368
-1943712422
1134832870
-740560622
1564827263
-1048495945
-549623961
-917376218
-1817171627
835731241
-1973594224
1855116844
-1311860135
574732642
-1480423218
82345877
-850678319
1368301373
1117176044
-432107625
-5445029
231296202
157671829
-1936916892
1541670928
-323222358
-1260200425
-785196898
-1070504475
-1896037475
1272957289
500944649
2028859733
422721881
-123060114
990023041
152659004
711916189
1598927995
-1026749137
-470549242
-146456444
475093526
-786475529
767104264
1485228318
-794836991
-694918348
453130541
1607052604
-1381870986
-220979289
-2068797227
-872136821
612060851
-1766282069
733306617
1126123747
1089268408
-2027657042
-1024587374
-746637855
1814345038
-2121439012
-1748004037
393873842
831418955
-2108007908
-218291436
-1648809423
138540820
-25690817
-2106280214
-2115806924
-1160524957
-1269976458
770227092
-1982042333
1971884618
799721477
493897631
-1699894583
-1268285576
-810713034
-517088211
-167597458
-1347920711
1480589967
405196825
-883662300
-1312955453
-1713984442
-1685862049
798794593
788885550
-186747916
-1542133573
1224870350
3231172
-637447031
276466575
1117086045
-971823365
-2142112896
2097006601
-1674126943
62937023
-305203629
1093797764
1699387993
-1419630477
-524174545
1160471343
2068417869
-1096796871
-528258837
2125178604
-1464569507
-843872911
-1519482314
1885478522
2059176662
-468379776
-2123192304
1215860949
1700168967
664986834
-1876781189
-362148388
-1147053804
-1287478751
1030581873
-523865548
-1764471287
683261942
1623020568
-1605384852
-846961103
-85561488
1849073716
-854796703
-113062488
1912450883
2089090524
364820964
1855659567
321824003
1783334256
1625100185
1150389311
340510370
-702021175
974598433
-1305587360
1327405111
-561457998
-560550021
1403316154
923992576
1855467159
-1021197657
1518004972
1664320170
-495547012
-1342009460
1576776220
-1908424241
-500582608
1837262875
-528287922
-2093267265
-951803199
-1223267917
-1409671175
1315592066
-1197472462
-1521672761
-1182205225
-2054208483
-658344597
-1117585219
1463027452
1587192340
-1710072976
1130238745
-416311254
774192176
651894486
-1762731814
-1185911709
1597160066
500320369
1045916451
-998799682
-534231385
-178222254
-1551925218
627073918
-1110265780
-1547835152
1751551261
1326831968
1493947892
-1624283996
-141334783
1757625395
1984386552
-1951925670
-1791818529
-505637714
-1001731121
-1862939515
-1668396832
1509032317
1356209551
700431699
-845614232
1915721116
1799658931
2133255970
98182265
1825327080
1719141662
170043441
-1995370662
-406861837
-2132113056
568669594
251577459
-582988777
1943376695
1895950719
1055405434
319204557
221174103
-1863466877
-1796089900
-2107088577
202761069
-2012890500
61376821
473706779
-932693663
-791801242
52533897
-982011991
215139036
1423475098
1364600086
29414431
-887416055
1106182718
-84144671
-1995422925
-859579234
1745077503
-1956553903
-499769870
1390094877
1765690877
-1829453550
115108304
1592981078
780725511
1232111164
1539270143
-2127113935
-108985080
-2008340045
-897228284
-326419286
-203434304
-161257264
1059383686
-438383077
462996150
622038080
-94283416
-1751801919
-314231188
-617472212
852701722
-646195592
-1287276332
-1975225190
259177260
-1858846775
444779011
1065983762
-1494168541
719604774
-986740188
-2083864956
-141373808
237955443
1671125934
-465057687
-1459335843
1688469960
842986713
182857255
1575069034
-1931304331
503616589
-1103559239
-1159419049
-49803450
-1282257636
558930063
2127911587
1877362183
257465842
-2118550350
-840048138
388019786
1637271435
-1108239317
2122490042
1224094055
380212836
1109118629
-390862353
392910531
403739572
438364497
-1325883329
1341718613
-522137187
569862409
-894566576
857109350
-1206139233
-860284233
-1513478567
1781488023
1876159564
-742365704
378812407
1293010472
-1603267263
-964878853
287187777
-706688138
-956715436
1951071407
694774297
-396598075
-1284415734
1905404957
-572426043
118995008
-1008157365
454853137
-915709251
-1287457475
-371783592
-334474752
-839640890
-2109844796
67772156
1454111013
1164143679
864023121
-1074518783
-1813280532
241923002
-1985041703
-1138127899
-1393282156
1913726157
1735393290
-1024822578
-524853489
256128810
1132972503
-1848798790
586777132
816424173
-993243085
575808506
-704172041
-1088594891
-1789272293
-645823008
-1071319713
-828049931
-644016422
1914730935
795667737
81167884
1400601736
410732531
-57201212
-1672226670
-128577837
-1210634583
-984058290
-232017804
-1978014975
1262933056
198491285
-1929913534
-1001451979
1967567209
-1873182127
-1280823737
-1772724496
1046586956
-9563088
-1873297190
671787738
-1569902845
512104258
-1282738189
2114106562
955247435
-813365097
-1693829376
989654755
1866231160
1158124325
-1099544071
1959697769
1425376425
1901191151
-992079
-524018381
894465597
1443906660
973378415
-973581607
599579269
1175057156
-761423683
2013627887
954273978
700158537
-1499679617
1775381643
-1470792143
1456070084
-2019803066
-1017091324
-1216869171
-694504059
-1222669082
1722764284
1163173044
73744320
-321221307
1395192993
1245076804
217055404
1112070773
-1123460817
-163495608
205393070
-509057787
450704824
-793640346
-1512392521
853370772
116477735
274098140
92630249
-351637850
-1987690366
-256457621
502627712
1694534074
589125742
-779821166
-997708305
-564594277
1886866168
-1233928705
1630093897
273346550
1009105810
937360706
1676198626
1634022444
1075635034
132101827
-2085169610
-142818967
1019402146
-153608714
233362696
-325144075
-1496435540
1834896844
-1028064050
400886730
1243492533
-486409876
35939404
1358119525
1775393588
686814242
1822496382
-69697056
763923555
-667827049
-1100974150
-2140989632
1695271166
-1267288254
544233750
617712140
-1356390838
-248044514
-1555079674
2105752350
-100943272
-2032542819
682596425
991141052
-1016478582
-477172004
-395543034
-479701014
-619726250
1863468823
-1788371407
-773065991
358372425
1958461534
877770547
1823722851
208353103
-345392247
513545162
-1729526566
-400230863
1244552040
-1188539859
1035802526
664741726
-1569267393
-955582093
-1012508658
-2109631763
-941106064
1192722740
2064745858
1812053218
-1969217158
-1389187216
1258036823
1431719855
1296022562
1624404143
-490455222
-375903490
1546604782
1994428010
1807623177
-576775507
-495476262
11003817
-1270309625
549747226
-1589630394
1237979117
1884458639
-1000978529
1426523693
1723168847
802213148
-987141024
370383004
1374848744
1673849575
681720899
-741825184
-81772429
1533725376
-294227393
328323585
1826580529
-970191839
316419290
1467204079
158677516
-1990876033
-435310868
1829061115
-1361239297
-1149421085
-29235032
-2029308152
-594338892
1346966201
-323613476
-2124921855
500599150
1999023848
358921847
1395415821
-1933588183
1135173154
-942972340
1063235073
729860350
-670341252
904347925
912765462
-1546955828
-1092512192
-1583438407
-2080625957
786297620
1102725122
274502609
-468881299
-1788703963
-2074208271
-856149400
-2011405084
1532499320
-1057332370
-1051056382
840420624
-336388771
-975084574
1206787295
199884900
2046223062
1929841100
286194816
907879474
-188528702
1764574488
1853921130
-1951701480
-143529155
-132872521
519162921
-529274438
-1474357434
20596587
699295383
304373168
-1339988829
1928898530
-1621606307
-604869694
-2067973887
24608262
200500666
729774162
1091535710
957375379
-116833661
469001497
398285483
634165737
946019178
319441685
-1951636820
-558049501
-2128849022
1301307330
-186508509
-413642649
-1513005566
1968077191
-2014937812
-1106143873
-877130680
1411835763
-186086678
455414184
1270548513
122785832
1990833507
1854817706
-2004782521
347442199
-1440793432
-2058481880
182500650
-1023037715
84340281
-436367047
-1446073357
379040844
496952742
1078891062
-1345995323
-801832002
-158977159
601055957
-1511093947
-341884954
298225235
1433772662
1099222108
7476472
2070245972
1503950013
2048341051
-458294678
954028736
-927466400
-340975201
1272372203
1841676766
2089889601
-1228018346
1396759956
150713123
-1487251521
907636992
-342053028
1326005136
213768008
1171904538
2072126417
413037656
1580072498
-369951432
-2032730619
82011077
-1456337717
-904669295
1710172869
965021787
-1185304146
-145572672
1692064017
64889405
-1212573353
1906670281
-224844345
-641878321
1961419514
-349008295
-1071821152
-883602788
27299471
-745997999
-343957408
-1929323142
849033265
161512837
596808777
1428862188
-1486572376
-111394880
1453838544
46031046
-22125756
-328853749
869794195
1639245335
917915884
114887726
-203703671
394146882
1251756150
-1701458569
1689442938
1454000238
-10351560
142875321
-1522851662
578200352
1778873566
1773170071
-491918863
-1106578395
-50421379
1399153154
2097694885
444211380
726656232
-1655397633
1742728282
1347094484
-864601022
-2015666259
1314557041
-1348556549
445258452
-1498772346
-903558641
-616591113
768450336
-1176800027
-375341736
21016849
1523746102
419258567
-799825443
1167066223
-2085787067
2033275605
-1591912878
709076922
-952683148
-449502559
1127981956
1689143040
-1683310094
1955559216
1288076937
2008155610
967960139
841115064
1047640632
1503086033
-884599555
981645481
-936125477
-1071714563
1810649675
869147377
2084112163
-1361174801
386902864
731571068
-796641956
-60071472
-490153386
-1203790598
-1223676959
-2134648375
-1434196888
156919268
996468177
-187631451
-1159103451
-1133882177
1118659842
-1906462795
1618689494
-1379988318
-1146806731
-1890305548
-105965373
1077284342
-1384942453
822862954
2101836226
1601556349
-889259976
251689172
996870928
-1127029867
-1834394507
-574411132
81272163
-418665028
-603957061
1569670534
884805183
348875862
-989927123
32157700
1216364424
28154542
-1438801323
1264414187
-2108197800
-1853427910
-1607988206
-1009746227
1631037202
239696418
1513633745
-1949331960
-1348227913
-2043828221
-1617361413
1828109608
1282488695
-635294481
497209006
378024073
838933131
2082544568
1336762798
180044353
1256241473
1109962094
1005425053
-2146336964
1402485592
1635417381
1304673898
538694311
-238431091
-156484614
-1304161529
-824409198
-1375986315
239149400
1394109022
429451472
414352269
255040375
426184581
1270347553
-501995889
-1723136987
896060719
-1837560429
1855108870
1150377417
587989094
-819944412
-1341642204
1643732131
1604952694
1626259628
182146771
-1752874920
-877887956
386749945
1864945673
1749238189
-2074475456
-857542341
-1074884512
-495150958
1357869839
-1021814366
722356965
-2000658845
842876300
1264977477
1306752303
1430507625
404102520
-1356296635
1483169459
1990571686
-2088395567
-1760987342
-709957289
565899985
-216604025
-2030303828
691189572
-639206497
1455005301
61076557
369877504
-1327544252
-1638928242
-1758055226
89951931
-873795528
1608419159
2051153735
213709800
-1883503810
-470044268
315864100
-1845844977
160390561
-407808186
-1606036555
-1878969887
-468452160
-1915679276
1042649213
-23035508
-1789061171
1039711111
1257635725
1431722832
-1596555055
813268539
850799402
92672850
825201138
-1153840813
-2029974611
-1545446736
-491705608
-406393107
968469162
679120341
179798797
-1386641322
699651156
-1575087091
-716123452
1305702848
216791840
970826843
848173660
-1309323982
401027495
-946109558
1109624900
1383383231
-1476501808
773394305
-104184862
-797187078
753274925
2097228763
1907204239
464359592
-1225355611
-2024512585
508165350
491883191
-238151340
1570034891
1489228350
-1022971025
404843182
1784494015
-1037977484
-829899802
606923754
-554722888
591159789
-1761998151
1518025373
-1862427854
-2031889446
1912195320
1625023652
1555384338
233397949
-2099688862
-1682997689
-616899333
-911074516
1673741521
643593882
-1486287393
703459029
1658489591
-1424863706
909550041
-380936766
-1149419958
-935914551
1052342330
331394012
1429515325
-516600870
-324252959
-1282993483
-1515631952
-618748528
1356710352
-529723519
-1938454616
-1376116061
977579002
-1812918939
-2044108734
400201011
1910403425
-2082082828
-1032064284
2034538473
674894432
-512278027
1338474678
-1321638820
-1092401083
-1149563798
784306768
346958773
1325832994
-1252288051
874001332
-1618094699
-891256604
398698908
-841974914
-1495447243
370596260
165402648
776065370
1920509134
1128095037
428883528
-617044043
-1419638980
1874513438
2067893828
-227369802
-805253155
-1269955232
1974808495
-1708575121
1547335871
-590402534
-364109692
2064625231
-432247047
918205940
2076220950
-325222437
-1671393959
-1193742086
1797708369
-1008292195
-1156833985
405683890
1273839941
-1008863396
1157857736
1821198959
1616712421
1122787468
1940582702
-1025126169
14963979
680320520
-1991319443
704630019
1568563646
1431436286
1679099178
1090264566
840996279
1940309289
-18804272
1123089041
1902437153
654006342
-192507908
-1182153260
1006914720
1428218048
-1152156390
-17360697
-1001419627
-1851791699
831884624
787813770
-1963692897
1880041981
-512345958
343627691
172134756
270564592
698873397
-1760881225
-1089814896
-1485024824
-350139839
-1933228013
643815197
702279616
281577889
515631372
-567206443
-1302494404
-155355099
-393305557
-2144765419
-1458799295
-2112084757
211057358
-222837550
810284582
1642506498
-807838733
-136289823
-2038954101
477736015
1045396823
1689823602
1139691914
80336052
1963069375
460383709
-1275257044
635863918
-1357399916
349825441
-1422139873
1948288190
407417525
966754728
-691610203
-671509045
-850024312
-1086240817
1761839310
-907287354
-968254638
895981990
-1859022872
1969680207
-1474139192
1976219507
1449178422
-1756273898
-2128554010
-2017570947
866791649
1328932037
632947198
282327430
1577574443
-868556515
-2127440621
-1305778536
-1961708566
1852034143
-2054759833
1311721732
-1231744461
-1818463252
533550162
-2132133721
175447892
-1393211857
1772139092
-166783121
742793736
1568781498
1261417070
-544949731
-1123059995
-1481108305
-2066168915
-973285045
1842005784
-1840995999
412188166
-1357214031
1157789269
406291770
-743619735
304931491
1528069128
-1265627938
642014735
29765085
-1439884336
-727357296
-138530793
96555907
-2008010451
168796116
85346384
1523717986
-469826953
-373712042
-425889704
718148731
-2106339567
1022322954
-847968283
397416386
-666137378
13246099
-1642839710
1798300451
-435582732
-896729624
1510740925
-236675899
6807440
-1969373131
-113773185
193490577
69402440
2113678078
1591129372
-1638393355
85830534
-172272758
317194892
972129252
-1533136332
-1488898946
-1193247207
-356483807
1765591220
-1925744185
-611360646
-1439085891
1881555987
979543741
-533852127
1578414814
-908746627
2067987077
-1455212591
1639551425
-1348858894
-2085308746
1518875250
1295792897
1382443065
-788812738
-1835474904
1159473944
1505916949
-1459604858
1797470369
-1989358298
-1031459914
1665264852
1439510190
849238257
-612188046
-1050213903
6076693
1239944492
-909072460
-1030444533
1729565860
1940212220
-1578342092
-400017700
235508617
-1223995465
-1909328792
-1841956342
-2109764127
414557678
820057401
1353035217
403589006
-1998360915
-407306246
152716255
-992420019
1663052289
2083268757
206388862
-1371825402
2142678458
1016977671
1969485816
-407952026
-1208658575
1279146765
-448299978
-5664597
423014092
-282015457
829282474
-1488178498
-1206770176
-1292608867
1796081262
2030743174
-917735785
-20758712
-1750740307
-861356422
22537330
-132833805
273377601
-1766747016
699433233
-741111175
683304349
-1872436523
-849280750
-261257487
61246957
-1337793868
130082295
788882464
1172085883
1143073691
440729644
1706538287
1062976340
-1991413693
-196637369
-642692451
-1759996373
1188525230
1245542033
280324214
633677436
-549269121
-48073788
102017988
1946590708
1245567109
792598038
-1440197818
-483060977
42610328
-2063597706
1147985759
1800852483
-660083032
1204931092
-1030603439
-1211923492
-978884078
-1046387673
-1853427286
1408853479
-605677003
-1966152726
1676080638
1039235924
-1297049787
1163204582
1250835925
686118678
-1626560418
2142525302
-73787673
-1119630322
-2071215908
479942536
-1054615418
1321195879
1714913001
-1983772768
-1364027813
-1707640509
1454309206
1965472546
-1039611308
-924437097
1084562095
1008607952
80619996
-13523118
-614670456
2007685776
-1612375475
1369195460
717413917
1167691635
-901875550
-330490819
764877082
-97844750
989177969
1063351285
-284905546
48588921
615128599
-165195733
-2126408443
-189073879
229300276
-1615960433
1973545102
239831514
417037401
504303076
154125339
786680158
2105674496
-174254879
1553044176
876358924
732389052
1479975768
-401193601
1881063292
-1901860175
-1724020326
-1033897926
205690255
1528130629
-2033475048
-426058456
-1709686095
-1609464809
-895932083
666337436
372428129
1748265519
-350867493
-167986589
2007820273
90845559
698780404
750182493
-1549635190
1296322154
1342301947
1007619662
-1210940557
714364171
1789911146
-1200711946
100568722
-954195433
2075281141
-2105544098
2145340722
1825760125
-856822032
-903889548
1909492998
202486797
-939215635
1755684570
1021384045
-65946000
257529769
-854186758
-939250185
628693848
471993384
-1538526883
-537491161
-428679433
1576398877
-919091907
-29321350
-453899852
-478036337
-214154408
2111604392
-412725220
-132846918
866351878
799437097
417394198
151029042
477728909
1579254266
-1294534309
509120334
1945704116
2005209248
2006050596
1861001411
-2056589931
-491718292
1010186532
762495886
1814346423
-1747405311
-1286371912
-685135337
1819168348
1420360211
-395292836
-1461345389
1908902422
363059313
1295474529
-1328680279
-812802913
-1884572604
-1324116004
1598450264
832022250
-445283688
123891937
-891587305
1666195061
-1189142500
-30108431
-1077614019
-430866207
-89211099
1259819184
2113295779
-1025364797
-1391676936
1675151834
-285633145
638874556
207164744
1910780279
2033906355
806173126
-1902960899
2129814862
658249437
1246016977
-1432349386
-1533102954
9798993
-826660978
-165924463
-449397773
1996782029
525112969
1346368681
-300446560
356340139
1157099133
-1949782560
2052690664
-31923387
450301155
1937455965
850391002
-1288345708
230724555
2026128984
-2072561092
1619647002
-799173137
-1167491180
-113583425
150270721
-1711902715
-25976787
-2001242252
1153376132
-1121754284
1588671123
1423188606
1352211598
-1873558134
-1364301866
1349730313
1477908384
-839394868
2097052963
-896051334
-1136494089
440837901
880244110
1986479079
-2082815507
844783522
-2067190767
-1050642487
-1182789985
821243414
1491403220
-2101524496
-1299693105
702118715
1027321006
-452955722
-1444291572
1255539073
-198514197
-336179081
-1011484912
2043101578
-598927025
-376474048
290259560
-1614730243
-956758950
1241488326
319825498
580719769
2103465422
1187453848
604729602
1982677645
-861960850
-1476629352
1160982974
-1113017849
-587580409
-695316569
-1835981109
-1843864821
1923838899
680436895
-479960784
-1529048699
-1621043108
-1121903994
1761673946
-353348960
1189948543
531115775
-1385481464
-1478651048
-1875528142
-1535233789
-595909400
1127736398
421197927
1546599121
1863150722
-1700266278
962411634
537155363
-375464491
435294054
1099018184
-1694546527
-1796259265
2070270201
-406513143
6918810
-1171640287
-1292087790
-1166708929
68220401
-1294290750
1179671223
-1260666264
2071342421
-505880460
-1596187700
-25928655
567461300
-1414599436
-810078296
1942682116
1311606769
-1528490474
1337347045
690846020
-100893485
830117025
629564535
1908896471
1800322113
-1530164361
-1905610753
-1377989916
-832078932
-494770439
182852961
-788039459
1532432331
-2110435671
-133296493
297012159
-1816799858
1580633360
432893112
-432886120
779105867
1026101729
1832675692
2100441417
1523727166
1264087645
-140344991
1750915469
-1007393744
1592134649
-2114087894
-1548353479
-1047349900
1859333439
-750639785
1943912133
913453338
1124755697
-499770687
1956868362
-33018017
-1593280653
336104486
1486360397
1851411042
669469290
870217719
1172153467
1061474589
-1517013345
-1162514064
-327064394
952169874
136599593
-344286231
-1417533424
-308073916
-1480026933
1984268140
-1552069227
-1025678616
-1575690086
-594820474
-48739698
-875025316
1684318435
-669305502
-35821052
103862232
2069924171
217487891
-1666809725
425325923
-683167946
1678812720
-149383137
-2072020601
568430444
2006432165
1885329595
-1645909433
-1708994054
1917658824
-24432504
-1375379631
1692047446
-142579798
-1545895732
-181624465
-9731643
-101198673
-1403890972
1871762755
-1008332287
-1969901471
-1308075636
-1997005517
1527799317
1696701568
-728481188
-1318263135
-616488052
2005650525
-313615467
1732564575
-659378742
2139129959
-741879267
54888546
659828152
-1468541178
932285384
-1993795916
-1251579993
1792433831
-288562728
1282382767
328915821
-1200499433
1610825671
780804967
-1321547052
1159499796
1776806467
457097320
-347225547
-939455711
-1459850631
-1444104287
319653727
-707823974
-1980589675
424867742
-328232260
692888583
1279944841
1458196221
-1486195018
687006644
190021646
1040717338
1881135446
1514841984
1889854696
2098544652
-1183194066
2007629557
-1165046675
-1821309227
-715829639
-1872281447
-415355577
-1873434924
591357312
528249987
-1031661448
-980886146
-1654540482
1314804784
882843294
-1761009843
950747974
-1297943658
-191019656
1048819959
-203336220
440493946
-599699032
2104446947
2134929795
1559559422
-945133382
1181316568
-1376261555
1860425341
-1567010972
-986889225
-632219624
-229506661
167168015
2003054827
-1493351808
1898404503
2105726358
1324455518
303278928
-56635166
1273947724
-613639762
1123769125
-958209803
927017795
-209490976
1645384789
146298719
-662724661
859706580
-912257012
710783261
1552254265
1086733754
163080632
1122020653
-1462872343
968666820
1048861862
-90643611
-366118267
-159615971
-1342523411
748909696
555364486
842456601
1441475722
367077241
1403750650
-841822036
-916104756
-685209573
-1931976568
-1288890848
660192242
-1050486055
-414471759
-1375819518
369647890
-1771832870
1079871064
1787373917
1235978299
1035628376
1237710211
-1351028438
-1156935970
-1833541334
-22668957
-1955628026
377737321
-306503266
-1093576303
916461093
1910660148
-136808052
-1039145574
-1324087674
-314661472
-1578762329
950557629
-37050264
-982019459
-1054076650
1326880754
1161635836
1875086252
-1337245886
-1263407314
504682075
1538225157
1288455921
140860133
-463583047
-572806790
-36707180
1069570256
91403995
-668633988
-269018660
1406108400
-864793402
-437417571
51493010
412623825
-808361032
-82673290
-1062582617
-2147333357
521000539
2084596426
610504586
-877582810
-1471093704
1034214123
-1450346823
-2097045164
-1574348695
-1943461796
1771823003
-815557372
-1360992366
1397390263
-1501315445
432145212
-1227687662
-1597865263
-1079007433
468920679
1573539700
-1515187685
-1182897109
-915314088
1873560619
-183275446
1934861224
1999262862
-1846572418
393644090
-1066719814
54610105
214412737
-1245422321
-2128750711
-1351121796
667795141
400628893
-698918930
868455796
-1518213999
-1597606903
-1394515639
-826378119
-1769421743
1476266672
1394799761
-684922589
1950545038
-1718728889
255762860
1632609680
294383519
1074512706
-832798464
-1005737373
189872478
985927801
-308170167
1236773647
-2138461153
-1709394679
-1021283156
-1101772204
-1256185634
-393510536
1042885644
1046009609
216262327
-985946852
-1810503779
212504860
1707392410
1757750460
774847926
-100615465
449267774
714250103
-1209888534
981465700
-293983915
-1863627292
1601114712
1558957971
1132675074
-1672067206
-944761534
1767055833
-1755334777
728537650
1426098140
938027675
1307106883
-1132973974
43820390
-1811136596
-556075046
-794427124
-1230752388
1066418708
817528501
-2023676433
-1708069716
-277170925
-515405651
299791485
-1508261303
-1313160859
-495566078
-1523155819
-986361986
591898822
-690046575
-18476623
1601866661
-1951109705
419781958
845922891
662731225
1861202818
687930830
-1053105796
-1026384951
-875357572
588917393
1185089254
-1768342065
-292184950
-615829793
-1042994988
846327872
493399525
-1270407832
-1625443169
-1538932219
465577505
1747033841
-1862448813
1722814570
2051093866
-736593851
2017458321
-1587412939
1448405521
-1147470999
-1848823370
1964766202
-1054930362
532338706
-806831300
-57175123
-1167964633
-1426784421
1027563104
1314011513
-51968519
888704690
10496261
-103753777
-947234636
570226195
-1427281448
1660136641
477021892
1821887865
-471938381
-1065265521
1730219278
1125518736
-270521018
-176808574
656344112
23306158
1877945844
-1474459912
-1370540019
-507021052
-837586694
-607550016
-1898187896
1617540368
338435542
2069617575
1372374158
318530390
563031270
420184146
468040794
-1506345906
-325227698
605626702
553906163
157266335
1916295455
-993849499
329448697
1008536974
1144341940
-755356365
112170658
394106288
331042399
710849272
-1484300546
533357799
-1020255419
1059380142
-45707134
2090135691
1194440326
-387002530
1837644739
-1631621914
358168992
195714735
499522945
-1807579930
-463074028
542532543
-1613672217
912939277
-902461878
-1182999499
1873633808
477100460
718712753
1718358166
631997645
-655110065
-1353226454
-838181672
1765536677
-2010076037
2094694054
1405447732
-205014244
235300758
-346242291
-2684352
524645688
-1049209818
-242676383
-182013124
643807552
1176169534
-1369849309
1269874091
-64207930
1321694004
-599235851
1406184229
1407130344
1041464983
1655838336
-833233301
1976906449
-1922983329
-1558033769
-1809384261
-83470714
-2144371610
-408759140
531206246
-1566156577
-1821279465
2135110690
-546783073
-1682320942
-425575580
-2063672364
-1244712300
-1109201929
1498073597
222602388
1786079170
-34666937
-2091478082
-169881882
-2016989819
-1544147417
-70651544
-450546033
1893200366
1718203813
2007579283
508402809
-1066987048
260008448
1162449891
-871355687
-393055171
-46453139
371453050
-1105291373
-741931323
-399442152
768990893
1951828188
140767136
1983225960
528705529
-1181605855
-1300330348
1154776711
-1366840265
708562727
2005038937
533037345
194131983
1583864690
659191588
-637151382
389117610
1048065003
587442049
-656211866
362958507
1651866812
-1527352219
1870107492
281549406
2039641470
1114467203
319655115
867135282
922557846
-341601570
-1647172840
-1708038044
1702050524
170464415
-243046362
913598717
-1304025476
-171551704
-2021639504
-1738372866
-992738271
-405618584
-886617068
268247512
-12925105
-1904871568
1996111449
100150817
577481488
-375451834
-792322445
-1518374779
957087698
-874047495
1298316997
1773311482
-67472497
525413109
1571730918
-1601910985
387856430
1781242776
1954940327
-25207450
-1349014487
1484463364
-2066895276
1789832727
-1816106641
-1416498890
-1752255942
-486858120
-69017974
-1593674409
-1061204631
-559936061
-2039491068
-180510894
-1107204677
-1181419785
-1778741241
1109606566
1233745684
1070942666
-1062579645
-674028932
-2066645014
1572709085
307925523
-613724420
1995420167
-1166726351
1519459554
-1789846565
429976461
-1244875047
537125579
1550305848
-1030538181
56924913
-2099361921
2121322408
1283259118
881159886
-544203413
1157569679
1901145961
-1339609994
1408151322
-1289227343
-2069212072
1348822098
-233669929
-1749997816
-1483688559
-2057930719
-438139754
-349844009
-1521357155
304550192
-1243061741
1446496255
-1334620809
1236944327
337012027
-328883568
-148824685
-551411226
165382347
910274978
-1944510687
-1555331279
846660407
1060139878
-64049518
-814507992
-650665012
2034339959
1835753563
581706394
1030839832
-2144858763
-1414064904
857193819
-1514821751
2005631444
-1407268557
-388133580
-444495021
1781884913
-209607003
1684006170
1046386839
2084231782
-740288387
1111504291
899813057
1400132254
-2063538049
-1452408907
-725095375
77216939
-438523825
690339456
2048770845
1635152982
-461378833
-1314915155
-1404340044
1393033079
-1776741754
-511702825
2072400519
712481159
1760474723
789904698
-1323502044
-1970215821
1246225728
-965275991
399589124
-765635918
1528809418
666261189
1600065190
901455513
-468555936
-235958933
-1042449669
-207887635
-1417110245
-596744850
-2070282492
809216186
-318411506
-1655930746
1977848249
-849707422
-975744562
-1871237497
-1875523796
1754262520
-1902887884
-101356587
1066557422
1097914574
-504411295
233493270
1507453617
-743066036
-589070078
-949258711
-2066064338
639108099
-769722924
2147471959
2127872329
981172481
1598968426
469193672
-425103502
1349033574
-1230991315
513481784
-1175693491
1025705783
1842824868
-1405484822
-1357292140
-2046799503
783812854
841085916
-482681284
122694753
-285763668
1563053115
1926413782
896049202
-1744835910
699769369
-1745310408
-1283575097
1031690175
323563868
-1046052004
1847133643
-1397270389
-649922567
-464137849
1249198597
-2106477086
-2129198238
-2136992339
305030128
1512249983
2014290237
-1413140717
-1602601590
-1692118437
773023573
-837682890
-1523465876
-128730578
-1548794155
-161795861
254995226
-1208966346
248651443
509544391
1820874908
618835766
2123006313
-1138619968
813197645
1011640513
-839998998
-1769850605
-815335950
1652071351
-60711981
1099269225
1267856909
220606992
1424526049
-2020148427
90351219
1194236120
-1837816413
-1707580321
462554396
1723789690
993185648
1424235302
737719866
1948029760
-868330086
1916098113
-221272436
-2022596327
-2130719773
-64275128
-861405453
-928598115
-1193198545
-826445742
79052101
-115673266
1653874043
-297867810
-1233811872
1146875681
-1060977139
326517494
-865761918
118696764
539643117
-467594863
-822711080
-763925505
904695443
973699384
467397460
-85210808
1303464161
-483631635
674835395
-900250125
-584547757
-722990777
1554329886
241407903
-1662013324
-1324760607
975709215
1215964855
-1057074797
672330997
-263756265
-1656583504
467004854
-1904945597
-1757446914
-1546254705
-620973361
1561041463
1810377931
101697966
-1878450131
772845130
-709864954
731510974
-2097646283
-1722969177
-1612426854
-724319473
-269428911
-2100346862
-1354026513
162334735
522937127
-1997264635
-111955656
1196970255
-120480499
799890715
-1949569783
-1636031667
1130165437
-1049800782
-793546965
-157749714
-2000793531
415578826
-1033849933
-353822262
1216270912
979122995
-1506771887
1968503214
-1301655734
-738620697
-528055067
-1519605796
1768367792
-49447500
558656855
-652266
2015785575
2109416478
764734631
1740477275
-1668103617
354334850
-422141630
-298034254
-1164781992
-995411330
1939018391
-91301851
-1239872300
-1086595952
-42747926
1935880464
785348302
-719575043
-818931608
624354459
-667170679
-854328589
-2043848582
1571777412
523606252
733136113
-369571747
-1890458079
-600005586
937928038
63195122
-224782939
1357120973
1017794712
-1960537134
850470305
677551555
-447553849
1220464549
-1190590002
-1482156804
1266477457
-594288204
-1809222647
1532572930
-1271620712
1768780731
-12081506
151881465
-990734751
450473219
2048042696
1347644882
30790271
-1134560848
783389560
-1902170181
-338108944
-1469418665
529146965
1117561557
-105767738
151305939
-1958636284
1319268649
-1360728055
-1521847463
-204832600
1115760603
746841819
-2123604280
-780766804
-505969248
209870301
1037384517
-852874817
-1061634963
494285009
158050823
1094706720
1409849968
2140168833
-596080786
395519003
-1329803709
-1365385506
-1701450662
149268946
1550957151
-1907377301
1266446522
-293218496
-1514894386
-1742956069
1237943139
-1357216901
-1840543708
-1157426951
-1657607390
1123609144
1491125935
1603223495
-1874279148
263024020
-788346643
-1006375190
1646826548
631779345
1001498174
-1750473660
-6736331
-1165309218
652656346
1464749282
1311822225
245671002
317729284
-1977392871
1956843745
150973147
2019054463
465872619
-295223441
-2093516886
463830081
-799902034
868948745
158408274
2026115686
950969839
2072014615
-882234342
-441838489
-920748909
352373999
1979292623
-1175391349
1379162175
621016424
-2134523450
-486102628
1294311929
200984493
1184789536
1500378590
1205336591
1799997779
-1608846513
-1500449476
2084224567
-434398292
336549593
1126730180
-533705225
1062531677
1885700699
-277985963
27046214
213442349
1814161105
393595799
-211450509
-1461352672
18650132
-362422486
-1232513978
2008978628
1836801699
-2112319967
-1808615068
-1537475639
981605797
-2060635727
487455223
-1041702441
2082096430
923677989
762180238
-1018707812
2059624641
1259853845
-952664255
2098074915
-1531825643
-651403306
-2007449064
-608489364
-2097383396
97872948
1627646892
2050161976
1359716928
-975608994
909863439
-1145123037
124842991
1210525985
-1112038936
-1234989320
1138351193
543790425
-435382814
1736300608
-1903458696
465001891
-76013497
42589212
1857611088
2129356375
-987258137
-502915756
1786167416
1182576309
-1974578882
1237146031
423986392
1231834205
676559061
-508218236
-2124358221
-11326972
-1510839320
-1899727216
-58631705
872447332
1620832840
447543050
1220321651
1958029428
-1677499261
1455587829
1777663802
991394265
-843066047
-85373004
-804175098
1002307740
176942320
1011605987
1380073423
820471580
-164275293
-858695325
-131372485
-1730115259
485950775
-749037129
51927912
972634625
-1425585225
912117134
-71222295
-1761907730
-1344922623
-606265184
-1061397745
-1910525614
67936425
-198262084
1054570089
213206859
773504796
-36075486
-208177779
1919098954
1329382152
-2127906035
-225075689
55222722
-324674565
-278990188
2122154993
-1481897701
-467513014
343999154
2064071124
1832365036
-1018261452
-239117917
-157448689
2033616745
716077126
19488369
-1385685113
-1100492006
-1530754560
147563725
-498190594
756583118
183425976
188418594
-322842473
-1026219058
14809278
738988007
-668421735
-664477356
1768427200
-1196095692
-473962893
63011901
-814150288
-147922536
1411589375
2142573054
1242995811
-57558231
443649802
653496020
997788476
203911643
1553832212
-64747713
-1302814711
-599794155
-284288685
-157174608
152233964
1857519745
-1651326210
1409517952
1749151229
-656754397
-1995533881
737447972
-78283666
-1638081619
1952377256
366381471
1008520176
-155470576
909012706
-1454670025
-1338948266
417158742
-2100372926
-883278997
-1625736841
926890158
1092963749
-1934827997
-1543261353
1022037704
-999756609
-911736791
-395523960
970381155
-1171538409
1712069079
1342966734
966460707
-853403563
2059018514
-798685695
-2101162073
-644014145
-397438346
-1586767561
-727186982
-856614911
-1143121454
1462661665
-1760765559
-1656189396
-1623175722
1486154677
1455148086
804364032
333001483
-2091775731
-1231141589
21159278
-1882359294
994503054
-633818927
923376983
1389964496
573266765
2123065666
-1119115622
726515641
1702784941
-1908582373
-1321036723
-1520387798
-86428084
653156759
-1072208823
-1448581908
1878508063
1021111513
306772715
1121191575
-1301619493
1626021256
-1173315815
-1315946684
-1792602986
-2000317792
2126754435
-1486906746
-162803794
313966215
-379442645
825915033
2009608937
-472961954
192252710
-1203192868
1613768157
1354516122
22835107
1832589180
-1335348846
892105426
1482348588
1223732593
-318540443
-63400230
2005388588
-1770949202
-779481554
-2093458673
-449506128
907327636
-828617819
1625800180
-1191837583
-1423024473
608786433
-1172714243
-113862638
-1273690237
-701090335
77436587
-895179867
50207760
-107202448
-709383720
-1145021837
2085375988
-1275831869
-1662798253
-1610434052
-1480571319
244781956
1253515951
677628220
1019366799
-840000043
-940135592
48974896
-1980274972
743684206
-2021761306
-593843305
214109298
2139841031
-1212380235
1084691709
-1317377240
-564256259
-881495371
1508316916
-1339751508
673695791
1989071741
-272155228
-957225329
-725039319
1610589606
994931590
575143874
-1907323772
-823028906
183183980
-1244977848
1229618060
1944520987
156930244
957799724
-1022530013
680652537
1287870236
-1316286795
-1995972636
1999920837
-869807640
798364377
-553572469
-567940172
836977539
-1666525202
-1763024237
-626176210
923744883
-1899426649
-1453328608
-1459122456
1161064433
-1435990467
-1264136161
-2089619407
1308754599
989353452
1996404651
-1062908790
1679583675
406143392
-2099940430
410688380
-1330471924
1654821872
1442613464
891405734
2007492538
111900491
1388169114
-1931799275
1275411947
-1415425936
-389478474
-574826792
-1202915636
-852046813
918009290
-282590766
242766294
1112708125
696850235
-320866607
-233425326
-1630019773
1480878168
-1823101473
1618409502
1572622619
-1390659394
-588782376
1732846769
-106046341
490777085
568271676
-1916298149
1662426498
-482052997
-234510522
-539395119
640671436
-1345137000
-198668227
25729513
304332257
1068683795
-19867127
742104481
-29351187
-1896457301
1800928776
846000229
188022710
771383561
1919241506
-496496495
1333987785
-406402852
-1675733222
1630210099
-1897962505
816566598
-131730649
1679952918
1873013503
-1712557962
-1087717949
-682653957
-1901389428
-1843684459
444538817
1305679145
74561377
-204695578
1396847269
686175272
88590290
-1684751832
1799493167
1166912200
-1795331211
1700739134
-1019901127
397077864
336570649
1576661265
-1384912958
-1039596940
874795511
-1563668811
-1355827127
448047919
-1830587097
-1256741174
1571398239
-911747918
2016417365
-231555804
-1374266249
969708851
-1767302220
1428704430
-1085550848
-639878774
-25778382
-1438991734
2029433525
-538761487
-235450644
1615681405
1180385331
528127243
-316413725
961926026
-138885941
-2074778585
-625484304
939444188
-829345639
-389180475
1083652085
1741585128
-1819086379
-1896604328
-1362436267
-55360814
-1846234776
-1031981235
889109413
-385275376
-1997028158
-1493220277
1223994275
1950530125
977234154
10154684
-937785242
-1164373617
-1342694698
-1316532084
1990240215
-574249573
-1179934468
-1922771151
575771231
1107974551
1465096744
535213034
-431824927
-1879913999
-788159088
-1215180726
-1316851734
-1803292032
1538357285
-750428425
1432514855
490574568
1243247403
1647898799
-482743273
-710740671
-1715761141
-967289460
-594098944
523696890
-153242265
1755696776
-1220974298
624006139
924174703
-489729214
-150889670
-1192033271
1994462578
1085009921
-696839407
630954607
57396920
-467501063
1242555541
1450491865
-1644767090
-431274035
1979834880
-1086161278
1611600801
-307088299
1099656518
761456785
404344463
-474496608
275999954
1729298624
-1310774341
-2039820740
1262966645
-1987638977
-1879797664
-652878156
-338064485
-654418729
1584820456
6198617
-588159553
-36096431
782372478
1065247301
1967245856
-382137833
-1160447519
-284708964
1976702388
689591836
-998150277
1125846549
-1236227491
-916386823
520347826
858006968
2105903706
-616629928
1278688893
2020503273
-1936804097
-521284971
-2023040711
1331558308
938952360
254591905
-1036654148
-518473463
-715823637
579578666
-908978262
758202651
103462924
1519150072
2087162119
749450436
1954925237
-1706770278
1766491917
901934620
-761622298
733093185
1188242496
1650440938
-143451862
-895898645
-2122952769
-1500086422
-684133621
1809768131
-1957244453
683393360
-1733625914
1357616327
384544237
1449090828
-497391038
-497292117
-1278098077
-1333627056
-1803181506
869917180
1470896156
-1303493426
-552225078
53680265
-950585866
-529108410
296213496
813005310
-68569692
-1734464833
-1394448430
-1434089008
-62602044
-1077450220
1541452430
1433113440
76883248
-649571918
1098925568
-1547495846
-1705628781
1161463198
-754118577
1032459615
-1972530369
-1844128323
-1485730325
-1035719965
286276414
-1587562673
-1158996290
1161791575
764223654
1333351100
-1433273695
-1089977463
-1742919119
-765056621
201816337
687380043
-89417460
-671639345
-342581214
94041171
141832943
-798901413
-2127679821
-1803740319
1217493357
-873565993
-1569548830
409043366
-563707251
-384594788
1611240898
1303299684
628442776
-804359939
-1894485685
986908881
2112583476
-225994032
-421991022
-817149631
1765618609
-857415380
1992331321
-1638057853
-473551198
-736531085
-597110488
1519655306
1725896879
-366039150
337130364
1693948239
-413244247
-2051943801
2058844607
-1057111818
-2074560289
1357215011
-1901237927
1789355567
308715951
223324945
-806432441
1766374879
-1241884321
1798867478
1719388170
-311036674
-592856787
858638233
-1130474271
1571156930
-151148636
1306798694
1053685817
-644108547
-879126479
-1659382610
-379664540
-2100778046
1587736565
848865874
458887049
-1243506353
-1904647205
-1044359328
1766437851
1913136422
1582212077
1868806877
1906227981
-361009796
-1321408541
-1389774396
1106165765
-755845673
174141693
592297550
-406111793
1658601970
-378055406
-546019468
-1129263404
2062842595
214116071
-459461455
-1178851509
1497875071
1374900164
-1482425844
951382766
200513789
90156612
426903637
-2083056143
1898051800
583945837
1009612206
801976623
1157893370
-1442361601
1202414157
-1563493978
591373590
-1791932400
2069927295
1141445413
-1164637099
-327874856
-1790382353
1855676995
-440850892
-1426017591
-1375852504
1993738643
901379500
-898650141
-423974313
1445758485
1728180882
-2078420411
-561152939
500801262
-1938763456
826390278
-2066707227
1218845787
-1438211979
-1005365691
1480777017
-990938653
1594384761
-1962859906
-130265157
-399833140
-783057276
1279740191
-1467408631
-269144113
-922238112
560064602
-724090560
-1182543602
-427443123
940330557
243284860
-1706170555
-1103519964
2131531007
-2095175265
-483790528
126427838
-1725157221
-1677525422
1699203724
2126309526
1572028834
-1298841783
360836209
-404464468
-322584243
1812316618
-1580381665
1195192236
2086591185
67513199
-447857626
-1063923889
-1583872521
979385129
-989057237
615809281
-290539797
-1496703352
950340056
1749222084
1377089363
1498699578
1660714516
-1655122349
319061155
412218577
1710406004
2109512330
-2049699921
2036606665
2096179440
-1298721020
1658214785
-211916088
1272136665
1155063301
-414979732
-129443033
-845377014
-1707235174
-1113487263
-1181064783
-137600675
333893887
-609473152
1948045993
-1087185311
1865977664
-1539889167
-594988015
1764918345
-163849182
1424134645
806008105
-476833754
75570755
391995703
-847570379
-1664965800
1990067583
-2058901400
1880334467
430448962
-148686699
1912528394
-965108052
1421530172
1519171850
-672711542
1371432217
106329549
377102668
-1537044588
459154121
8107545
1974083867
802554531
-809381296
717471384
1007082532
-1423588138
1350857506
-1107514360
-1564012818
-81357302
-1896082671
-1396755548
-1232986631
-101543644
-393516012
-1365448810
1582527268
386910126
-884401591
-645280087
2114702671
-684948827
-690639300
-1071955134
1949656640
-601998192
990519145
-2040443504
-2120609078
1393404116
-927177985
-1715540734
-1320632021
-359965626
141568742
-1250360071
-2146829898
-1712461054
61214979
-1795497794
-1895217743
2014547834
266056378
1363837622
158572672
-558977327
1785954484
-2011811116
1579767554
-236597655
1793279713
1667760206
2007234874
-8073542
1492431040
-1331484013
-1961409998
-1098481819
-271364643
-415586949
-421651941
1419436168
1750588059
986655936
900929208
-859855532
-1246179021
1012308652
2051415549
-851063845
-607877380
-1177192940
2075594483
1710775854
-582395412
1196354436
-2120772386
-1647988569
1754575454
1696507323
-2087417696
1804448130
-684073707
-2093794983
1745454175
1154293170
1239286144
349640662
-1949856411
-1073303822
550942783
-1591657034
-1367214008
-1656187111
322766309
-939126790
14871370
507370674
-135348737
-694936359
-1787092222
102788299
-2095803819
-177228881
-489235141
165279245
-681356689
-1503950794
-2059661797
1726931212
-1464656038
130798835
-1875623033
-709887520
-1511024724
-1016811278
-1253647674
-35348748
252723140
756780212
1684958308
-169309923
1626909270
-1480652184
236884568
1884651758
1091839270
271033689
1952279656
-184380086
-1250365933
-1652106072
-1027176756
-1935169735
-392481706
712103226
444794641
1812815615
1767401995
1117759219
-1449311424
-1986077078
-39343631
472041763
-220977345
1337181292
-1346095763
57168448
-294318986
1413371368
-143438124
-557908266
1544087477
-1124933680
-2091453463
-1546439750
1376514388
-1430608273
-1252836188
-1230213243
-1833620581
831911427
-383491531
-1316233408
-851088540
1479944334
-509627832
2127759964
11257599
-976112403
-1879444855
-1525364252
415731541
-499016919
-451807127
1222770421
1768830799
-1919368692
-1754891998
-1962492819
1272827256
1583028727
491410937
1409538017
850062304
-1048340237
1784342722
1239160277
2143502915
-219847675
-311421783
185296166
638328427
-1335510587
-2122965202
-68035125
649500370
-1135513039
1813878129
308508348
-1344717942
-1008064578
-1857175121
1621665585
-1871089311
1819565488
-435522292
1833658127
-869475520
332478378
558246290
449790623
-400722477
-12347768
690339961
1764390272
-1967044242
480882284
-942972760
1304510686
-784280018
1299278358
-1877853829
1292103908
1335205471
807350137
1358769607
769869167
-1390644451
446945674
305572634
-1034538493
-1125292227
506985306
-450875066
1147611394
2047183981
2050998375
819220000
-1947310566
-2123571559
1746665006
-597290619
2038557695
843383184
184699652
1976909213
1719347546
458470631
104803877
1306441571
1937602816
-1989795299
-1763525363
1564801892
-572001945
1599743
1829321222
-1885037882
2085631829
-379646387
435587074
-291175284
2043365337
2112237726
72648618
-829022441
-358322818
-1691048064
273789366
-7375377
-495856450
448753891
-1218542978
-1674707005
-25594955
419172534
807242449
358203566
-2024785642
726058706
-1677510139
-783496005
1019786850
-1587822825
1650439503
531197611
-555370154
-646930476
-245477292
1829074677
-1730639708
1190009452
-500466945
-768805107
-1889945626
-643866059
-550815595
650046696
623298255
-534270557
-415796219
938123968
-1369571421
-1695799899
1887356292
1128056596
-1726658328
1856169806
638680409
920092914
-836772259
-711066696
1035208693
-597621640
-1279122133
-822908380
-1117061306
514354071
-1135472806
-116275098
447118668
867751706
1739965062
-1000149633
-583564309
168762342
-1348897327
546613899
-409760253
-668565373
-967787749
-1103516195
-1852334659
-841658661
518432624
-453839768
1413307432
1597652544
-719089982
108293472
-1597366781
1837627827
-1517926697
-1765952480
-30875172
856442466
-761649788
1678378062
1486723929
-1851486606
636628507
730385468
-737058859
2108281855
-224058847
-1658682991
2099005486
1199198304
-726832828
1856216104
300620764
-1956166737
1196098699
-1344152777
1198266694
1731311751
-206241585
-737265485
2047831888
363413519
1548426345
178794227
-1994572744
1487661623
-833645524
-1565707117
-1452530270
-940114367
138169237
-2031512934
-1788813840
-1809041533
-196754367
150862047
-2049955113
-110654870
416389278
1811903656
-2031992529
670938562
-892506651
365800851
-827356663
79438899
-886140601
1234537657
-700701434
-1064902130
1219605606
2092216847
-906445850
-507925687
1953856774
194272272
-96175265
746411464
444718084
-2074565224
-539671249
-1567417378
1509515142
1135296019
-123179148
455838482
2060514419
2058813398
-1183865541
1081547557
2076035877
1188825292
1653783638
-553995949
-1043311779
-1845872299
538481777
-1299016743
-13728905
1739210090
911627111
1387434423
248438494
379290628
1801818833
-1558551881
-80154687
1204799678
-2074651936
-1675525203
1969694726
-2049764424
-970799508
908989183
-1573823105
-157723713
-2102637492
1797157223
-949594789
697890474
-214816281
1051044599
690885342
1397498886
-265168117
-2145981347
1807080788
-2051506699
-2068706563
-316897176
1472344386
-180908974
1158318800
-1181003318
-1311633185
263730713
-1459300102
2110475551
1581410242
-1387008762
868552228
-1533346002
-1198033445
1637379963
-896253120
-1442653331
1811772839
-1886305114
1805829344
-1891461430
1316024735
1437226722
1080666054
-1436917080
-2112717583
1412911198
1639486135
1789809703
674284402
1073847804
922079636
1726118824
718218450
-872858501
602146218
1541566607
1797148432
-935152681
-912128184
183457098
280988720
329180399
-573649775
-1195665518
-838682837
-1127248536
-16488044
-1840516879
-338031577
778413521
-981828199
1372154755
-2076293144
-1768620537
-86924867
233336576
-563033467
-1334133797
-1710314303
1447369209
-1120882338
1257938929
1105584158
1314220897
651369549
758199530
-1125952932
-745144241
-1048702437
2008501445
1577003683
1520331265
-37177291
785739906
838959506
-837394397
-1627729506
-359913976
-2013070514
-1705684143
-1789871833
-1740623800
-2104201506
889856986
-481801506
86519201
1089023670
-505347897
1850634435
1921726598
-1861957999
2147070747
476858049
-2085196195
-358202749
-1604265637
-1492252196
1401520298
-340241586
-1746741424
-1242741082
-1160203156
-2085690381
1186430474
2009791223
-1142623289
279966860
-890130392
1346215644
2014369250
-1594962343
-1618049449
-845002545
100909330
1635640599
-306989032
-545300184
1306168119
-1555236456
946162885
-677734189
-1055441818
1011765648
2029443285
-1242884285
989321160
-283699028
737987422
1688998822
-1644802367
-872661272
1741066203
493047130
1253179987
-1662097375
-1766684625
619845535
1705342661
-1502822167
-717675799
1258220684
34676095
-1257255782
-1113812535
997243719
-877766344
1034584237
-570497917
1184130416
743186514
-2028912308
2037943234
286793693
1353245060
2105250596
367364207
-678450548
-554463559
426677888
-960509134
82809813
-745016777
-1402232941
-171866056
-1482884385
1553510915
-41975788
1953661751
1754432852
-486824572
-863742448
40867758
-1829602216
-755801754
229700603
-882114191
862536886
1488657857
1160656391
299903332
-1925011876
-808953223
-1122248520
-1336804730
-95971575
1313334759
-1795971912
-10550479
-1717470140
-1374541384
-1462565913
846259871
73078927
10281493
656430006
1418257072
317102044
724476676
209881269
-1307087383
-913084608
-839200755
779548521
-392089152
-380238874
-904730080
-1791338909
-918362858
-1041347259
293885878
-1820897907
1010420484
-1986402667
-1463284939
-830593338
-374416935
810632062
1125886872
-1712426063
1667157603
-665388014
-223206577
250920138
865709934
2128307197
1814280547
-557085255
-1531411063
216391931
677648605
1531998954
1624263439
-707218295
-1274615192
-1267549091
-1873455003
1023093983
201450549
793450938
-1076703104
-775851748
-2119863266
-1324850264
890098089
440949955
527656973
2110727774
589590148
-1611719066
1896691871
2003747193
1203024717
-1168142944
1206508035
-2102906608
1494760293
1425108039
656226088
1626330117
-2088428787
1080297186
1484372759
827638685
950870384
44886105
-554267492
-1295151021
1199617766
-414083861
-70557652
634615784
-1874142346
-273842077
1734149122
2016569534
2024802717
988066702
-1289483638
-41589146
1265762637
1414976743
677984003
-298048649
-42549448
1148029076
1732874335
-411048799
-189717427
769416085
-1272037779
-1390739199
-1167191678
269987386
1443009849
216503222
1366358996
170611158
1463087794
1585394355
-713606005
913362353
-46837107
724483798
896115138
724598594
401521769
-556883654
670565158
87558557
48689204
1532037576
-741155074
52676650
-1769868084
467469076
896746346
2042640535
-6460183
-1972998298
-996046865
-691826673
1217517113
-517979371
-1343251662
2121199531
2129008332
-1725460453
-1402738429
1168763944
-1629225806
110835430
-1881269091
-1004380966
-2147314718
1899843692
-175160533
-1809472031
-1123715492
620275073
158536334
529002905
1056864914
-1602893972
1380997213
-717157034
-1924045820
110140855
899863853
-1985094319
347044393
859340102
-835647471
2128649180
637217173
-1974330198
422882916
-1034332195
-899542185
-1730938442
254081989
-2061277575
-1510068573
-1832188845
-794964382
434879503
-734732112
1434362512
97477497
-714121113
-350933277
-389520899
194400284
400585259
-2090569939
656730680
-1256996300
-321688171
-1004856656
-1370946360
-1348842041
-1976718743
1745462952
190762537
-381433219
1353270566
-1921546360
465331239
1825113439
152168311
-938687901
1176937839
-1350808862
-475978769
2004398221
-959981982
1288965412
572020982
1196349826
573259564
503523957
1822510845
280823557
-1626597611
-940533736
744359416
-1689520244
-1529392874
-2034731703
673408525
286151387
581246383
-1208169854
1063372681
1790428398
-647481865
2095872249
-403077613
-883924197
157172724
-1773461907
-454487261
1205256056
-1481769940
808251682
413481908
526732921
-892027780
-859449302
-440167113
177603293
1682883623
2111521765
-22395445
1059668939
-251504335
-2023978294
7838635
-1381785288
1772580590
-1013068186
-1584977945
468183691
501916117
1592634532
1881231447
940149634
295935129
-318881457
624790732
-605203626
140786298
1797143509
-384908409
722274845
1512504023
1858538829
-963348242
1242855535
2033752584
-992906565
400737916
1649722700
1457644394
-487465070
1233014009
-881504708
2132021434
1194495097
-1085762069
1385651640
1420511910
-1069994414
1816959051
160719816
-1526718815
1770166647
1199723644
424973549
1002044918
949933382
-576996488
699798336
-194897376
1612473311
-228829876
-564460070
1331114583
-1569078740
1176525510
473383542
-256366994
1331717153
-313575829
-1642304171
-488348964
-270749372
851484846
1225634657
-2003928553
1065010543
718981983
-1844280683
-45187288
-1603798571
245583969
-1596857189
744945019
-1405781438
1130616736
313941942
759720439
1238919846
-400644031
-470515230
-645068466
4743379
-1658939110
-53708232
31901589
1273312901
1857098851
-1006541673
-334500586
131692451
-1043324242
1510419328
-1267262363
-2076249916
1936568596
1561470018
-128113232
1780425204
410027696
1262602582
-1850983589
-540960330
948346193
1741829900
-1036690484
-2041152435
804770154
-120172954
-1720056702
1982577463
132062541
1857462851
-1544191380
-1535131399
1742721944
-1680895297
-1640336520
1978438946
-607154961
1129003737
1584287081
1184021641
170179819
-1996876713
-453640723
-2049222184
1619337809
-357075482
1455683566
-1961012658
-640776570
-2062200956
-370589144
1793686207
933724226
987547938
-1123001605
-25292576
-1337119356
-1884838012
1973552514
-1339947839
858659013
1806736236
-205433885
-332605799
53591408
-1070145802
-1605532952
-947385143
797925264
-223099579
-722634034
1036224027
319695563
-941154209
-1173223075
-1700385718
1353960590
413770069
538519864
968411846
327548297
667063975
1351477878
-907997769
-1470714274
-604984091
1881526384
-70334
-740701292
841717145
-1294616356
-371259124
-1212232495
-601966492
-1771724774
1996011516
1316455240
2084262502
1720440525
-426323900
-772220049
1036167139
487423150
2004249504
223970805
2047814691
-102017892
1406610400
519945203
-1351761000
8340982
1789707172
-2143382943
-1622768570
2145394477
-614873242
-479293237
-77162401
1680240020
962071230
956596035
-2093799635
-863601030
682823136
-1143955559
-609785804
618716538
1602043752
-2119186999
914244759
967566352
-1414457767
-1384971340
403319482
-1339150737
880494691
-420881389
776206376
1412106642
1241227364
1248342184
1355029943
1956589201
-77711056
553672629
-421043734
1413308213
-1593368427
-1455602511
965928342
-1790986290
463906457
1018105913
-1490989369
-1407464893
-911418107
-1671877820
1950170595
1190450793
-151581914
71211419
-1710526192
1233695640
-1493558830
1747816327
-1421264429
1678327676
744045481
1891774155
-852875015
1612539432
-1442294372
849583828
134878393
1331828592
-1106383949
1518203950
2109136154
-1284194953
-1661954550
-1989240006
-1587047790
907413638
2065187356
-1228916194
-2035490065
1636639775
1999356995
-1473364484
184610938
459319633
1106738559
1891075941
-1352992935
519823950
1978800502
-1702172144
-1098029771
-533974214
775989435
1376744390
276514588
-1345602491
-1284793518
-239751520
-1281609305
-1532262149
-2029363341
2136887925
-1005320353
690020570
1069787278
-2013914739
471220572
2008976676
1348248207
-1012028263
-1700618705
821831671
1332843874
-1204823577
-433890559
1159383194
-1240023879
1168608209
-1638704389
45588761
1783126028
-2104872330
1448403176
1483890963
587020001
1211274412
-1018708199
2014736849
-1491122867
1386429492
-952622711
-1726783589
-1159603014
1200025903
1110267456
-1207827386
-400171799
2130245841
1571960827
-692500719
454545722
453380948
-1062789364
1968080306
-1137400277
611464494
1271364735
495647402
-1197100258
-1017178235
-1723104386
-652167967
28122206
-1271841822
229672182
209646702
-270020253
868904741
1262018937
1305411765
-1480938667
1696225208
-413223578
-1767912522
-577474610
-1268401401
1468179270
1616377508
-217662492
-1112005073
-892182407
1827343285
1700010854
1929047541
-1728518127
-674758344
2066862180
-1771587079
-1176209411
-1950066197
1583353588
1992036138
1896660073
-215452018
-1365003981
1190563196
-1469723291
204926131
-1160206454
1925043416
-86842684
2010248920
176466226
773604692
-575282618
1719620023
-1564088071
-499446108
-748213255
-616817957
1559351877
1685734095
-684504869
-929594250
-403434919
1894440997
-315465788
1554281073
1472098775
940246639
-1222142846
12539077
-333561211
-252458136
1372894533
1411830537
1918133587
2843244
1578162749
-1053090485
253308060
121998191
-1397302399
1445000738
-1719296340
-173572816
1718272306
-1346188797
-17834878
1180941997
-159149600
184248275
1952493782
-42621991
1566122795
-933548354
-802911396
-1494523509
-1609838419
-994982586
358247498
-1073156934
-1126810345
412331422
-1735949288
744298727
693600665
-323728583
-950105210
-94000678
1581674375
-1117639267
1666586595
200690832
669304889
1576842364
1184460683
-1318999181
1452511026
1528258820
-1181506896
-626847285
1566038659
-1603245963
487386205
-759541132
1865532785
-64660492
-1513185352
508749265
-1508021931
-1008076385
188884359
-622169344
-1179647805
1622309600
247713268
507131982
901880046
1250161670
1571453588
1240073965
230028619
1311938833
-2137955163
-188037660
-855799437
721353676
-813595753
205631558
-1684951731
1535153953
7100365
-1251163482
1404923756
1969044392
608312740
-2128868407
532064693
187838848
1393142963
-280832867
-2019476412
-1928518814
-251623596
1899942762
-1378839921
-1021303053
841866851
-175972793
1035589324
1027438168
658214213
504746190
2085320592
1432137487
1242845740
489527571
210035640
624208381
-755579240
-1959157807
-1821138804
1544700098
2074139680
-1892745242
292101664
465933396
640672114
1209811201
-980488707
-1627084597
-863153257
1697745305
-348831743
842754681
1543569275
1254456352
-544093821
380530749
-1559939156
-2035403912
-245138758
-262729960
906109538
-540470619
-1806588322
-432762112
1717658558
587422660
639860623
1010282740
-692344746
1323352636
1045893622
-760576432
1660277745
-1264817102
1600985130
575191394
-2076452722
-1764485310
917591124
1398837052
-618432085
812930155
-1449308395
1519323851
1847689155
-1902637238
695050406
1412852008
-2078269417
1685902474
-195024831
-101740754
-357720911
-858748006
-2104240705
673987659
1227251877
-1900767327
-1326913151
927536795
-1095885670
-232942674
-926232940
-139729870
335521672
-436855244
649786128
-1921284679
-330061886
1440638900
2097562304
725911099
-2045097929
617183419
-360372217
-860466111
893681140
-1605082353
-522176767
-254642149
27107820
633524773
282191592
-559391872
-193043717
-1873826091
-679477832
-28477863
506352680
1211615824
1821217302
443217113
886676266
97502289
-282015891
582429392
-1454079187
-1554669422
1738909786
105015361
-247531563
1849802625
-2079734967
182715185
-1632228222
81931827
-901616288
1317907137
1004729302
-632913512
-699805797
-585607297
412584819
1479651568
324870711
-1971360520
-1575493623
1479189374
-515327404
-206315375
357797263
1494967674
-608907819
544897430
-2104942641
-1451607989
-1172303478
207978131
314464040
1710682613
442733969
1026253794
871462287
224026575
1064141817
-1230942331
-324806698
-622026630
144090535
1505330741
-895590608
-1533892338
-305081987
-1454172741
534015732
-1608357483
-802510408
1051283581
55739041
-412072772
-1090040935
-318312869
-1888378846
2073022151
657380679
-901126469
1515792978
-1058207803
331802099
1963087842
778885057
1182958853
2022734909
46665605
-1646472776
633617864
-893724971
-687372129
2070560634
1579020087
1081162597
624980613
1523761612
1767852950
-784087122
1321014583
-1854299464
-2057344838
-789991183
1953179384
1544404365
633610680
-1394764401
519300895
-1403559127
-160342049
-902118157
-2101702097
323599993
1190100711
-1236491857
-1337621723
1663532353
-1873330071
800031205
-1794664943
742572312
-1387986286
32813544
-2117820440
-1998807882
-449040877
682720546
-2077945961
-1171742350
-436269221
989552951
498732123
-1782759163
1827573512
735170410
888448335
1744963475
-1412924006
152576063
-911743418
-1179061780
1179805289
-2016895646
1473701339
-724540402
1021976024
-214710841
-1777524539
998212590
-1043038517
-55758831
-1584351633
-863568777
397806422
322547511
-945595705
-1802736430
1713923254
1575525733
419434838
1596393448
1494929028
1505521951
1360070032
-828889052
1071329575
61145260
1715082348
-275588227
-863481974
-1840244815
961141559
52538291
327492622
683361051
1223450533
870983384
-1215260478
-742656190
1477944617
-2113803247
2040794833
811693131
2098971526
-914276195
-1896978117
-1989800755
-947563868
272331030
40406728
891007670
1587167143
1858437879
232494904
-845549968
-970563779
-461899170
1056970686
816948287
-1932635849
765507602
-1679736145
1586318316
-1955296933
-2098842682
-182071690
-2094367065
-1448767113
-1053976930
-2004101173
306446121
-1128408903
1583970803
-788253916
-1659789287
265069630
1238322771
1739383147
1337306288
-966986520
827174603
-1598972944
394639263
92698227
-218225561
-1005278304
-1109986257
1513475018
1408310777
-2083422345
-1831567958
-2101556073
-2040848359
1911404083
191377657
-1179613160
-199855763
-2128310455
1252326542
438575417
131909418
86243100
1823197827
1051514846
-204425766
-1559125396
1827825923
-158542977
1596385887
1401023756
778441960
-869825798
1664839479
326201303
-413562203
649831843
-1033928191
1970110948
-2016886426
1821135264
-59720385
-1373169416
-1938115467
-1553757324
252877404
1802419516
-1490297121
1760445144
-982544399
693077039
695356759
-1810183983
2113359939
1776961245
-810128807
-1851780354
-1840112
1091667793
1638525074
1499815986
648535434
-809911993
1079537534
1172771394
-620544093
1280893478
-310120877
-886124257
-1734429301
-141835220
-2034714339
96619302
-269564298
1057360106
648270890
-330488138
1728754082
1731600115
-755494489
-33556221
1833827992
1700576976
-1563105910
216487465
-447984207
1533233974
-613674061
203116164
-82629413
331055226
-53371827
-153555650
2049832093
1363552068
-508327302
748457000
-878972584
484818562
-798127825
1215107277
-534160178
-79867744
1959158363
603285188
60812264
543877109
1575210062
-1828009146
1632367795
9459328
-1646057128
1997782527
-1633718101
-1443609389
1045175729
749513512
-1651744964
61914190
1081876376
1982112469
969165957
-1450991472
293103037
-465718901
-1297940386
-1381446613
-1752836125
826387989
-1150903908
65848470
331146689
-231370601
-1397253741
-392021657
-456562647
-1409112349
-1582849060
-636239167
409268332
-1878115829
-9046441
112104202
-1726207493
-1976731338
-556475021
-1397092383
2077635153
-1704149577
1734060204
1295746639
1990134544
-1124172709
-1903893675
-1310429636
1050970730
-2095613950
-78588521
1088221475
1885826498
1841498480
2057343417
-2010929143
-1592233326
-1592553372
1725829536
408339626
1429445007
2143314410
1539975321
-213247499
1156184074
-1635530771
1032932694
-250562629
-1525892200
-2002721264
-53182410
1968704930
288506869
1562548157
409194953
-1168258721
1274574629
199334781
-314815085
1705567268
-757746725
728866698
-1238151922
1346474838
1578894878
452592546
987068149
-1616179070
-639073750
-1913101283
-1465913665
-375559023
1542646164
959988289
-1088522135
28107323
-1563427152
824991189
786535544
-789619783
-142923210
-2020895757
-387196866
-1148706882
-266184925
-774088926
-1067055525
1510791591
-847697700
-910748509
-1889686650
-600411920
-1735987303
188291851
1900692365
713253866
137690880
-878258671
1196501658
-1533503062
-1306965232
47543209
-889135433
898162500
1800630080
182535761
-390048365
-453344199
-1290763289
-600344407
-340301178
1067829805
-626235938
1297016393
1841408210
303963101
-1783802781
-1227543090
-1085475285
1501773647
138479936
-70102986
421126520
-841550006
196128555
-1164545683
-320103973
-2071541752
-1749853584
-1402302937
-560868882
1451283241
1406986189
1614166768
-1533602992
-1624899861
-1344182884
1155121281
1535264351
-1344611176
1380150071
-1273157292
-800951738
-904134081
-1517944169
-2079714183
1246230841
1595001766
576784446
-879795798
1279186175
-1293240706
604054871
-1918170467
1066506160
1124257240
2018166810
88587673
-1290455872
-1823352616
-72761739
1220611404
-1397107141
1761689767
-865249560
-136689190
-115522991
1084613038
-2025116752
-14592199
-1767926507
-1112982528
2074147879
561517755
-1939647871
1496364823
1823488106
-1324078612
749606077
545844418
-1147919556
-2047980387
-307275104
2030448478
1448980009
-40414144
1879521910
-1330987197
-2117176338
1761259126
-1078002428
1660314497
652113175
1425737958
1728177352
524966348
1104050922
1011827792
436512132
898093492
272843907
1758659809
-311537667
1967023896
-1258036672
-1444973624
-2072136192
388190172
-323493026
1903560201
240290469
-18796327
-1247266332
1548770448
1651622615
1071369749
793770175
-293236344
-133105133
25299507
-1816637394
-928610579
-1171464337
-360978131
-965907360
-46658977
137031389
1957268031
831527514
-980753863
939981488
-2117907162
1398953758
1012864994
538003807
951752330
-1544868599
767628130
55200649
1375594423
758154108
2070174776
1890922041
733625747
122406078
615060330
2076888426
576645836
-1098351071
515275484
785042125
206070096
-1156948382
-723116571
1061211337
1556717314
-244697515
962621215
770714050
1376989610
948953025
-1434128514
-440892515
-705558996
-2062995832
-658165085
891950980
38762236
1266438155
456873074
-1129789978
-620802607
1557544140
-457591839
-76998975
234859672
-2051268524
144377619
1753398819
-451276373
298900310
1131879588
520643821
-149689534
1758331923
-1454252474
-1127433766
915435049
1367476480
-1507891060
393809599
1353491379
-474261081
-1345238011
1259996691
-1334189330
-532497974
2144226189
344659122
772417815
1938105037
368520158
561109981
1661273424
1722799957
779118701
-83452027
-1158476913
1778879787
-1903042189
-252224312
-1244069159
-1938960026
1239078729
847725755
127615664
-1651111223
517588728
1575264106
-1993018422
1151188585
1658649616
-993305828
-1990842365
164756115
-885396552
-1976906789
1538719123
-1700394004
960933126
1659461426
-258129533
-1199709992
-1811799407
71911480
1408583004
-1070547169
-1793283773
1092446157
-1137320926
-1622200370
937189491
606991651
139637376
-1753135781
2088066866
1579199104
1618966084
-33513461
1394567908
-2010088895
45711628
2005128344
1958216466
-1220734943
-248186303
774314253
2086196863
-730160453
1227203653
1899518965
-617089672
512678221
-81082137
-997512780
-274180752
258984382
-1490487009
-262470604
644250059
-450473247
-1563192329
1510543555
868636154
-169519365
265504966
728514618
236240071
1325111938
731252900
1345934690
-456134415
1782467367
849877785
2038066580
780151547
-756649194
-1019393513
1818488735
2050107456
-1313088388
1233934634
1313801453
-1222437045
2097949001
-871482387
830472424
1850635621
-1953160394
953532351
1340168857
461615470
1718978569
-414475081
2017598610
-1481463824
1302844952
1441145300
-1305415922
-1988408207
415161611
-1322061703
-495247274
1694372872
450107108
-1946387689
-924233883
498070834
-518779580
1992047403
1833540814
902697189
-145404186
572904043
-2005826083
1815763173
-1981105808
749112123
-1814049283
-1135884457
-139846806
410512485
-2109138343
-122553453
-1356041586
-1768205303
719332292
204820542
115165761
-302002734
-1026252067
-1508262250
-456982943
-596469654
1519540846
2105287439
-918428095
-1542582737
-654580716
-60377313
867740657
-1025383130
-462216411
-1311583146
-252423230
-20252112
976978381
1587238064
106870792
1545608058
786455674
1573135406
-239960799
1446807098
671891321
-240068702
2016133558
1279789975
1742985953
523066570
1641877312
-970452760
901894319
29956001
574901966
-1400643807
1851703602
1278607600
2125710852
779744649
-1874642519
677550634
-371236762
793465776
387410218
790547065
975096022
1092415136
859750340
1401485588
167319387
1732166994
-781460504
-1803421485
-258533597
-848607133
1237019140
322672900
-1912248118
-110556921
-1515529616
-354488449
1711277276
-1801198787
304746893
1065660407
-1214979432
317855556
89486891
1938498707
-259799305
906823245
-1067974101
519740348
1427996652
-1316190607
-339003035
778198840
-926609428
749666789
31795915
-1297774473
-463893072
757585259
1545789390
986727981
1324858424
1808835083
-65020416
-1316788448
1995349779
-122583550
1597087482
1645035074
-1263366435
-492867333
-731372929
186921986
-1269919223
-1091631236
1124269793
1604884702
-477364768
313379234
377263011
2115538236
304073
-675647215
54739551
1186599546
-1462497590
-265242075
-1772957206
-332621501
-1075800754
-1859384211
1885233077
324313380
654132008
1982314072
-1117944971
-1683407522
-105783336
-277172176
-514488058
286561021
1300665611
-1277683128
-1922964340
-2112510935
75823464
1436346993
-91405093
1088617659
-1602714743
-1673102158
88008728
171119635
-711677625
-722121
1511397024
1363703848
-389599430
-1952984695
-28841944
-2077420064
-2057212801
1502715647
-936265948
233386657
2133558971
1233411188
185919085
-1808274649
94431840
-70407879
-518595299
1678003095
-1018854609
1262908237
1525308605
-2129177388
-1527285507
-1755812149
188061090
990937873
-115772231
447680675
656055699
960997800
-374492756
485556364
-209834833
1775253545
926572291
323630649
-1174223731
1120091316
-2133584502
996029898
-1217616476
24557451
1211327930
431824773
-1316669715
-1902242846
2072429045
-1351776571
1524286406
28891641
1644316943
-1933032398
-1188842471
1458695788
-666684144
-234703055
635085501
1239610057
1588916791
1922509470
-1709509092
-1026253981
1652695618
-2021502792
219930389
1145966181
-1317269524
-800585124
706863650
156409897
1191663287
-1826558602
1436372669
1523482826
-1413168405
752172724
1403930879
833105655
1469689310
1474384507
984435082
-1141521398
-970237324
2076870942
752957353
1546808664
-585820695
4938317
2071626165
1514251978
-1990647603
259007435
-730015814
-1261237588
50898000
1562750819
1538747481
1469237956
1662990271
-1118460900
-1769611281
-859822426
1548925518
1253856939
-787334666
1082422086
744523031
325496104
-1401776981
519735246
-1133692574
327027205
1300455153
-1803574350
1687990055
1458795067
-955688843
-270261760
-1520711728
1979343557
-726356975
413371900
808331586
173476177
1917897845
-1917784852
-697424610
-343223243
-788334844
1558008111
-158511037
-517632609
1311998203
883690132
474517143
1815115280
1792824024
-1412888600
371889927
1577849355
146355705
2139831760
1592013771
863018761
-75704190
1463166681
-2085502226
-791911505
16231300
1498067149
242858765
-113619134
-1840513189
-194434232
1388853342
234789978
2082275926
-615838838
2089276916
-1457624363
1784448413
-1535862387
379082560
92439822
1614130255
1605098073
1650976218
-513489841
-1680807702
-163361897
-1061427327
1338689667
2056252656
1427915876
-752701344
1791489839
1260809926
1227755368
626496914
-445909597
1910434270
245109286
444015592
1759646316
380157208
-667511404
-1820754199
2006536716
-1501607067
-555285522
-1757074406
982782700
-2003828051
-1086214202
17616510
1266252945
1837067506
1283749984
1942918752
-520999410
-494161995
1558896444
569665871
226287545
1162681752
280322803
981468777
1249831969
-1380204988
1825256262
1646176988
-853543873
-584388468
-524643725
-1439434071
264180458
408586962
390952907
581185963
885216144
181345705
-1238546560
-652091176
91250723
1352219836
-43404349
-901530683
478386768
332263917
1751390990
-1444201873
-2014505994
-1167016255
-136185922
835523383
-902096171
45207546
-300010268
-763834066
-1970910330
342443909
-623215525
-1253242221
-1944625238
434290838
-1947282915
949615513
1155476326
1570402833
266801362
-1156806292
-563315186
-658533589
-1994187863
882372982
-812459489
-1788484015
1105713515
-776689443
-122668941
1904905800
-1038332723
1580150864
548358831
1001296276
-1487970811
-1624645629
1892086015
17543198
-1806161505
-459214857
-1613834491
-829526256
-1330911088
-1175437186
-1626575858
1393196803
765576587
382641918
-119887226
1624039516
42873747
791331572
-1866308946
-2130613773
1025808849
-1399742660
-339739509
-896035340
-1423480665
-410541169
-1580276447
1118615818
1650191364
-1765762484
-1767761183
-465565767
1966632697
1437322874
1240763743
1515654667
2065204364
-1751808500
525550663
-1325433490
321685964
-655401881
1156481425
554005724
521581861
-1452981982
-1340189965
1577297724
-1636219147
125640460
1722007
-656079864
752791390
1172008818
1932211982
-2142910929
-1868710563
-1557709407
597254787
379325755
1223240475
-198418775
-1761066701
166618294
-329573501
1417863524
538234652
1147198922
-1790812908
552532662
1847737588
105357095
-956267017
1746727445
-443794340
-67629271
-1255850668
647025227
1781881685
1233124408
-1025227296
-1311120774
1255875314
-1224972430
1699290554
-1718211744
201387343
-406858361
1432635255
1792183516
954050241
521292261
-1898213253
1612195761
-557322674
1968394260
-469243766
1447042952
1600080223
434681698
-1067409762
-667748037
1047027380
-940907326
-576907526
-1169614512
356347031
-2027299088
1693666942
1431709379
-166498732
791967961
-177553603
-1044294137
141010151
-2000863686
-408913332
-2002198449
-1125091593
-514914681
-1882027300
-1406194935
-1918379005
402477581
768997003
-51092566
892651226
-1512385190
1090252534
-911764560
-1285799088
-1664952612
2032142482
-1429835548
1501182766
-1599585593
-144536900
-1605145120
-1249044886
895981884
-844157682
-843198768
861842071
2068257447
224515571
-1045444996
352857502
1629673064
1885351549
-1875714171
1303781294
318275509
102244213
-975489554
1584160881
-933155650
-331314253
-693222178
-1814436993
1053123601
725277616
-1685959517
-1588676585
-252044225
1422470745
1893700858
920541196
935039424
-1699331291
-616755315
-1293716996
-966453485
659124585
973479612
-1061575992
-1416412375
-1808645910
359629983
-1697328577
5251587
1128036275
1056816715
-1264244964
-2009117799
-2707159
570380117
-198064590
-1673919235
-293416356
-731790957
-79441691
489279424
954789791
1366318377
-1617013028
-789443692
-1078298790
-1552425789
-531157260
1159695922
538752542
-12934625
-550507657
488592766
-1775302663
416624334
-1760731763
-366233624
1521634059
1835722042
-677422094
1412544276
2082236249
1273976298
288473320
1525045436
1824260064
31497476
2109395823
-681694763
1832755437
1795920915
1959432116
-1762177040
237305771
-172303350
708936390
2055785699
-2132664579
-214039671
-1561514609
-288368472
-1286378099
1204178270
1771250433
-281119356
-469552859
-2140480691
299062671
282894955
-1015033027
1258176788
534595550
-232796254
1695802068
-847526999
-1283779396
-458065498
1612439427
2054342853
-978288048
-513798580
277160398
-1858389339
-1050962797
1660387369
-236817219
1411769359
1411863294
-717673421
-2110245717
1082656914
217625989
-284494424
-378861731
-592331502
1929964739
-847791058
492405077
1657980035
-463505035
-1783787461
1113214056
365556980
-1634613460
159402422
1365091214
303524047
-1328202178
-97753890
1636448248
568983646
1170997501
712001898
1880806248
1942288273
893634603
-1445961742
-675066948
130192382
1436652204
1362925965
1580768202
1950691112
-1188291459
60050874
1809921395
137896195
1074942181
82809475
-1804607246
-753512777
2083138537
-530353441
-1870873227
1107583396
1379385092
1332258648
2102736622
-1716983130
-2058138345
-1369262867
309658922
-296946279
385921438
692033080
950503457
1802752287
1090094884
-1073327405
1592923536
-641659232
-1748057864
-5429000
844958661
-1175454062
1721609249
636890471
951762361
-569365254
-2023781490
-644119156
-924283805
-881941967
1343898513
-1996316704
368558410
130804715
-961820530
1665142415
1936784988
-1342492043
1112622319
531359834
-1463920898
-989405635
1051077210
-236923970
1979016804
-1279553129
652648998
150872149
1174140705
-247301443
-1123806966
1671926397
915869697
-1702870504
-573464041
214156599
-140674538
-746710851
1568279784
-1717287344
-1266412528
-193549511
-1664152809
-11480891
134973138
729349265
202780914
744573283
1983655745
674196867
-906093203
-848797266
-1101639330
997815314
-660458149
-441776893
-2111182698
1651164993
1580359128
-2097220608
-743790248
1412104990
641165834
2087531043
-1714812952
2019363073
583282696
1977297329
-471181198
-932863979
1030650137
164080088
-52732830
-312665577
233455905
458695447
-1132343054
1458569310
1792342359
-1329805859
1867567876
-1188098790
-1746550213
-154900624
-170578895
143586528
-1634545465
-65318640
436198689
542950501
579564260
2083806555
-1260488420
955504265
1969841951
-2004482061
591734497
-330389865
1945336732
-1180216483
-875078986
22807243
-1367955382
-1430607572
-1978032704
-1793694956
-732293033
384047198
-1308100972
-2081200102
1415960294
-461728251
-481179891
2065548929
-1770319105
-2105924567
-199937185
-1488182673
1274556103
615973612
369190508
590061387
-1326314000
-256880657
-815249578
-1451415608
-1928374414
31635444
423457877
-2089766367
-1771463046
660741829
-1534486839
-1833302875
111388323
1468752211
45507730
-728842634
-1448921245
1879938593
-846667105
-143284083
290468551
-224628766
1793375429
97227520
-2120096926
-275536287
785172177
-1436401017
1600042370
1106086304
1220672224
-404606404
-1316892763
292365124
-1981576979
-153080415
-1937949141
1392413231
-330839126
1579419367
-288971188
-1437184914
858732180
-1129452179
-897076149
-1123871914
-1406168767
1776035974
1076541675
884139497
1283920892
1307261567
-1408292318
2124393853
816593299
-1339641889
1446574860
-819142497
271080046
1086398192
-1198981342
1023047732
35153123
783162238
1312541867
1951372001
143673033
2118197982
1229967986
-989762900
668130378
805356593
-414542664
941719779
1259960317
-1202878230
702563692
705176636
818108468
879780237
-1602212967
922662205
-327770735
412916408
-1728344545
1595886813
-197028129
1890426470
1319376293
1194699115
-278628834
1797850482
-1818633779
-1295546961
-1218919713
-1215185574
1993379242
1831386702
-550691374
1050756678
-975798418
652339570
664873373
549997896
585064295
-2013903702
550939886
1973954275
