591273080
595094160
-90836894
1212920708
-404098749
-1653229930
1676005283
153561115
1072392172
-623462793
-1331234469
401130672
724239700
545297917
304362018
807066819
-1712793746
-50058846
-1457375245
-1860244620
807545653
827694968
1865608006
1139673344
-1345835552
-1294738867
-320244386
-1221806965
757263700
-288892151
1341784031
1040905759
1182755802
656858203
31773091
1584798964
2130623250
-1612184428
-1451891507
-944661007
793203238
-35073582
-1268823523
130078322
1295586113
-1435917216
-473567867
1818474315
1490531394
-354546851
1945997308
-133915635
-1079607635
711112603
-30799213
-2078944633
-336880927
1524971720
524889797
1698797199
1509972624
1713891539
-729163758
-2101901822
-2043201942
344893832
-1106640178
1829687560
1496806171
793204861
-1872823243
-1159419236
574202232
-1356128975
-1209532477
-1378697909
-577802764
-1612450447
-266545726
-909006789
-577473704
-1045158915
-1978710236
-942159762
1137509554
-1980537492
-1720747374
-758853048
-1697439090
-1255141556
-607088956
-1079050418
1325469539
1545633164
468452883
1756288048
1858877264
947089950
393729868
932365065
-1413849336
911493848
-1559480378
-2068566556
-452571639
1835151771
1507029685
-1178890878
-458725357
1713875638
-1752211007
817479769
1774905816
168961420
-1608164654
-640104992
402177263
-1983941773
-1717917907
-1656329719
-1815013618
-764327713
-1720133692
-937450225
-1678157704
634727615
1311935177
843821937
-1700143692
22116902
1704359555
211954237
1221179519
-1846650834
1944571237
-894989423
39355394
1912327192
-653242532
-2048909474
1277478983
-1140569672
-1814979480
-1301212049
1740677353
-1649580529
-1826579346
1908682153
1133353739
1797165113
1831800907
811761556
1691614859
-895486839
1330946092
1014956569
-664209802
1453452786
-347473124
1525807757
-1230353219
478128552
1648221150
217219566
1087221033
-1638539002
242550524
-1175737493
720151436
-1871655502
1034130975
-1969287383
-686438088
-312296450
-1304484703
-1113670332
1564399029
1359404945
770617696
625270035
1903855277
-657830330
-2076816939
1693416624
-124742869
953107795
1070191204
984306870
1111825924
-669180755
-808222731
-2082438068
58743700
-867070805
1647302338
-750745246
-799121747
-1922160151
-43367822
-60491462
-1170587443
1856453486
1717738343
1384299818
122100110
-272150767
-1019925165
-477243489
-1686341278
369963032
1954812689
1684403557
1958959998
1369449505
282721202
-43757788
-1716796650
1343263301
-389305131
-1524130003
-1983744053
723089529
-1359030725
839069558
-735996575
-147238088
1385302681
-45988893
458089141
100621150
1707798960
-1631492921
-669113363
-1772863913
2074937242
1869827497
1871240177
-405556104
1047297383
-1367374774
738734361
398367148
-204075288
587520998
-636819162
476277842
486400458
879388858
-756764554
156587622
-1726692891
-926046266
1243553907
1369973982
-2124132650
-591077676
-1993328308
1877594454
-77074742
362346680
884097768
-1946648082
-1224631651
1737122264
-1216067306
-547478669
1193727779
-253187858
-218519800
-1748434500
475230148
150792204
2058507777
1321927254
-1764440499
591608288
102560589
1149199715
1960430597
-59785415
-1405177486
-363777858
710998015
-1015023415
-1351833436
-501569181
1759432366
-840861396
-1989854595
-159875314
118279870
1589850920
-202408723
833719841
1878644513
523692086
1913774190
-1287758902
-260941209
-618890431
1901102460
923381860
1684534098
-1238815827
1014428996
255194142
-2140852567
1626930330
1635266971
533279194
-426533300
1882770537
-987017167
-446962601
1621592456
735830142
-916843258
-1023086191
-1989816660
1379395911
-1225113572
1920956519
1320012252
-15809923
381780589
304960638
2033866020
1228764074
13585951
-1453097883
-1628817968
524039402
1613166069
849059321
-258897158
1528003573
325570568
251174155
1784353123
505828700
282611639
-582887361
1457082502
-193819118
-877376804
-766289866
1851065578
2045473069
184409664
272583919
1458002871
-1147396626
-502028976
-432046742
-339487860
227195390
809908496
341544334
-1812015473
-836369414
-774755761
-57459124
-2141494844
-1801778639
-784143589
1453984771
-444904030
-1727460948
1872124791
1705234213
158534627
275102062
-1161826997
-1663548645
712699547
-1975220740
-794455141
8230758
495275148
-1328053985
2006970619
-1461162234
-668854600
-1280767513
-1205175998
-1698565602
-1903316170
-429837
-452494723
2002441688
1582444873
379329776
2061975846
1498185350
-1262540114
1927541598
1709230998
-519593975
1609426484
-1192818278
754827447
84017270
-162754670
794681880
-637362691
-1876213514
-2063296396
-756893201
-122204010
1634390253
507352791
-912676198
-58479137
-429428899
1585394838
1603445756
-1334411494
83549836
-1719008189
-104693084
-200993698
-1480938011
1814581050
394315346
154964686
-2060894693
-1628098317
-850678598
-1359121907
-55549036
-685141096
1735177351
1852628209
716786436
-1687952937
-1540109150
491710838
-1538554793
-598179336
1142928307
179821556
-858302509
-106533327
1588480999
2008148372
-59913859
854359609
-721950988
1968713216
-471142724
-2114898406
2078592601
-1933653927
-574784964
-176673205
-822309910
1846236014
1598071317
444426493
-1899841909
2057317673
642499627
-1270863691
42813243
896549196
1257073879
-1475601382
1509734996
1404586845
880649158
1632170768
234782992
1521861599
-577920223
709210372
415663951
-339546942
-2114364178
-1212788599
1605685654
1254273307
398553781
-181433308
-169314470
1916685335
77235046
-1722425245
-1299088001
-2008945875
-1182207111
372382515
1999066395
-1910194286
-105999529
-1636889485
-138280322
926692082
-203307016
-2006373436
-1355796362
1715549020
1174149580
-1120778334
826586062
-1842754947
-414691873
-650604104
1551516440
1621652496
-1554617033
2137103471
414475948
-240785515
-1308729728
1130307015
-1211046672
1797343552
1790965227
-1240691862
-1909641512
1261303348
-1959157934
335668222
-1720217424
1300586480
-396556641
-59164230
-1285805287
1855367945
714826350
1651102267
-937822128
-563804903
-860273423
-1533743208
1191993782
-719264265
-2053892332
-1066559821
-1191564916
-243814360
2099356129
-662313262
1304603901
-2007473004
-1097577948
-1899899283
-988888479
2124635516
-1156259246
-700946103
1413134271
-2111421269
-64145754
229225413
-620546668
-811288341
1494005644
721502067
-1596519982
-356428102
-1065163197
398566634
38543147
2040666173
2032232381
-1095799079
2035688590
-999931787
1135731145
-1310811553
-1748915983
-2026682960
541722227
1319585946
979283793
-402559167
1175089578
1077638526
141688566
2124946034
-1086636765
-1293891609
1588900859
-1321936199
-918327683
1047449328
-207760371
-543692502
-1339645018
-404537211
-1138103438
1533253421
570859900
-857535178
152106573
1241757808
-1898141513
1645763918
748362272
-592627682
-579291899
1137363748
-1387727983
-1063957167
-1089271178
-1609535824
-1853064080
-16579900
144618778
1087082080
1763429880
1589970380
1792138983
1251084588
-1590213804
-1832849272
-2117918752
1373162983
1859174501
1794147159
-1052169100
1921971160
874127554
-646676086
507282979
1962494089
182260480
-475257510
1150358119
-1504155938
-631315406
-1296343268
-1724400687
569420648
-1430847565
-2032577614
-2095677071
-1465083397
1487349538
-1469854140
1919391867
2013759613
1081124525
-666134224
-1346993114
-1921539327
1276250514
-1304890818
498878423
2003541267
772608739
-586772968
701110142
-513694635
-1651704183
1831132920
662972992
-488478646
-1883156854
392073891
748983126
1250184049
-1665030002
-1936557163
983057716
-2084040299
-1332508770
-813278851
-1941527827
-1042178205
-1825389009
-2143734549
1215710165
261398332
-1324727201
-615300537
-1689793177
511057740
1616522877
-1547927547
1835665257
-614368037
-337795121
-415071210
339250766
738210019
937024910
-792122207
-1926707238
-550940191
1893516853
-1173805070
654245388
-254353680
-351137542
-677738574
243254327
1203513362
41486748
188273496
-1729099151
392816593
1068397663
890326495
-1896316111
-73276922
1588176468
1287873209
1017593651
-1455088648
-1258529314
1489399298
-510352481
73728424
1075388272
912741369
-455139735
1789987946
-1038345573
-255616085
771964154
-1023426889
1892604743
-112262928
1540098320
793446721
123685696
-70536805
-1879978014
862285128
2076624884
-1049843220
-692340857
1898868780
627462266
-698555319
677037719
1214395458
120131542
-1856155603
-738508270
1300843242
-321992837
299287648
754156928
-1773464608
-1525424624
-1797496728
1329969498
-894026285
1636111991
-1469181633
605817768
406338611
-181849334
-1122882235
-1086501142
-181025201
-1660221145
198728568
636625724
-658263138
1163053294
-649643551
1555107252
-232732324
-213549751
-1613138095
-1385553394
-1400484520
2087585836
1707496525
-894360949
-1628540404
-576512227
1830600518
1049573909
-104009747
-36566026
-101220339
1421063335
-1213767676
414070249
1006904965
-380806677
-1103090754
1625405125
-1778536295
-1639166428
-975165953
274432119
-766043280
2053545293
-1602739844
1276892882
258036703
-835201918
1276450889
799547794
-1040500193
-25801313
-524896079
2136693406
-2087605057
-188804826
-1170117819
-396845940
304139995
354644582
1765942839
490313066
105315726
-1414411816
-1177837080
1340793275
260909220
1961161163
337232574
-1882942528
-1190165868
-1266915004
1210141755
-15897864
-1142113364
-369540833
2029990219
-117735448
412171406
-1491454087
-392423972
2033018910
-1487465510
225682769
1007539635
-71100813
-1823831252
-1696193940
-276159363
-1041368175
2054068040
-343866502
-497378524
-834393419
1826330516
277616246
-1988901276
-291862860
449190086
-767147694
-1487533411
-219792574
-2011001123
1251796690
-1426558742
1910900338
511064660
-1929759305
-1427459727
-1453844872
-239817579
-1333344736
-2032333060
-1735819338
923574188
1629301037
361879497
626560757
-344058564
-839627035
-2128240739
764640242
1463742645
1039132249
2094565150
-583974883
-913145657
-19653623
-682351518
-2055563876
-1710511087
-1332979067
-401678141
-837459307
662222109
-561319593
1596383220
1061491885
1563609488
1497482784
1377551449
1758900427
-595930979
521303040
-831527790
-480797920
-1808782149
-787055301
1789838936
-173909141
-1664785257
-2096729320
-136318324
666689913
337766218
680605708
-1505069427
-1581773333
1683972046
1407369240
1239328457
167281467
2084850606
1798042479
1642133142
374145792
-1606104835
-739010725
-1513490110
515300209
1777192840
-585997984
-67313560
1812801831
-1993455282
-642082655
1463225221
1877733670
-634077648
-82974334
1253080266
-1964222691
1255114468
-120959090
-1945221325
36926445
-156714193
-1631503973
-1027257897
-1975938969
1637240659
1515867180
798805122
-1568421799
231347397
194340373
-102379136
1898338763
271880738
-1374303387
1945448635
-309975930
589882980
318413439
-356790264
-868999723
-310432944
1776742282
-1506177859
-1708802929
1448479538
-253863414
-2026067322
-398876332
1382776268
-440366897
598268792
-249037035
1527767179
-75935731
-1298254490
670205914
-550117892
-1096258100
1720297587
65003967
1616173181
-1009340286
-1314010392
-716511169
1710935095
1384408061
726404679
-1538376268
256236619
-826857338
2105782688
64549150
1213005643
342595651
-1619196638
1497447458
-1107132693
-1615765795
701289204
-1774805674
-1131266312
-276912286
1701118277
-1991978309
-1914110072
1790051435
-1121664607
1009612938
2133921394
-326617471
-127147642
-545894349
-270263296
1648194748
1866076215
1273394082
718874339
-722986068
-1482936881
2106390723
-189746330
1125443197
1035401112
-1399862968
-764362266
-1685383595
-320887395
-425086295
-498780031
1881222144
774393213
-1523912084
2121315341
-353298481
1624186498
-1363164506
-1027279796
-1413151812
1616694001
1182051009
-558278819
1434721234
-332418397
-492267394
78190708
1039726795
1240900308
1394148669
-651541043
1270976762
561463098
-852186244
-821452323
550687595
287926361
-39481187
-1668881461
704139592
-638438635
902522603
1613761310
-1621452418
31344008
-1880388642
-2039366986
1704798879
1264889109
1970022046
-1478635776
-1395712247
-2051505731
331623109
2055775076
544733000
-868160848
-954055831
1374731010
482092728
-592160729
1634265688
1072414878
774588015
1707935344
155070373
-1588653608
-830205351
291118666
-1949174429
431573408
-422013789
617743986
-1125801040
-834306584
-784391331
1220524669
2144114933
373826714
-136113062
-760333592
1909250667
381735883
2131905370
-1680709011
-826554144
-2144644815
-1038940566
1642392727
-198517318
1376625874
-1856009077
480434584
171226172
1934107390
-1164205422
-494576806
-2093292793
-1526226561
963766862
-2018670637
-907449884
-678867954
-1295675409
1141050525
249345984
-421344249
1535568293
1717141445
1905495287
-369576096
-532681337
-2091292190
-81379883
1643674327
609722806
354901353
282138968
206189418
-27661630
630501184
821557307
-549311732
1401117771
894084240
1126512687
-903811947
-425267221
135932383
1390847851
1449927417
-1082276269
-1901631651
-896588697
-493242436
-1915791693
-1589000579
-972294685
799663269
-907890593
1282292935
-1150738643
-1411109711
1737470639
-984420372
-560974684
-1078562742
-1252958426
-875526374
1954641015
1442091192
-752309803
-464077423
-402708558
-1985325352
271674369
-377025930
1251970939
1754829066
1472290051
-2144243225
-239476072
-577659793
-1308412561
-668675249
-1025040589
1484311892
645816440
1233471738
1075295457
-1645516056
454942611
242248939
1942702816
902902325
-1907407783
-320825619
50865824
1367184461
1627186353
-901945369
679736964
1189749699
-877351635
437859956
2068317417
707126621
863974836
-109039437
-1355344026
-677611513
-452920222
-1187559590
125533781
1418938377
-239474005
412497425
-834135918
-1502985860
299206854
-1853276931
-1430302846
-1206864390
926974792
-1174642790
964644695
519465364
-2099353842
-524600115
2122514321
1221327624
-989546656
-118631367
66813895
15014707
1024377426
-2129933103
700329126
843204548
724555629
228921517
-132157126
695139634
568312975
1190646305
-405608340
1790743535
597146895
-1757852148
1928172235
-181322531
743706404
804773741
-508615538
-1274687231
514935686
-195938245
-595349543
386164854
1623311189
-718744716
-1677775041
-1463489373
522354746
824964214
-1683442552
-807134800
-341501236
1442432910
92487603
958702389
-1571417292
-1499105330
1855881790
724660276
1912442898
-1741074909
1088033444
-458022327
-21846110
1666395558
1739183142
1104829471
-1544055014
1276903730
-1655531826
312703782
1381469271
-590352842
1744974768
-1909475198
-1192958537
-1676255029
1385605490
618325318
-679408568
885409032
-669254385
158610913
-1715123167
-777780843
2067849943
1165218008
905334544
-1838413954
-2004978759
594416821
635575669
-2125067447
2058318532
2040580414
857917805
-1368769718
446162667
-1551519766
725493810
29558580
1923484936
941172624
-188924480
-1268036365
222422563
708499297
1658601148
171048633
-1383012877
-1669753576
-467776367
180983383
-1930984028
1492843119
-14790692
1461381581
-361054502
1413635540
581473545
1712862500
1937748725
-1650318755
549392190
467037562
1208484502
-1923247368
1776575863
-880791203
2026740066
1043381478
-718787087
-636032420
604566021
-2125005463
607189964
-903089189
1872303738
-2004863301
388440811
-251339993
-1519067000
-1280319422
-2060626402
1094388937
-1865335153
-117414398
-1455258749
-686259425
-824147836
-1661433005
1799000872
2096646695
1103819065
-1027095341
-2026771467
2064313502
-406765599
1201257885
-575020343
1397497417
1997372883
1652587450
440039394
-1183303791
-1022380914
1450694615
233309825
749033045
-782280707
-855884744
1383189197
772618236
-367322885
148496108
-629644809
-1814945592
-687547368
1501096770
1160358046
-396729230
-90187619
306073211
-128869515
-58498062
929244109
-1092609088
-150594013
-1247406947
-1754059667
-2012759210
219008106
-311139211
-612832634
1519081743
-2038417014
-1034416196
592824169
-1171569149
975192551
-1603224630
-1579187724
2119647616
30888681
1322806048
499094290
-2025136834
-775762653
2008194748
155571847
-1290833705
-776805193
352041134
1639349229
-1612361611
822911991
1565750250
-1198029831
-1283638580
-940116912
-1000962720
-1224585726
931541579
81056099
1053342281
-935200316
1671640461
-1869804940
-1391319100
508535136
-702575851
-1857931769
1537687457
-330715225
787452986
2015607752
1243405947
18077335
1459051360
-299165525
203859723
589392421
124735848
992395603
-590397765
-163306692
-1512903063
-1935259977
-115392647
1500876549
-1219745377
-713973501
-1251937586
489795177
1984560291
-999308101
2088512046
-2023913005
1428121052
427746854
348571793
672972090
74161717
-1711075607
106680642
665141342
1927509520
739633649
-841740298
273739601
-383840903
1754065302
-262623713
-1910466760
244210590
-541512707
-323401342
366775122
803879295
-1659452995
498360327
-1908734407
1654580193
1364671172
-1254480689
490003304
654846087
982359419
610210443
389364989
1948693156
369110056
959762187
-1252419138
-705090933
1887870100
-2146094059
-406661279
-1558504280
-1079925267
-1571516040
290024711
-1577657421
685967597
2114813023
1056580105
-1862872543
2097903162
185188330
131691767
1794504414
313915152
619791098
2093477597
1760975161
532593692
1814099788
-1119754552
1461712928
1527609003
1511597513
-128353912
-193374068
-532045820
-1248613349
-235816522
-1779527874
-159296751
-364380285
-282174472
-313347669
-802055100
-1569978135
310076291
-1621958092
413754295
-379703756
1405391585
-1357812839
112088469
953556187
212641012
-695033937
954035384
297740732
1863356986
-1081316015
1001849747
817388076
-1641847215
63234452
-840921262
1768122958
-1137481282
-1506080706
-1289459393
-1402116952
1223795689
-904339593
-1134933401
2010160883
572586347
824464064
266952061
-931581902
1528982156
475033893
1312754429
-982371323
-1289210361
-1787866450
-442244204
-2007797954
2117198863
-1273470694
1804225726
839657908
1720679830
-790759473
-1526148175
-1885253289
332035020
-1138192629
-1226028423
-314426748
-726205467
1354557024
-840166557
-394751590
1029235487
810934878
592264863
-2123542067
-629989629
705827217
669474336
-796535495
-867590678
-234877779
-1857539129
1849250362
747707330
504636936
551656895
674257402
-2130641134
847584327
100623658
1170549835
1354203706
1026868316
1459147517
-1475021642
-287265537
-1599807825
384577319
473908435
622125639
977767323
-1047491080
1920098266
334235168
-1191308517
948735936
1597516666
479100934
1720710084
-477694282
-278865431
853384549
-1257280266
-1206896868
-685399749
-1721690020
-557844402
-288201313
602870775
-960510269
-681154978
1248274435
-1429213465
1550169455
-1473146208
-938898433
-578916304
2002400180
1055253159
1163126885
-1180464223
-747859158
1558512790
1721248902
469274703
-838426700
-28401450
-916241965
-2027875487
761271230
-1945242877
614622151
515388455
180260037
-260866522
1575719428
1055231345
2132919324
607735849
802717884
1497327646
-512487444
-1530689401
-1032475822
235209459
-262967173
324408898
1925016896
1578435501
403156401
-887889638
53560634
733046104
-612480808
-936717829
-64903532
2137225185
-177387869
-1194103114
811007200
1885848810
155850097
1744960756
550815195
2117266909
852628434
-49127322
1922688392
1209915203
-1296663735
1519855681
1372559517
576238934
-1479167149
2080866281
-1727354594
556387796
-1031253848
1166997228
-413611704
-25820395
992494784
905794609
-1492240209
920550495
-497221224
-1341921168
-270133334
-190840967
-1189112395
-1328475164
1531579630
-1139421314
1008075881
1307702079
1740382584
1233855730
303390292
-160602146
581433008
-148663526
2089705005
1653272382
479115979
894692999
715165122
1038810541
1825800048
-706049804
-1865664707
-1078079420
-425470306
-364980655
-671373656
-1606358508
-506275380
-569520353
-887062606
-1468354402
-818217135
-83254274
-617993294
-1397826680
-1969397242
578328195
-1712938004
1115532174
842751785
-475526321
-1381032941
1279990966
-1731088764
347482460
-1110028017
1403684807
-412460851
948279962
-1159299072
660498171
468529232
-1647033926
-99006079
-1102892557
95203275
-1448675000
827589936
-1435007766
-1666751592
-406212609
-1936242322
-1904015571
-518766319
-1740343720
-277304477
-597637942
1230147631
-1516547740
1495923524
1936256903
2059160436
1991763675
805404888
1902197526
409213450
1975080563
-1767179209
733628550
-1212790740
-1948789642
-2124321067
-344730373
143024581
793696654
-116526914
-947347551
1518949206
-65405981
1160255010
576600797
1876309276
-2005023385
-940005100
-1648083771
-385473423
739711856
1806154638
1104249554
506318706
-2000614522
227235256
2091220180
1584502497
-1454763650
1622951017
654226213
-257988019
-1477498169
223005677
-352912351
-934821264
-953922813
650461960
172561621
1451318743
1335297497
2136922683
1200263413
-1306942520
131170825
1831146309
-1929357805
850252127
-1313797696
-1600738068
862131726
-1824041734
960810028
131532541
-1773372216
1977088982
-1931565997
65356432
-94567141
1201198586
