-1954649023
205497187
-1935173666
1946904669
1087393541
-702171400
-1085018117
1775696555
14586945
-499657579
971560940
881397589
-1089319804
-1649875691
1533223971
-1725613836
74883812
-1953534653
-1413617696
-1573297625
-1911917483
1426617503
-892154206
-189654017
633571390
-1797548958
-631105318
809168542
-1019986359
-1348308289
-1705955358
734040090
-1635924614
-1596576149
1537869101
-1213913690
407253122
1783201375
1892987070
-711658765
-49611947
1589545436
724042461
-68412461
1587402234
-1380729681
243596552
-695968737
-1121793887
-965534794
645686824
46914011
-1899756294
2133056930
1153232388
-546015849
62978244
-1839838211
159093754
-1289929449
-1597803101
1719545966
-2089859861
256762934
2092892726
525357628
-1055660937
2016831495
2001447016
1698416656
393753962
1814249532
162452742
-746577410
522016117
-105332021
-1394991982
-1779585082
1554366496
537828814
-1966016170
-328374442
1417481471
1374587818
-10234181
1346514834
-176104157
604480883
-1941963302
500011864
440839123
-1894123633
1815689043
2042503358
-1843300740
1228160152
178992734
-1171392355
499478501
-1235754361
-887217889
-1080274349
-292080986
1601551886
-734344643
924121027
379004634
-252178364
-590319692
-763036256
2024869651
-1909144953
1131877098
-1100203029
-381489010
124583069
1316404736
1628392121
2083375783
-760383204
860703339
658900793
1542836622
-818594804
682720450
2050942197
-878763973
-46231606
344689112
542084952
776934815
-1151308754
2118670605
896507760
-1685466853
1971104752
-26339359
-1904055821
-664370635
1368503367
-206703927
-111072889
-1400078455
-2096336174
1830291270
585566525
-797550339
-543042117
-439098574
-2141924514
-258516680
-679140839
571549020
-226867094
-103601581
1883425942
-1945562281
-1016110499
-1904307759
-1679968175
1143158927
1804077108
-887392308
-1488519163
1843159708
1271985583
-2039370383
1378266474
1831898842
1544346455
-859232594
-529661221
-348283591
68483778
1092721449
1922186040
-841098160
-588201196
1284424307
-1512512499
1649853112
-1993592375
44015485
-921881101
-265721449
-567477326
-2060808374
1434980150
-1277715334
633520701
-1858138394
1055552696
-347499928
-1070671623
93940886
-1752908524
-2085772237
396648280
1610864720
-362624507
208442385
-553012555
-707557523
412611593
-1721615766
2060483736
862445468
-202666943
288599027
877257017
-1300439782
-676259685
815344890
976261698
-2038355937
530951730
302220803
1014680025
-1137472101
912133620
-546730604
-1306365475
-304951519
-1889048700
595852109
498203502
577109539
-420026782
-175450053
1162390195
1414714976
-1608356535
-2014764948
-1531880746
-1529164903
-983620648
-594515514
5439059
913227402
-1683441036
31433748
242376562
1112837400
-1585543060
246236769
-1917786863
-300355130
1444014173
2083945865
-1137942617
234579565
80967383
-1363529716
643834501
-1171718612
-1270671552
-1029706971
-534254243
-260674916
113304312
-1451750117
-515282424
1788387400
-2024053059
2032386262
-370064765
215928412
1434047057
-1924620620
-1092807878
-2107138661
520552025
-652409187
-121913975
-1661539690
-1280545656
-220756140
316792447
791703322
1929029116
-69409008
-485986844
1531907817
1296997351
1718460746
2057816445
-1380467795
-904270222
-1538462248
1927393421
-45997015
1882078685
1055434043
1645278111
-1845452111
1409935850
-1976920524
1312676995
-772530468
1730601851
-1265557348
908235413
-256911753
1077048442
582363509
-1554317500
1455178172
1897865720
-683099077
-938477870
-1765308733
2070940824
-1007751808
421898584
1956982839
254767918
-1194667337
267493389
1409686349
1677212578
-927554737
-1275278650
636276978
798271002
1022973699
1922720192
-613302717
1899138648
225858928
1466212253
1974337602
223338335
-2022700313
-365127764
-455428411
59252061
-1239517564
1299885165
656282289
-157931068
-354941569
-170825133
157193064
1315677625
-1348710463
-985871669
-720885889
-1905158478
-1816819270
-9165955
1278616756
-1793314471
-937509007
-1997191727
91245343
-2009731401
-441832228
-31223116
1616398246
-1058779250
-1966848143
1180567195
-2138543691
1303048709
-1486533380
1939571143
-2101641169
-1378361974
1150053299
-1572024117
895553951
2064525555
-1497573497
-1959249589
809526194
1767005926
-1180278596
-101019899
436209129
-1639037829
1940414395
185996565
361681802
62383647
460786214
607629172
-1077501737
824315579
773358893
-52483903
1450182530
-2059760364
-1057994465
-1122004925
-934148513
1474095988
669297220
1878586414
-1318098853
195460490
-65824023
-2028143579
37693100
-1994200946
1229519547
2063869952
332151369
360090024
683280216
877770446
-1199796068
-455188846
-1146174941
-1361020387
-385476746
-2068622213
-1174708393
2075335032
-1441524669
-1424416466
1538855518
-2119792079
-795985282
-228652429
-1664169117
-1251098785
865482086
-174374987
-657475035
-733358550
1801951474
-2123388444
-1078023666
1516388933
1855024641
-1854843492
899844996
-1714110788
-1564488235
2124012423
-255213954
-1429403921
1858027714
-1749259522
-1839271335
-747594787
533386274
-1066509578
-1949585685
1886067109
1339104139
795698457
-963519784
-2002001590
-1402236605
-376705229
-1526279388
1219369654
2047281652
-1278343473
1441785865
531649281
-613208165
1692922657
1957253899
600914674
1593456582
1442414886
-1199703480
2103134661
-1501476610
846163466
-915958508
-1377744850
-213564543
833000393
-1009515067
-1586886754
-1496391372
1619180567
830864586
654952900
1425301719
-1209713276
1081358594
120331350
762196090
1561183963
1525414219
-927388400
1642548015
1152515275
1534096216
-278013444
-959889920
524209609
-468032569
896401908
2089748515
-1367302092
-1311241358
-594749083
-1536603541
-1994539335
2032086532
-1723906219
1622243842
-1591695624
682091983
-169308506
-11466155
1183194727
-1595907875
292669339
-1256406449
-1617088138
-1590240444
-1138692709
-999051064
-582647564
274229950
-1448311499
-93031361
-1694858831
-547852424
1943346788
-1005401657
-1738501533
-1298285014
-1113704685
-1836935361
636685261
-1548757145
-254524958
739042502
1992339229
-707805130
-702163670
-558466707
1880495765
300765152
-135117250
1281822509
1271663726
373491467
693122292
-541371878
1558834168
-135281657
1106430819
-2070208808
-827690747
-1299781529
-1128483347
1397797966
1039374728
1879360467
1178343295
-1082864487
1798864248
-333555684
-902103529
147771716
-255442694
-1514091887
1480858502
310877877
1173062846
-100264304
1857275511
134253289
1685846184
975820127
1323927471
-309877917
170390707
-614322372
-609306731
826103393
-734381038
-517060174
-517279755
-988873903
-926134633
166512429
1007113728
820833923
1453583448
1470245841
535691415
1268397086
1660071823
-1526711418
1017315016
-69282216
-1134894910
-1103321769
-121060712
449147617
-1154815709
794202108
-1304824830
-1927304289
435357497
-1152394315
2046750784
638873249
766454206
1658334552
629504328
1228294476
-1007086389
-2110450003
-1541056103
1875851994
-1638582990
-283906055
660930614
1039317509
-168901078
78067416
-232957710
1069408766
-1052889807
809141839
785147118
1899559588
-681660370
528841761
1683642208
-1966288910
562489813
230104929
1787640469
-1804497736
342466638
-1984390072
-928816840
1373899917
-814030311
952068424
1632446420
-1115039485
-915436245
-1456199327
734186135
2105230876
-1911839651
-193667150
1916490584
967729661
330700550
927877202
-556407846
582265825
-846274842
1785817696
1230430289
690538063
858691653
-890783912
1043250726
772315279
-1073416101
1339640744
576223991
1460376410
-876755470
-199351166
1945763809
650906832
1500133449
1212964595
1167127809
-1433016402
2124865595
-1836919755
-988100298
505149887
483688352
89171776
-2108755412
-1552357997
-956534029
1947178918
-1829853034
-487105682
761237813
-1710215776
-1969380166
-1922501245
-1103583728
408163171
552312626
1150428002
942271038
-595316808
-59860496
2057623725
811540011
-1466608181
1498035586
-2094337262
1927555801
-160981438
-1803512170
-1604547724
826961155
-757482095
1076731841
250455659
414518917
2039147404
2140504955
1663170542
923210234
991637565
-2130972050
1538043471
-2055998298
1684220407
-20354577
1020098662
-1755444586
-1558601558
-2049415476
-545572079
1299970309
-2064745863
-1675853753
-1467995685
686879490
-1098390135
-713969822
1232221946
1989778510
-1857565924
-58571171
1823346303
-1299597686
-426975267
127294589
-1658187576
1154808977
511960445
-184045042
-296091592
-981479390
-2066550402
2101432489
649287210
-468017726
1471270221
-387814470
-1276284126
-1705698592
463455126
756041020
706223685
-1778073031
-132616492
-1636099386
-514455542
-1997786498
1169055014
1096179403
-927972302
-246983885
-1794400919
-1446723043
1112731381
-1074109479
-440039038
-113454669
-707628675
780163407
-1259183621
1114844331
1797003671
-241750668
54824657
983799441
1001126055
1953432849
-1973905013
-589141535
-1832043043
-989114378
2116039822
-2035011894
541687718
-1814870174
1797645231
616651316
238987364
4288167
-636872182
-1890027260
840596064
-1451754994
1163125009
147934110
-1120542977
-2055585801
-574858009
-2146986581
1652127027
-1423337404
1673380334
1598858780
1326977844
1948667384
-1465675874
681237357
-603771024
-90470630
-823974760
1254533166
-7838528
-167295265
778108922
-1659053122
835093979
-1216483833
1991787508
-275369127
1318843407
-2080711289
-1126216293
-1983613099
-1684591315
-1337581721
467498493
975022248
1133364420
-1206830611
1324568693
1854800557
-1827849070
2137755899
-1613235649
1854002471
-65245129
349239733
-222081202
841251461
1274775596
-1726258074
-47835044
-90050969
-1510234126
-2083864412
2020509251
837729
1382468494
-878411855
-1454862709
-1956471042
-2096920524
-1344382685
-223412925
843388678
256353345
-81906233
-1944367084
-1231150333
1141357166
-908892989
1349496466
449459970
346119234
-1358201094
152540117
-1555336042
-645896248
-1205363533
2073099592
-575335647
-659061630
1593622908
-799460672
-106002346
-730924131
758424140
-162169904
820131065
-143892635
1232218599
1317099099
228825577
-1792494086
-1592828026
-432995735
-1034593952
672275268
109089718
-1680836802
-1520990088
-789508573
-1228736640
-671869528
986387696
-717693717
-168099383
-1139692647
-151043280
1787684111
650725116
1317903604
1311410314
-1421632997
522364645
-634305109
2019575234
893356007
-488442656
1524427017
264840655
-2117221367
371162674
-342310324
-482597661
-54099317
-911142218
273549942
-860716119
-1154760227
29586363
-794163356
1643195085
409027084
-357413588
-1489340385
40256192
-1802486988
-363193102
-1728843151
803341244
-504658125
226864277
-2092431941
-1531051514
-392154465
277283113
184170245
427194994
-1517704967
-376117913
557853271
-907189460
-1786777566
695497241
-257258170
801588404
25798413
1032337595
622434001
-3268822
245545909
64287839
-220647315
-1270423605
962858065
-1071258415
1580080221
32123579
-1578670137
1199126522
-10572473
-1191609084
-1308188323
-1233181303
-1663638780
1140189918
-1630819402
-1216569137
1320222903
839777840
-1462571269
-712194838
-1578569696
-928220841
-574599593
-1656070363
521274930
1038746149
972722345
-140690530
1170996450
155187499
484974709
-922937303
615331393
955973947
-165456102
406217076
841325772
1171258152
1187759946
-505733525
2134816003
-891389489
-1703069003
-78860834
777172023
1939337818
-20162809
-1745798560
-1088573272
2058562755
-105636331
-554563472
204029647
566737047
-1101087406
-1509031202
616828919
-2136643076
-949526393
-1730270873
-1212389871
439886581
1700395971
2040513954
-819105591
2064149731
-1022279537
-1955427808
-904075308
929932878
1591882342
-1003028531
-22579573
1703856357
-1299706269
-266607204
1146080445
-442823741
1673165372
816801379
-353539904
-1317804557
-1216139666
255019267
-990548279
144061750
1913098169
-197034293
-324460163
-1515680509
-825365553
532722717
-1604661305
-1930366514
-909292217
-100743342
-474788884
1045726349
-1290659113
-1279178278
-1074839589
-1096293769
-1666124350
-176525400
-726863159
-1690354418
-261846129
-942468916
324555773
-1676054945
-1496690949
-1079991968
-1312006424
-1393455736
-1325577169
-949468248
-1432474504
-1070151813
361598005
-16885643
603407789
950173696
-1362773080
417608137
1177160555
723582720
-115865429
1123797952
-226211950
2067869183
-1062835172
256094125
1183923019
614738410
-76951032
1741383043
1497218725
-1406292718
-1380002464
1899173750
1801864543
-1337813640
1079378669
1326402529
897572103
1618152266
1274075009
531880297
-1114998717
-1899885651
540274030
-1216906909
1955339118
1469340605
1919552828
-927753102
1455013478
-1788008495
-426044011
1138386292
-1771309149
-1958817021
-199954812
-63508833
1967834252
930790127
-575407138
-1869988634
1778189061
1936913337
-1457798401
1828292001
1885171788
2051883093
-1243105350
-1947686292
1610629381
1358351106
-1981324150
-1616507058
-1376672110
830235158
-923246068
628829981
-196684376
-131908351
21221809
-838364639
-1314889185
1272614283
-825471058
-855504136
-1252654072
106848608
-426471368
1305894328
-1208935932
786995149
1500912621
693351770
1679588563
-1529548852
71491477
1560447829
394623019
-1704365507
-716995831
-453057143
2123562186
-79381386
-1446003854
-811725218
-829071410
1376251645
-656601929
1828006701
1231174468
1038763155
-1942770128
-1110944546
947209214
-683633291
1220576927
62920401
367536296
-773633315
578188127
-96634879
-467612131
-771651890
815812317
-1711082905
322338038
1536721937
-1079481785
-865403748
-368847772
1655861882
1014066820
1934297537
1910806079
-1426042001
-425207709
590095266
-327442338
2090244778
1781695510
-1133477095
63874856
1640798013
-1218708511
932170416
600474987
-1816467242
-457867763
-553007222
-904120980
-539654844
-531632605
1632230530
1937229630
1575096889
-151640746
-1951171692
354936919
2052298577
852973120
-1330491013
-1940533153
572574803
-1362659375
724502428
-215832757
1119520693
-752424061
-1133264862
-1951876950
387715429
350343890
-1533431703
-1416886209
-1438163514
17483755
-213156449
1562844111
-1675922184
-677646941
759054248
-287699397
529762908
-1591440726
-1401074110
1657749456
-1386117033
-455564288
616774762
854210525
1539249237
31148711
601662973
-1966437499
-797159664
-1225551719
-692603999
1846926807
1963185425
-764978948
-2003994395
148458779
-645938314
129398675
1489014950
67363182
-188496650
-442248328
1205771189
1577111697
1448897314
866222343
-1561819722
1083288317
526669805
630195997
-941640630
913688122
566492014
-686799998
1842644080
778926192
1418258915
262840995
-678118872
-352519875
-1689383431
369467012
1490994776
-264504375
-293717175
764459252
887686899
540825112
1187964198
-1901566719
1482319192
73615775
1340669333
1082823598
-1429997833
330711321
554844316
767219683
1921090618
81074074
-553029697
1106269604
1944132001
-1553384220
-865320505
-73994107
1607468847
-2056107272
-2044327227
-309301923
-1051856380
38658288
-741187499
2138667833
-1177756597
-1394485493
-252756441
1182914451
2108639062
1496129545
-1485934917
-2044329532
25416710
83159993
653147243
1779184054
-1464859280
1216929487
-1579307346
-265452067
-315487812
-923634693
1397807002
261069927
-264524464
1569774134
1502475690
-1419637839
451337262
-1453071266
-2103153215
1201040893
2137413018
291364357
-1108680337
574682210
2082174464
-1774364283
-548280974
1736094979
1428437779
-689091753
72162430
996026499
-1937578439
-1585772892
2112666176
-1840674120
-684531419
295104284
886944416
2048529054
-1399535419
1972237319
447158598
-87149171
-1076510113
-1963513703
1004500320
-248747602
-963346698
741477769
1098714529
-839967829
-146239246
612851684
-1072664436
2127416229
-1156122625
-1954053858
988331249
-1345944213
1678313268
241093737
-1558876489
965355495
-263648904
-796299959
-1087261732
-652136485
1062881313
-1042969752
-48132678
201718221
-981968931
926670758
-492223861
776777536
94621653
1543767668
-1723079889
1027625764
-1700737265
1646994274
-446306004
459252110
-1399983085
-1185371659
1950691573
169588395
-1845450031
-1676255299
-1857039250
-1654279950
1660810433
-524424281
-2090882641
-2076720488
804589388
-1344305521
-1718588920
-1558616503
-1051485078
-502619879
370853188
-1587172588
-2086588021
-1139109183
-21568206
-619328602
-91590469
1219929647
2024088928
-968784710
-1860038656
-120187185
-752614615
413785808
1361081094
-1458711647
436636146
498753308
1280359165
-545842355
-611401808
-1279798335
-857444158
-1688517254
1558435244
-1097650370
-1856688836
-2050863777
1874076042
-1421203672
-250747896
-1379470951
1712267911
-148469223
780907608
1181515071
-1350297855
-574062360
-62888936
1927253555
-1336547780
385298202
1098836305
46951610
-1721933214
1559651991
240952786
-670382001
-381737269
-1260952928
-554157812
1653075379
-836069761
-1088045568
1782647870
1549126216
-1632911624
-1078912895
1013513425
2002145439
-663608533
1380392865
-337917692
-1788865969
-1853181239
-1623658875
1462641355
338830088
-1683263039
1086454062
-1255109388
-1386571545
370381834
1226176234
1685087884
-124502517
694882718
188645388
120834176
710231911
-969345335
1984451295
715331974
-1450040103
-1707608925
902525911
899513405
1549057660
-280693286
332963081
-1008501869
1945744185
-1340359756
-1442205476
-1491756698
1156213924
-1882077357
-1592122368
783983469
-1681646587
-113241285
457675423
-581176743
-1471613773
1871733009
1829369043
-2130446537
779761576
-517267547
-1397348777
-1823622377
1024386130
-695259854
-1953188480
-2030422798
1197744807
-1620248092
891432301
418027976
-1656636805
-1376596327
-355643523
380439305
-711054315
986725355
-1092947967
935020341
-1338819073
1616049518
660498994
1717649606
493687836
-396387019
1303437157
339459917
-1035262976
-1540537445
-1631537796
1117613786
1064016507
-439181505
-2009724769
-1289027168
1693386359
1998602576
-989854676
384124889
158031107
-1892464118
-1666558229
65167847
2114103983
-186621569
-216451450
1516597435
908264985
-674301798
-1656904137
-1827248006
-1548052536
1629034080
-1170541373
403827037
168020792
2126787961
-1701730906
1403208408
-21299915
-1347684881
1198733711
-134675202
-321897620
1337960244
-156923378
1028047907
1908205886
318762601
-1970033525
1707930306
953048535
-2135290659
-980053894
-613812831
-1288450177
-1672312109
-1571369780
786814514
-105963473
-976663929
-1797762904
1214003004
1521311591
-969062541
-2028999846
943615930
-1098574530
72779214
-1662787701
2074210307
-1595561286
-706677163
208663986
-1154656982
-211516575
-1488235956
879018442
1144573607
-1228301296
1533621191
438898757
-841172426
1887879946
1980231205
1467002432
-1040999937
618773843
-1093014819
1786446071
-624768778
235597119
2016710268
945758330
-1286631036
-1713418683
-1302795794
888301984
278694503
346937880
-524305413
456244028
2003131861
-330978568
-1754953964
-354102642
-1028825369
1427337028
849067856
800488188
903319861
-664141228
1622168752
-1837923071
658835133
-2005188987
-770892374
-1177700251
954251272
826498196
1048896997
1545549230
-523355505
1593472047
-40098496
-1703019818
669186394
-809176631
1878500120
-969507011
1139266537
1217729965
-1174697526
935303905
2065385304
-1984114603
-414601610
11087051
1531610557
-1747939332
-1804201722
-735431476
861544404
-563031182
204789870
1258968169
1081943262
362386990
1068846900
-1561466093
-1696342843
-730601047
-888036301
-1244970597
2123989123
2140622825
-151817317
1203927268
-1764059963
-1183995045
1275681851
116994009
-626799925
-1287268378
1139418370
-38398815
-623670383
298729788
566638274
-2113415919
188125491
2037516914
1007709751
1392910946
578433677
195599058
2069072456
-109921245
-1618655967
-17783824
-1980122484
1131132528
1868740925
892138746
-383774193
-532713628
-1812507555
145403732
-1612193195
2105927627
728640973
209563748
-1856748898
145388316
-656551534
-631683927
1088571243
-884215131
-94229110
1004042258
1139715648
1552486408
1577430226
-1735747699
635699628
-391042331
-141154969
-95569955
-1151829626
589950424
203979791
-1479912016
-453829768
-1897611610
383263353
377512688
2053365697
1472101810
1937626019
738678105
1748164150
500648117
1642803835
-1507325365
619104137
714552493
-588304695
1418761184
860040909
418394902
-700361653
844055361
-463247559
113022551
-642750431
-1841069003
1837038123
-1625495169
-1194133397
2106088954
1718679920
1554976560
1665057328
784706904
669757890
564386779
1345720705
-1366135822
1188462993
39296813
470319070
-52193057
-1645488122
-530231096
391558359
-1087859080
1133092932
796087349
1195314422
57610611
1074175216
494143513
-1519170852
-1946827472
1828943859
-50096985
-1667909975
355905874
810977918
-1926255274
-1170321503
-941189998
-1583505074
-712164909
854520843
1106297039
2020688176
1128995383
390570844
1649646696
115945415
1932556924
1530543765
-315398962
-1462090611
1080584493
303000296
-1531050412
-533608937
-538729123
1795455649
567549257
-1034758244
-818620455
342130756
1779987528
362724023
1801104288
612167665
1766364109
1100540267
321812883
-1829735664
1456879371
-73118616
-1318749336
-1611607511
132299261
-429452916
-2038580764
1544755475
-432352069
1857480364
-1697699255
1493129552
145422
1455922323
-1483952372
-2089832777
1990451014
594703946
-1173884982
1208511059
-1483396278
269265049
-1035584387
-1731360885
1002904303
531090893
-2078019606
-1097347198
-327011187
788484540
-1809382051
1261326016
589231311
-1392371194
-1376201320
332333329
-1646930229
2031611549
-2054541560
322688941
1140803922
-1170839930
1684290874
202341785
818750856
-1194238752
1440478093
40861260
1779202742
-1947258331
772075303
1298641556
-2112371874
-278307409
1671169068
1586829242
-1508976753
-756673666
66120237
545551588
82522235
379585080
744078302
1133212346
-1772334778
-1193448080
-1775092212
875104588
-1430165216
759703594
1007952333
526673971
1163035285
980169630
-1072384520
393198837
-1881353181
297469500
-2035827753
2135325614
295372300
802012912
-410103013
-1521152533
569082222
1031850151
288633103
1303514073
288627856
-1155026416
1649186576
-1437637730
123975805
-843039322
-459031492
1426854662
-982015017
1861742062
36740714
-1560979614
-2022451484
1682412029
2109632089
-1819248724
-1013293843
1671206461
-1706816725
-1863021329
-1818263865
1430265200
1383285011
-1341264667
710771377
-1624758797
-1536114867
-1982129439
-580643487
1172258631
-1891567282
-1458740497
1525461080
-1493986355
797271869
-780827847
-1820421763
-660190512
-488056415
-1438185557
1881282538
-828340535
-464464806
130235354
2074909184
1141081053
164963541
-830023903
1554712768
-595748183
1071523707
818136845
520287325
-1201263806
-841125783
1986182138
1841743372
-411126665
404474726
580803581
-1473035489
1259838296
1515374353
-966508539
765046097
-415537413
527908698
887496508
-463793053
-1284803459
394107699
-779629390
1162783975
1252353863
1664594310
-503518403
-1875492773
-2011637358
-1141405336
-281838694
209783417
241766700
-1348376177
1775675607
-1127311412
-758203269
-443880703
-1106807051
-391612026
942275522
1546388238
1805596616
-1610423664
-1068156253
1451374720
1596582434
2088862179
1343069668
1096120336
-637212880
-1770050026
-338818699
-409912294
-2014281181
-324258249
1850081969
-2133066860
-1540784622
1979739101
1139143396
1505891388
571047454
737884797
-1232171507
1483252752
-344206378
-1879220228
-787914268
1997538819
1418088413
1462573702
-1479749346
1844766189
-1526990646
-301015139
-1276248338
1536827330
-93729713
-1526075276
2051501775
-462103034
313257628
1655791485
-1945936768
1419225984
-1113854971
1428118336
-484110256
244345901
-1741754143
37343854
362591131
2105045367
1197808565
1419035958
-131765869
-998957657
198790546
2031605718
937799747
651872919
970136763
97647220
-1698279983
957015978
-877474422
2109684270
-353087997
507609856
-274106989
-1259204754
-968436732
-1441418778
-1943163639
1305656707
1451869286
548637836
1388278368
-935553171
1480231786
1846391033
211035188
-1083556361
1247052671
498041154
1928181097
-1457575157
1872674824
-1313304327
-1687257198
-259121599
-1195032478
1931277796
-370321514
-1218363720
1252249381
-1362268177
-1687959408
138544681
768151976
-165307294
-2100651785
1435257145
-1617130550
1143842902
123141631
-843517683
1392155632
1881159269
231547197
1120025123
-909790391
-1619235936
1254284433
327978080
1931234904
838293445
-1007169473
58474596
-958959181
387919025
-1583990945
370271781
-1762808056
-2085226221
528621175
267116731
-292358560
1794169442
-1726816154
-182097032
1169012647
19126800
-1729294973
-604480453
-2118248341
1630661119
963715333
1661482757
735855076
1738257460
1251322020
-1844287796
-1438708940
478097866
-699809152
2066263951
-351501330
-192594648
384243010
-2024264278
1246372572
-1764125834
-2113362304
1961916011
500866300
924645708
-1886506138
79932900
80980172
1695053484
-1494618223
-1879988734
727069127
594796082
-2041524674
-27436322
1035452462
1155601289
1447279011
671965267
-579593973
1204864289
-496345956
-1230170929
1816812146
3968286
1964925578
1500360046
-833021942
1088269715
261116280
434335556
-12502069
-576267281
190669438
-43210246
-1466978552
-330641481
503315562
-780843109
1026166704
789612661
-1594182500
314770863
-428149296
1691451120
1966602800
-1373394039
14585179
-1911736932
-1021915294
-728247843
899188781
-2050958253
-851495634
195694485
-307712947
-60228795
-2132857545
-582246428
-496795022
-1887545043
-56920599
1049417114
-1157044024
1864274117
-292723487
-1290211398
-1175810573
-1985738373
190415755
-238935223
-2075092908
1090013029
-2097098228
98823784
-1637155446
715572849
-439823261
-1758525275
-1669181894
-1452944160
1924451786
-1227651955
-1534920173
1613635828
-70463902
-1288505723
1126846476
-1689195033
18183950
2072884441
-288571664
243803167
333813662
-658799339
-1155458533
1593487520
527764272
-1875817837
-1510676859
1088612290
-1689094446
-1600484779
-1335233537
-785653981
-1759261076
1952897044
1537066685
-818548002
-957365284
-1005027176
-1902144236
1900145148
1785496674
555943242
-559817341
1912958506
-357406658
-939705081
1705040119
1323485868
242710680
2113154614
126307658
1466508945
-2015170657
1384707612
1047495692
2002890280
-1638525197
502616430
1278634374
-1878958158
-1267062713
1545050663
1316165627
-1172410536
767104066
1975537308
-96120015
365131359
-1472113754
-412584499
1267841071
2053759385
-267180365
-856066819
-815094457
-1043836130
1855448781
-742118781
1070669398
-860296388
-14004644
659448290
1206464842
1099345067
-167716109
-1468336873
-1619943708
1278242821
710520243
1107439410
1661389758
-14476684
-119960079
-294304728
280313231
-321647700
1577447958
-1939803674
-840947538
-71305444
-2065943865
-909074775
1220858324
-1914594209
-519680955
-1296791412
1563150373
-839445768
961532437
180542050
-1654310031
925080894
-603719453
-325797434
2126377654
1374107285
-1375216990
-633494929
1869522665
-1153150754
1561483512
-1062427960
-740309515
461337904
-678084135
2081181119
1580720643
-261375033
1342282353
1498379740
1976258812
1727156028
-1488243641
1566967190
1214758987
-810389770
-1305612129
-696874783
2111750375
377136352
-1745267169
-869385205
2061406096
-1825365412
-1630708556
1124250568
1264098648
1205631094
1383961526
1079865995
313105508
1506090844
-1359083959
-195363050
-1464920844
793477390
395280903
374100052
-2093824352
-290882735
-1894308901
616735334
1658083811
815893737
644304687
-170194693
1713251805
313860614
-1728154807
-1979690268
486149716
-1559317506
-366853390
-407956761
914865659
197242940
-1182514600
-2093948462
732283127
1185766008
1376177973
1191259603
1569932190
1315905064
-452458705
970926855
170424705
916718389
1527394433
1404418384
41939116
-847234575
-437810981
-1145351318
-1916054229
230617673
2067373703
632904512
1689413840
-648285642
1568315340
-1551149188
1380135732
111910777
1374227607
668726876
577154554
-2122485625
1721587286
1630464460
-79859366
473954497
-1177978329
228847792
-1292098339
417137639
1728778546
-1848598144
-820529051
-1854442290
474534738
1825819162
-2012370576
-711206063
1124837370
580810962
-552281955
-737151611
-1344446122
-1063517490
-1127763090
-2088988624
1429570992
698588049
1772140110
1609595514
488557333
-1582083628
-147944746
-403537691
1111894327
2040366492
1668630091
616801146
-523328107
1808739208
591826027
-976094396
-11321895
-152669845
481466984
-227540222
-1556966272
1580636186
-61833676
1709913879
651576255
-1664149882
-952369665
-1671937851
-1486751067
-2107024884
-326372355
689578138
122996860
-201213941
1005331052
-695399383
1734949493
1226138807
-1473133611
-275451139
-1398329469
1942520620
-1133356143
1264246474
1818527366
-623598906
211323534
277062374
-2095052116
-380551761
-1746211757
182292214
1945387540
-1888678728
951402561
875174124
437650099
-1991752596
-2004589797
1099149872
-22220421
-611512478
-2006328121
-1573962723
-107851847
-1050355245
1489241685
363581358
1969535678
1245594219
408161344
2093665400
1965408705
952157283
-549760780
-1480236325
763393539
-997691697
-1139936368
-253489804
-467248844
-1357562572
-1480556820
1939844565
-1230877163
2130634077
-585956131
-1704247176
-1378390178
-1808322962
-1317262921
-1127195664
106688737
1647453497
-1933908973
997715808
641625838
1114423760
-2124548911
1130099761
1220956153
-1472212390
805067616
1811285759
1319509114
-1082769622
1758087740
956963795
1461776660
-1225065459
-1880465480
