1823073287
1840233180
-544734376
1202699991
-733644737
-1920283688
1214659212
-686003176
-1574960495
1867168344
-1857615950
-485893218
1794497121
1064729265
1181062694
-296679227
879418539
717112892
1170405594
623019876
-961363569
-1389585262
-1308072583
-978580963
-1624586736
1690936310
-307266097
-1570801163
1547546136
791649554
1427852135
64713510
-1191746881
-968466970
1540542837
-266454221
-650268468
1229391869
1220040950
1705608253
-2097681541
864579041
220650261
751735189
-1261996160
-173548592
1032924624
348098962
-460357045
1856583599
-1915431205
1853636771
-1624610418
-857428930
170698948
1518152103
-1685088517
1229411212
-1513255337
-1738401925
-292236206
-842034003
1408903235
1595771860
-2052957286
-242931541
1308631293
-782217393
-2040453202
62388921
576477924
-1297781050
-1948301062
-716154962
-848208731
1987066341
-551665018
-324132687
755867616
-766306564
-440683724
775681328
1135977995
-311476202
-979054779
1287030805
-1048578154
-1165312695
482962977
-2022206405
1418686800
769339471
533442647
236397598
756712456
-629586603
922059233
1991057618
-1632351625
777641235
-2054325075
-366453706
-1267295907
1810318364
-1321668776
1339001449
637169129
-1490678922
-978252740
-648814981
1107189341
1190549101
-2131917652
-752599449
-546246414
-1027886685
2101810302
-1272233407
546241784
-960313492
641253833
-1273924949
472152641
1734182232
-1047603985
46168717
1224762047
958629648
-163656483
1585135620
-1517122964
-1118971291
2081674129
-1297475430
62165353
-1593675610
672102108
-1883665224
-49458070
1993658673
-2129221272
1331519064
-510623920
1208410444
-612413443
795920126
1435641367
678286645
-1735205121
1674060008
1509984241
-1181966729
1163840571
1406627716
-1915461453
-1330222210
-1435248414
-548111583
-1377145744
1176570989
1757509588
-2077068311
-1501626013
1224233263
-20261854
-1279242226
162456593
469808332
1229405134
462575940
-286344785
1483270653
186118868
1685233006
1117568192
1448025345
1318695533
622540443
1759942658
-1921515855
-1778886510
-348611021
-159937654
570617042
-1517319234
711032685
-1308540882
298306474
315315960
697613572
1173613858
1019241685
-945290736
866491945
400602085
-425173160
-148854232
420042426
-582265251
-1625545482
-170893706
-1460117836
1516153664
-1724888894
1946273095
269044966
-2142669642
419447541
1604685126
-627955481
88046908
-2041801215
1835544317
-1132959670
-646635829
70103269
-459029860
-1243149553
959027257
-664657213
-1032655367
-404386980
-566831906
-166464593
-654954792
-1807641492
836995705
1096431305
-114490005
-1259817786
-1273048747
-2022102643
-69680357
518946738
-702899545
892630121
687276425
-934358552
-1515411142
-575905649
-641858097
-62706294
590606413
309860108
-1897556982
-1141022379
1597668539
-1640219367
682293020
1476980498
1441418332
924746161
-1884864338
1287120209
1592637355
1533800547
1232799091
1628905561
1186615720
2043747689
180558260
-281991590
1020223999
1423998712
-50458105
-2061102364
-1889575574
-527136807
-884831135
-602782308
846069843
-1656727753
-2011003569
-1960523732
-1260195908
-1220865605
-1843905152
769761147
329974883
1388263381
-157453434
-1415873506
-1073699808
1496878428
-1361709603
1593015821
-1131033198
-1647286694
-406662869
1843724185
1675672058
464612640
1535352521
1355717533
-764003994
-1770441313
1434433410
1615389427
292236561
-975228422
413748889
162428202
-1737964535
100523094
296270096
-1203736459
464870930
-282842636
383673639
-2146603803
-2110900022
937597826
1242449442
-2022672678
1615612685
1802010285
1399830607
526433463
571536026
-1300548358
1074340167
2032264148
-1134733322
-1483041834
1844367475
745552056
151104656
-1132285461
-2072976430
-79483257
-167794907
2037167540
1690055928
-755768903
843965029
175470931
1965986393
1295815180
-1491074601
1856640930
1457440967
1902200763
-1634615047
-878201209
1843216697
773920752
634474666
431825547
565851853
-1424835466
-741890356
-1806561363
422234383
-888769870
1543742501
843125620
829845115
-466463277
311899269
1326361667
-1796568256
495822920
-18625234
-1581717008
589967430
236109938
860220783
1971358614
-1492367758
568757403
-1671068270
-1111120214
-400905688
366993957
1189832695
1293888332
367590161
718801926
-2084951936
41277919
-241032163
-623817613
1271598640
-899645989
1385684939
563561947
-1548354802
-1735884319
-1919959897
1279819542
2113236559
163262735
138241556
-1367902498
409339059
-725796459
51524939
864352893
261298990
54215816
-813281629
515683272
1196980171
-1500793098
813682450
936911435
1585126605
983756857
968936947
1528525765
408529431
-1646487152
1653421833
-545067050
251064525
-1286481173
-1555709757
1773071094
245865786
-929199867
-574258495
-1431866199
-841606413
1550622904
-1054609258
-982502160
-992078019
709534604
458570959
-386388734
-567065173
2130618768
-1438685132
1282953020
-1810019573
-121160595
175800653
-1777393067
26014338
1964003255
810997799
-1516837931
-47378186
455076486
-1070847400
1536613831
-1156334933
367744581
-1180628161
-989338707
-1063342288
-1609570615
-557183856
-743494989
1766858620
-788025435
1878289167
-1487802072
1898918483
56867515
-1477950565
1228384553
864152302
1717212182
-2035641235
1888983710
-1309911590
580075255
445091489
2129277034
1381703712
-2013140947
-1934492682
-572168994
1071512741
-1305679447
-1202930479
2037317997
-839353389
1988490065
1014997639
1564911014
1563834745
-554930924
-1937167909
-472594082
1698268399
-701798850
-2958907
816524844
843704190
-2036947444
-668579211
1763079193
-187028226
-1861242493
1769805974
-1226324584
1054069439
502585981
1439058135
1217973939
1592787116
-1760973820
1000333222
1432056711
71594157
-360101918
1638641982
2127165938
-1515394995
-1316451976
756198884
-2080138614
-1474287459
-1344863794
1899638380
374123728
-1500940201
1860903147
-2065496830
755557029
1806576709
1364664423
774002214
-1722202372
-1523002909
1577681726
-819954184
-401673264
2088362051
863321830
965379509
641643352
-1610083536
1877664162
1650912641
-1731133319
-815213418
1462585880
331796070
1563236988
965433376
1524745249
702060700
-1613422592
1852263715
1160027872
-445517302
951346482
-574993734
1200132117
729446668
457210170
-554870223
-564627277
-285642889
-442462472
-1428274266
-447193425
-1893428775
-1391051537
232685805
297512986
871276292
-635582335
-1863058764
1104421745
2121814989
-613715876
2072376295
1197328691
-1884365039
-1085380044
207800149
1652695732
311366136
1717143474
951147411
183849521
-1053503363
1002223275
-617909984
-1355958237
-1470986707
-558247787
-1540608310
552047064
606380846
1347579190
233869391
-1356108482
1622238594
1609804957
-1105355962
-1171814911
-1117425011
-994038698
-528843201
2040094681
1176634580
-1905812520
1426783785
-326749668
-103173625
327066690
-677849612
2111174810
-1926951615
-482273466
1182854262
-296862295
-32986739
1624480101
-1132231534
-156831362
-1447411540
-575063204
-1952134249
-716905794
-1379204588
1266988765
807234021
1875553364
2147044924
-384548222
-802096682
-1033229180
-1555275242
-786288386
-1162180390
1122883904
-901728547
-1511796843
-526547229
1964148154
619977232
320026573
1867237380
-700486342
-340999747
-866645914
1383562324
959682353
-905518846
-2066859642
1930576408
-1273173875
-909606704
212435000
1747498528
100562510
-434921230
-286853865
-46389647
1217457496
-190126771
702935622
1471302436
1797333899
58545001
-1109631838
-1408423539
782116368
1492247599
178900027
-904165986
-1672914699
-1380717068
1188055039
1601471885
2089843708
-213013834
-1567586121
-1617466443
-2084394833
-1947312476
127072055
590514873
1808702904
-2121407773
1717950929
-1029515282
1179249518
1433901199
1789682954
351256570
233166259
-110950401
1952555920
446505400
191889148
2027991117
1129146730
-1662545057
2110402736
-1589261548
-1191655823
2090685922
791008438
1739196539
139635710
-1039623528
562361417
70682482
537704932
-813301985
978046990
1479904827
-792500576
-592682114
499869031
-1656305876
1367602895
1989770889
559838473
-132905550
930478048
1833489545
305651403
69130137
-1886047735
2081485851
1369073345
-117479799
-1765522050
1723669848
-1843447927
-1745785389
206530272
-478693578
103921124
-1693169555
-2139492621
-837011667
-1824753272
579820347
1932046740
30236445
946634547
1461477264
-244953111
739702126
950855683
-1316138509
1922955737
-1213179015
1053743620
-1812199131
-2093198658
-295197146
-168405494
-273827486
-919769767
-267182891
-660728127
-493557785
-894823674
-2115943807
51498242
-1660906828
-1204434384
-734147294
-195080857
-1817210733
584208390
-1610338477
2142536481
1617653080
-964396690
-1138845643
-114738168
-1682028951
1653714746
87723410
1901142515
294349696
1805416857
2786372
-1142721207
-1601517649
1530515151
-2028070184
-57975592
-970762588
-1811932888
2018564717
-1832067355
-1121899986
-1951651799
1281991138
-669526141
1653064703
-301498103
-1581048016
719552552
9029555
637452895
-1166542061
-62759812
683362576
-1777463524
462658287
-603479948
-333170033
1628746938
-2039309070
-7052385
-970145765
134250677
1751937653
972305855
1052076568
315914554
982629543
1716906139
-1404461914
865463582
-1444851860
-1989762285
695904038
-1159327983
1779433090
1742901620
341200892
800952338
1478334693
-1844459763
-1529620330
2032332069
-1061964171
1376593154
-348209747
1359701060
-823051307
-14132641
-94980149
-433994606
353351829
-1073000080
105955340
1445826006
-411171950
566402639
-1034085080
1736971046
-1495418468
1336132285
1846721712
-189491998
-1140358566
1899191093
-2090836841
1695253988
-1122746518
1553500478
1084770547
1337487349
564627916
-1758712063
-642534907
-1236456574
-375774849
-1886924774
-1451827594
-920363378
1508455276
778120114
-1905279517
-1124567318
1387895171
-1162026035
-1342398565
766743460
-57902813
-1680620064
1285624231
-506457667
-2068520001
-1800697690
738929674
1927852061
536108478
-1810033869
-1274295223
-1768784181
2015260577
1561305416
30967085
495586648
1426171242
-279881495
1628849862
-1847554916
-1411997636
1592468781
-459799885
-294856796
559685182
1733749332
564973729
-1248880662
1808866501
-1898158306
1116559121
-1567033146
1097627826
-1110812838
-147817379
-216949211
-1610370793
981904316
-1446272004
1796199032
562606112
-1882592525
-1245512700
-1931665426
-920601040
-620294149
-384655632
1069533412
-1407909046
-817727057
159485347
1191105436
587152050
-1582317663
1820050860
1483644205
-1063551789
1922531374
1786836939
1950295994
1053967203
1132690380
-638999884
-442198042
1713114052
1824559525
278697490
1350931846
-913163347
-584355479
-1117052466
-1696431208
286731273
1765152352
1214936464
-1000094860
-1657176545
-2040438850
704967813
-1163102399
605363954
407329338
-1561951901
-2131593302
-1380541206
1359482592
-1886189911
473133264
665564083
297003814
1504100139
1584028289
-592039324
-43248066
-1431043379
296206250
356818916
1956792234
-374695026
186812682
1101414793
-1570311404
1609623240
763248424
1982228481
1968037215
1461143221
1675556742
-40556939
-446796039
-2020431819
-1540202217
109172714
-100247694
-999087923
1100522477
1154356971
593122898
735570163
1867450422
42339173
1113210150
137508488
606705769
-497732911
430603996
2138880933
1707619003
1102907031
1418125392
-1280979559
-460931624
463807665
836181542
-557418446
888108239
-885858673
-1769497639
-1902051013
-2072936883
-2058333638
-1848283116
-2121949114
-2071117043
-1691782724
-1990303168
-479957333
1154168718
191339710
1991945566
549442512
-1746334457
-379932559
376413206
379777450
1727298968
717795761
761745934
-1225534078
1825187777
1561032040
1074484863
-273583876
1625435415
448129840
837071878
-1373003948
-1329887180
1114697276
1333641655
-1523336469
-690860561
1884930167
-1687230088
1128302338
-467907124
53122029
-868155509
987263428
1623901622
-1743272342
6618988
-1574079863
-1446568725
-640502944
-1591066148
-50984872
-45360585
1523400717
1788444733
1125850286
-1856353948
-152599075
-710133472
-283455875
367035376
-2023538932
-910341604
1553885559
-1586835200
328128911
713609953
-756937333
628527252
-1017883596
-1898007156
-747582801
-2043927044
-1124709881
-1165211589
77608160
1671992715
1997000696
-1053357084
-329075610
-1873360503
2035419322
2032893026
-877128100
1399042669
-987458835
-373273136
695738735
-1621641653
1169962366
169847578
-458542362
-1231871093
2117955150
-1471329840
660678625
-1458398501
-763967727
-161913027
-80275739
867935334
209261688
-1575091528
79732119
-792665019
1364329362
-1276843719
-2095987001
-307191242
1696045423
-1087740369
-655176528
-440952693
-1606842106
1335471503
-568902787
1758281316
670532440
1486705456
71710735
-1306656480
405398996
-928029867
117042941
1549476112
930900733
272232587
-1344770084
-1193335443
1326498122
1469196981
130578623
2047941516
1031351372
-2052762779
-1484196351
-513796785
-1453747178
-359652500
1541028417
-925656354
-1006655784
63862196
-726388051
382010263
-1373048627
473582412
-51045501
-350164414
-1019736489
-1913750332
78149845
265236617
-1350017945
-929911622
1136547724
-1932311130
-945698014
1759203252
1376197294
1268622429
2114238145
794942768
-204973853
1059241005
509602488
1520860666
2088996404
-824526398
-1920912614
1129171900
-1009801706
1024516781
-948756421
1606579675
-1229807193
1411414102
658563222
1586225024
1928912438
-307734992
1208177905
-2111304972
-170147831
1906163503
57197246
390620720
69322073
2092568183
-652556092
-734638924
-1677834847
-1387905195
-360941058
1461539479
144138519
-1912438670
-646659389
1313254623
1753015418
-1743305147
-845710298
707939090
-71097074
-505376567
-616443489
1932490252
-132048668
-801417104
442817770
-203421677
-1851707553
-1106749866
553884719
758026792
-1050104334
957782969
-300439966
-672071009
-2112776914
266054825
-555597332
1240899826
1716474363
-813297157
820363658
819557073
-883507419
-1991076221
538790773
1507352188
1762016026
1071358849
-1849200957
-595550635
-1638738447
1822257243
-1032180980
2067945904
-850666578
-899614324
-797094320
41252589
659963588
1441460956
-1814934248
-921634103
-195713318
309012689
-1038157606
-1213691664
781264850
368837989
1076017313
-1217865258
226354438
726215672
45361133
-1929037370
460989652
-1687199609
1757364183
-1474992838
-903374756
-1785254370
1419406969
-1484499347
1052498824
-68222837
-276086644
1688590382
-1618316980
-423582380
1153007953
2039607799
1719386158
-374773782
995751093
-104693442
-984034552
-2084881123
-926412881
-1763666934
-1458839028
1153479122
-52931860
-1535878968
1282533385
793022708
857942958
1694742366
39438316
60388520
-979206415
525920128
487704200
724350660
100287183
-1670670269
-659792743
1613984897
-1788425691
-1560511249
1748083974
1400346990
-439245195
-1499704552
-1115493530
334898599
1530414093
1507112431
470425284
-379641017
698197097
-407219499
-945345370
1855651610
1265818325
-577416399
938051660
-1149224809
1291333462
-356118654
-1278975435
1075813644
-724366390
-1864802377
1875923942
-138640870
-684517554
958471358
-1860860947
-521555100
-240966689
1297786714
1820689956
983238531
541643331
1597409337
536640562
512151612
-1944055767
-332300987
420821591
1597086197
-1158818673
1096845369
815035495
1991372387
-1351106973
-1562979720
-622119146
702615176
826571117
1835366937
1066479991
-712452132
1224936811
216177734
1174115006
661539018
804617085
-2044317498
1207795789
-14985123
1335709123
-4158761
-626300947
21108027
833551684
1079481153
1084928603
-406962223
1094406673
-220917849
-1620338169
383374287
994845097
-1470002401
73607703
-2117323561
153358239
-607341563
-197678671
1672671856
1059533946
-1833090292
1949431674
-222406848
-1955803429
-602947691
-764765863
-1740949638
1280860901
694990147
2068939903
-1262046572
1151003608
26488526
-946085461
-745546691
-991755265
-2107274728
1016287658
-447315826
-1500698932
-1433929347
1584821789
-1693091969
1947431232
201934446
424854142
-465945700
504267920
-796022464
1421597028
-2077050889
-2070974715
1711589953
1917123078
1916109152
-155926749
-1652211700
-236633603
-2085097773
64693517
-298770658
-88619187
-1320630991
-1528019417
823881384
236244645
-37918157
-682318083
-498100570
923902438
-1005923685
1481887587
1805196080
-582432031
-2147311701
-991425316
2025535759
1201976933
1287659483
449410879
-408078446
1594033016
-2011683131
2013141911
-1150712926
1898382051
-1206259612
717975883
170584084
1725311731
-706837635
963083646
1104443198
-329153666
315049820
-1307686728
871758284
-1903473116
-1843150653
1732676293
531101396
1726508758
608283167
1936371933
-1349015257
114383004
6937341
-1741053436
2135717353
1190036114
-1400917317
-1920670285
-382355357
665364787
-1977615742
-1152905032
1755903767
881156057
-310939021
-103834534
-588917228
-704858492
-1327989216
1951632320
632707723
-1562576935
479896637
30180242
1821856675
1344127854
-599403114
1796224992
-1883374455
341051460
-206131388
2125222979
2081237962
-1223908460
134753307
1086669377
1365091300
-1670666290
1541568870
1504735733
1185044761
-1228238882
211149525
1733822703
-760561530
-1292901712
409209270
1844452184
1607629940
69143286
-1647781021
576967514
370080238
-1008244952
1790442235
-1637668162
885052307
42325452
551195220
-1855972650
1169690029
136069623
-467354064
-1386977636
-1304985727
-919145453
718866862
-1072209125
313851368
441428705
-58479358
614294029
-405202146
-361054015
-807500952
1626383045
1343918041
1835721009
-1859523499
1749937487
511615389
-725871981
-359265297
47004628
1707678286
1077876786
572202687
-543091133
-587487994
1628074118
718722213
1249739822
1336779817
-341412937
2129651467
-94258959
-1010641739
654202463
157310557
-166863335
-543665442
1880626324
-1743111496
-1155489790
-47918119
2050066724
-1241418783
913203393
-519952136
-134138590
1416725624
1490957636
1025728502
-1984070751
-1263274900
976687288
-1889790828
-1670031937
-1640982863
2097791530
-250427548
-160316699
628583985
-1702188944
-2000597533
436697420
1439657471
-1661452215
1283698637
1488231106
-1577809710
-1185287997
136775085
1272869293
2086847408
-264980003
1445932211
-1690338736
858996713
109685100
-1151114295
861289548
-1301581754
-1890829758
-186702361
-1003898774
552463746
-1883438708
-89795162
180383383
457154041
1492602491
1099763219
-1041022929
1128998047
885432357
-2143638330
1645589118
-797455565
1438848430
288418098
377574786
252206003
1493318818
11799869
-1934994698
1409916178
1956372901
-1107647726
-968922741
-882940120
-266811570
751971382
-1221076872
-621116951
-1529125042
-1259358759
-975831243
1076937689
1391534552
-1211834770
-707938942
-573299777
-2068021443
841425021
1026138030
-1304645224
1607428053
-174033225
964363029
390376142
357987877
-484594357
1519640297
846536105
115656510
-2027948937
96685365
-57356283
662826339
-606304159
495480863
481451333
-1965954834
1359905318
-298815635
-958546041
2135509875
1760306739
1947748937
559200281
1792928037
-1359854636
-1668054712
1462291242
-37307272
-850560502
1124392104
1553777348
585359368
1775400352
-523840807
-1696404231
2073150136
-386696064
1951748926
-842757796
-1422329314
2100484674
1392703796
-1722934861
1612601118
427229701
-190846126
-148665878
-385015596
496925058
1645800178
-36019383
1823447479
1677648221
-1686546448
-1880654103
235418362
-983847234
-551342927
-963581084
-1547693515
479619616
1471952487
-148112949
1009110340
1159956328
-125825646
-1191533092
-1342078865
-865326279
-1667591479
-2021995148
-1592679733
-134844026
1042740153
1663888194
-1336525601
229837160
-122979218
16730301
-1568250487
1114126897
-1179993903
-1176118441
-664393438
1897899456
-194598287
-638734
-1552859424
1996315670
1551570565
-673017965
-407818116
1178342441
-775933903
-601559980
1608243220
309566968
121053960
-36102753
323049553
1292624351
-1965669934
1566608537
-606145844
68157739
891477390
-1245681189
-1604427603
-323326991
2044922042
1752230247
1746899349
1598816283
-418264367
-414201383
417658045
-2008185405
1759807508
651664092
1285075039
1702632643
-1051156083
-1092585761
-1272747180
-275353716
1672253776
860234761
1085508862
1330233143
1889011460
-2095394710
1230903143
-1210376999
-1958033247
63757682
-168788054
-1625660390
1366449018
-652644698
-480434031
2096220936
1443019133
571256720
-1599970433
247339816
125736634
-2115238666
-693757040
-1463228466
457177889
-1057645233
-1736536322
1543460270
671757455
1336153202
239254214
1687504818
-2026216181
-421781872
-519873398
1357776141
1568420172
-346722716
490188473
-1004491633
-1774431362
-1309717848
-1476967700
1711278395
1886066245
146048714
-2062770541
284335126
62716929
878301919
-1904050736
1163980609
1941444179
-818112808
-1945640798
1481475657
-1379872288
77057266
-542816698
1208680382
-381601195
-1811443853
-268453159
70925314
1228012202
-439661166
-1391682750
-1098670750
352099753
2059525046
-1125960882
1427879274
-400371023
-619064605
696752667
2018833268
-594625865
929297265
-1872990022
109389954
1059881357
-1872986370
2124375824
-2036403123
-2119317658
-174342747
-1641108740
1196191645
1264295577
1101865583
-921459266
-1487296549
1038360997
1578091273
-617501802
1913831396
-161684107
848959159
-566394453
539150879
1183042532
-857329528
-821240274
-1598181423
-1696859518
1426778315
-90487105
280017327
131922328
272214465
-1357647601
1251642804
-683262103
-148909165
-2147055162
1849996852
1997122490
1885727622
-1897462362
-1708784079
-245123179
781585004
2018959599
-357142803
836787529
1465269853
-1514639099
212998848
695729332
1065014183
-1485624240
49471787
-991969341
-1488996094
-514192285
996436012
-1076018375
1798796040
-1777111457
1376290515
-685406288
-1267641629
1114903961
1648803093
474705629
1816126535
615855226
253416671
750930200
-517749086
-947413082
1466171502
2050832154
1643013522
-461074592
1305938397
1744593927
225658007
-23162067
690710527
-1171956817
391500297
-1438934090
843336814
844366096
1760359756
-1345634574
-2003566876
2070276383
1595198529
-1925539196
-905373240
-27648569
-1235596289
1960409185
2025487372
1866173745
-1250707262
-883254859
-1501559755
-475223738
-1112266461
2094222343
2062772411
-384894095
2035779721
-667112294
-1539980910
782872745
2070400223
742080022
-1819568376
215900590
-741125241
890745960
-2052421167
497785746
-1755866739
-987882779
280029280
-1599017862
-714947809
-1941522251
678479223
-304056155
-784226756
-1000450194
-230857727
1917213613
1729580204
-233189377
620956703
-905029107
1534468399
735773135
777952640
1987356387
1833057273
447453221
-1695845643
1708573174
-1878556068
-2091630134
-732730557
1139126777
-530215481
-893567252
-1005180101
273358608
132025838
-198219452
1002040584
1327960468
-1334470070
-941942149
-1419153209
-790341357
-564386108
-2038655799
69722716
1514004378
-38432852
306958815
201115779
-1305514699
-680333073
803200007
-1509469915
-567238730
-1850164087
1099699592
-276197652
-1245635915
828556344
390074958
-1158579175
-784780328
-1974293902
1918429130
468637332
222469972
645918360
710743831
-251516604
277930163
-679475094
1401582941
-1058892127
480871383
-2035267907
-458246534
-774031226
-519544258
-2070780564
-2059305506
539633995
2045540486
1535643275
-248178250
593529363
1843269684
-1003963678
-1406579636
468982369
-1765326416
1026598297
587712429
-1388563215
-377220461
1572783919
1355825035
-1339210299
23049253
-645723216
451425637
-1679094403
-129456607
1792882727
-514268444
1558922731
819839418
838873936
-770251128
-1899660314
1494380770
1228187026
-234514813
1900425822
-1555524151
1083253803
757210596
-1675058511
1419962019
1177377708
660654072
-147083716
-1438989906
104394152
-1417077268
1005311283
1477492083
-810158680
184793783
-1166719307
-1539344053
-2111674015
1129773366
362700314
1131180580
-447035352
1782440088
-2062802545
-1997873275
-1296839259
2048324348
625448421
1640029391
468720583
-1004617129
916716453
-1644207420
-1919807497
-691769445
-2036119193
-1277045427
-984008817
-1163626475
-881363101
-466474633
-826402931
-627542762
2081714248
867887038
-1254737021
1896919509
-1037059252
1247841934
-1707753518
-925451373
-204983420
-99608314
-1434268905
1067864064
-1868472203
-28791298
784509668
-1476637219
-490519574
-1125991605
-1653635150
726764514
13152519
1108803905
1407247382
284277217
1255375006
-252947847
268458803
503099434
1621046976
106630099
-1075359121
-1826434767
-1516245609
-186545986
121213545
-225222290
1755617651
674568118
1859910442
-1365378684
-1135543774
292500238
-2115647590
100038309
-1640706685
-1680932369
-979495884
-1482879693
-1467279523
-987535969
423533821
610427307
-1073376660
-76409082
1750066866
-1055274050
-659185987
-944465810
-150845632
1493837760
2087010619
-338952310
-567639688
-1102063035
1992820872
1817762745
1941956610
1541990921
1242884880
-2043364213
2015706002
-447851504
2115465820
-1893786493
2137307226
403439118
-1109932125
-2113424354
1931151039
519760648
568227238
92043540
1834222414
181900858
538047421
643943901
-111701519
992516155
-478589396
-1635801738
-594284451
185072223
1460699066
634822500
2058763214
-777790372
-594521980
459038713
1004084726
1550929967
1943326222
1710139605
-843262670
-1286172608
1319809178
759231919
-663024642
-742394940
1350386109
1551933781
-1352911957
1625638242
2128844846
1906824945
2124109391
867917848
-1197130528
490197901
-2109697028
-2039990688
1102810451
-1701364776
1879686963
-607279218
-2057933017
1775864362
-1579430758
237094779
1614817522
1820383429
-558954003
1439792231
-278563758
404458589
949178418
-162228453
755244357
-5004583
646489392
1332267342
475251383
-400709029
1270612001
-1197793719
883002460
-1080974211
-1166072410
291363277
-1827608128
1993890270
-1689399558
-1151147724
-222253413
-168042020
379687018
-1781460267
-684384151
1343382178
108606212
-127062099
-639841990
1302744420
294614414
-197838022
-493935674
1135581929
1636329657
-1116244566
-918457148
-1706701751
-1776559466
-128166859
-1776327301
174765048
213288265
778902470
1106916248
1640647426
628290811
1612120544
-2066052542
-162785641
652630293
-87754817
1219385451
370598346
-2125679446
1764262845
-1412614039
-479211627
-362601932
-1981002505
-408732476
-1427502816
-2064245118
261176624
-998558127
-571700158
-1659564303
-1126081292
-1319188609
937942599
-2093254950
-1703817728
-543958800
-101865740
-2133618614
1163888609
2040808267
-1560774713
1987918840
-603407654
-548027824
-1420672126
1539275891
2101280010
-1211792084
-479442454
-277221221
-678648370
977006606
-2107409460
-2083585711
-1695941788
-1434295559
1251515200
-157895055
1441076944
667818459
-1821139919
-738892032
436838914
1659927007
1658718491
45136034
1350816824
-89235457
-143101930
-1802460594
835473569
