78356748
-313351068
402481610
1519258740
-1731350271
1715171894
1656558679
2064459626
2123338869
1281833483
-469796089
325030091
1554344879
1778560125
-1961883093
1787897623
-591356615
1904909600
1892859132
-1383990072
-585175818
1155845639
2044417231
830798191
403402874
943419277
-1017325690
753199388
680129685
145381457
1726873929
2040569346
-1243961295
37304706
-1749639818
1486162011
470622301
-158444708
476379861
492202121
733415849
1383689713
-1551241456
-1956118659
928258739
-64021972
116202849
2123620700
253369346
453541650
-581798771
538627679
1298471186
1813788491
-2075846640
1938699770
1267535535
155779809
1410017433
-559626176
-1304974714
1116950854
-366403656
-1988347515
508424184
1480779675
1242739413
113318980
501667377
121513775
454193508
-1218448061
-2081082503
888453189
357601878
1374744052
-6780471
-452748007
24421586
-46020322
433424545
-1931939547
-1109059548
-1921516100
1668569112
-516040544
-178073867
-696312795
839909684
856777799
1944990140
991289708
-532445317
870804830
-473533324
-670130935
-23689270
-1528123911
-1138031729
-42087240
982806628
-1567516297
160582698
1306268321
1150723661
1521072463
-1568124031
1942940088
-1938084903
1748341262
949670308
748534886
-16343937
2111132832
1491059562
-1919991447
-901148174
-1540169779
-419518554
935674615
-1269905806
309188102
1735646104
1324037161
1842907230
-2096313502
-1119303002
-848414569
139023118
482660322
-67967669
1933279807
-348348193
1404623356
-222915761
1684810154
1091717774
300340567
-217410248
1511253073
1392510921
-2070914606
-1974761216
1792687420
174187779
-322351414
-271153657
828126187
792445575
322371228
1855784011
-573676166
-1066716977
-1766957464
867402453
1563829247
975846934
1393069592
2105516406
-1525538762
-260503252
-311372640
-264134221
-1263433376
101526920
232758406
-805272835
2013448039
-1966908253
-1767230299
2090806821
1217475397
260094083
-347645651
-296459250
-755273305
1983300501
-85669651
774267811
262296525
-57280064
-1167430956
715553547
1323983539
-735549770
944490420
-1808271333
40401013
-61944436
-1286546359
284240908
2129923055
1194341772
-1735686278
2111600237
-434105693
1398075466
71243998
-1253405862
1380293855
-39621388
433308545
2135320814
1163497503
604400878
138934503
-1387352075
-629595217
359230878
-416419760
-1535159322
-626064492
1764842371
1415831101
-1399728625
1093483948
740614796
815374386
-1647738862
5659924
-333910105
1621024958
256135567
-1447929911
-1813301353
-1348405320
-109013726
-1919798639
-1214392566
-214955318
426922128
-1242595557
-1308336150
1230451251
-293403588
-381478811
732162035
-1685346872
1418292703
1742782813
-2106790779
-1426901445
-781303177
-14972469
1561272250
2076350111
1074664320
592518509
403993275
1920481835
-1908944031
859332963
-537792177
1455475261
2108337449
-1515060275
923943604
1897822370
1726817146
1713365426
1925637042
1513927188
-1140675899
-466458845
-750096916
-647105277
-945540425
-1721152096
1120895097
1667879064
-420261134
-495493959
1396514226
-1220718602
921112319
-879816456
-1426943411
-1916774974
-1892915837
-1097315074
-201705046
-469324827
1227103921
799897835
1605612396
-1284781168
239767040
1631630339
-1871487412
-968580736
82656029
-63964019
-199349207
657642114
-1478646239
2065265150
1537614690
-1899412423
1427086086
-1448143529
-2067979928
1474948639
-888879017
-1160008758
-765939058
1396782793
-53572313
-1585403997
519770915
1036214638
-1551224253
1907309414
1180872130
1498730409
30081706
163380019
746760935
1779309437
1554577213
766947442
-356751931
572083610
-1503532622
-1833286741
-1015358889
1379251166
-756645170
753590453
885940405
1237589022
-561293357
-398411502
1035487656
-149588187
-173413578
-324532071
-1128583040
466757628
-1601928044
-1359396779
-499247580
1508934507
-998566937
-2071037011
-2086823575
-803912769
-1848732684
-992435260
-1113071449
1218507982
-1491886073
-308746974
-1410004855
-1051091912
1481388258
-779527277
-11064283
-355458577
-626281230
-796256177
1035622988
-1835713288
1183315908
303425115
1383992354
575268978
-768832329
-116100818
-2066288400
601072855
829272305
-1319784042
-1285479624
1086130561
-1305290602
358401244
-168289527
1817143920
-50308297
-320957914
845869461
-847604150
-2062879864
-71638500
1257818624
-882118494
-724105642
-1132671794
-269847686
369519740
1578165431
1255776725
-1252288369
645999376
342523266
-1334595913
1553403837
210420430
1730032129
-627538032
-1701895866
900428450
-1703034395
1091089901
1949554248
-2021603975
-1108376967
508621307
1257678090
-1240372734
-1574218470
-669300256
954994327
1310737080
447484134
1264638824
-1980694127
-732827104
1130451892
1942684644
792925758
2103994191
1945693763
-786617778
-1973946393
101461679
1809211317
-546404431
-72249503
-1177318654
943854653
1905103303
942785259
-1246520667
2025937687
643623907
-1941315781
1376259353
1059276728
345244177
1166998994
-1742590785
-1730284985
306950779
1778252951
-283623198
1226492747
1096919309
1976490660
1067092987
-980945244
1027821916
-429879718
-1356633553
-1091575361
73106115
264480954
-2077469669
1895270661
2104249039
-604284425
-1888892460
1702305939
-372213284
879864646
-1515427287
-18344912
926340607
-1600847367
-618284502
-442592645
-1608312793
358760395
-1615634195
-1137436828
1889474430
-1711270787
-323232881
1542171101
-968308972
-1429908319
72609145
1362084048
1452272063
-1622316619
-283881244
-1646984366
1707122748
-1764020365
-696554594
-1714661351
1134966169
-243543450
1966017549
-2036205525
-1721512489
1499497408
1227780724
1708030168
1037490890
536811114
-1371198859
1757020394
-323912892
-755574435
-49055530
-492757734
1320757362
-1632091344
-1257676409
-1282545724
293098885
1573077745
1375570403
1469020126
276293012
741952055
-119964874
-108737754
-1543529536
1841128567
-1503065729
1819254682
1202383256
1752035222
133358198
-996741075
-669925441
-1066874432
-350451504
1778911415
1755006156
621021303
301744064
327181612
327849585
-1594716946
-983586111
-1028009968
1957951710
170723735
1383474578
-323652566
-1387587481
-1427288838
-1770383230
-1187392137
-1289666205
596829640
853855469
797107553
1102361175
-1020955600
594314757
711108145
1709206612
-895861648
1556406741
-1358687807
1343104413
-1287139666
1142277763
1449736052
-1027456372
743168008
597516245
-1378302614
510916789
-229347096
-181014282
83783920
639762507
1518304413
-1480556936
80015926
875984834
-1458049497
1694602396
-2027452605
-1420632650
1898055249
-762466863
-1717292500
348603659
-282796283
372702586
-388553085
352724820
-642721829
-716791052
1331370510
1201174904
-1844987918
31951063
462515385
908846738
541366531
600405114
1118854092
596595993
1974398899
-1268315716
44348512
-636478911
516244775
-54409470
-80234225
1189904287
-1035897379
-1106035333
281095914
-2135523565
2082572730
1898121642
850970031
516675809
-1596098210
1961185317
-1778823365
582412321
-1633454913
-2063744358
-121931203
1671289177
1039761141
-268472046
-193657812
-1776539800
968651602
1946282873
1126471290
-96697691
627165109
1520990045
-1318993143
470255175
-1864196065
1547722230
1879823326
998105094
-787740794
946312806
-1092001260
354078210
1650024937
-1845669824
-667555822
1046877924
1899719588
-130932146
1798947584
-655695806
771709445
-1482301042
1423726454
1666910024
-1985023714
1088251006
401034614
855433107
897295068
-986007911
-2035476580
150699104
-53212328
-1253670880
1010055571
370141157
610557549
1119987229
-1087634997
92007678
-2093507959
-1964874076
1007069800
-1397401844
-935815992
-1718586020
-1461709443
967494682
1521431102
833084477
1285003385
209298752
-1589157228
-1467833190
771132129
1425959244
771010517
2022018146
-148599745
1998572958
1591637897
-143897694
-1471826598
-1404149422
-760340221
232140365
-919721818
1135691428
-1973820169
509347391
416921085
-686121328
-2128872881
-142296705
1762493839
1063553721
-1108394946
-1250037564
7667223
-1585321589
-1779982956
-1563252166
-1796580785
-1801703261
-984744620
984724613
1974378917
-1018558099
-1010028413
2012370438
-1990461393
209753102
-277916350
707109980
1083734491
-1231326075
-669793505
1910984748
-331410198
-839512564
-1439748953
529066277
387389342
-78475068
-635255233
392093246
-1618320079
-1829651056
965248563
900120130
-1873443319
235439168
1535889935
1433566349
-819198166
-1418797070
-40948435
41729559
150920428
1547015604
1130740879
696677041
607763693
193378670
1132508142
2115911311
2099749704
-1995498242
1021181970
-1145669626
1191048966
275582372
260489828
-621363819
1343291860
1761805216
910258625
-2021496791
-1062490378
-1638717414
-1509641072
-700621412
355452283
871552321
183846934
1957496702
-591195726
-1217170251
-594900728
1336635928
-1323224612
-1869586391
-2011532959
1316935597
1634794018
-1295538108
1673994102
130554883
-1804098615
1165878728
2027240007
-606143455
-713868381
-953452299
1293141783
1012594265
1703478216
-1894524113
1282622525
-151769464
-1857307514
-1242700066
124984636
2060964508
698943637
1391344021
904514577
1732232022
147611791
-32304011
-249742388
1758823760
-512144994
-1398579501
1499873378
-312164799
-1857698954
667463448
1676883904
1927398016
-1757863546
-1723433495
-1175771101
-468912442
1742914409
1708058503
-730599514
1245973047
289366178
-644374665
506681628
362695843
-486876280
14154341
873212448
-629037816
-1241002113
2097361476
290815593
-357438373
-2006626712
-1088403270
1222378594
-407588729
-1300332198
-372036677
2028072697
-511728715
974594193
-1061093261
374059190
-687326258
510850726
-1590445975
-143338480
1387218493
-912923904
394220769
-1022786309
988509177
-1369632886
1877834881
2012651461
-465428030
168381862
-1223014602
-1572120286
-1664229206
2094911072
922182744
-888876155
-1350139178
-403330586
962133771
661468592
-1502171002
-1717179848
-113113879
893195918
189221202
619253019
1465627357
-1807265216
1028199861
1454125395
1717472337
711236725
531205327
346383120
-403627893
601187326
1510453862
-1075987544
-1411169708
916839329
-446017235
546392198
-1460496934
1275673644
1743328585
1152511330
-240150313
1147048909
-160543984
-445008462
401115377
1927460513
-1106295277
1582057823
-2022585245
37233802
-1579830178
1995339963
611959005
472315972
1454662141
-401206349
1947210921
713307066
168177858
-1295810496
-1788408306
642842006
1067337798
-201735133
-908630791
-770202602
-1352875476
-1769933359
-1894411560
647330086
1605064364
514476203
-594428727
-1306666070
-1367749297
936126577
-924214284
1427374618
361379319
-878700552
954599476
-1784784300
626601506
1477658395
-1527510788
-1014000980
-470894993
1001788399
111382648
-1330732984
-1498915744
-1962546374
-1951120142
-901228885
-673858464
613432356
1373305975
-1400216434
1594662920
-1901825233
-1544499527
-1345271306
-1784005475
1245065316
-1863917257
-1593042046
-1807002147
-1024447282
1021858203
-1846008059
39667962
-1618246868
-1614421406
155176276
1921401830
-1501147167
123555265
2133075296
1304636625
-1651516369
1399349959
-32883578
-1342308881
-592459612
-2009182018
-2135685083
-1144546946
-728700205
-1177303849
-1491182479
1812748807
-2001743289
99401221
273087622
-364191005
901261492
373111592
-541386816
-766970624
-1185193616
-1889261714
318752841
2042252261
916352032
-1434572554
-2115279118
1997129459
927162038
-1564199499
-14694330
-290102547
-1144042854
1770263197
-1472022820
380749753
1190900007
1727996155
1100168941
1532128871
-1436136616
-1063379424
2068815653
1568646002
-666298174
1655617859
1380512445
-556537530
472902085
-1077271643
-851515191
-1580302590
708827390
408026870
661593294
1390481278
1962436607
191057399
-613882729
117099663
597504834
-160085152
-521164984
-1919714679
49443162
735333123
180556211
1398616069
2112205162
-1735980752
-1765426198
2011942371
1734315227
36637787
1500517396
-535989358
1762803785
1801125116
772186756
-662735986
-1075552323
1657542582
-1930953977
1834978346
2094406177
1721638331
-105386115
443639951
1815265264
424896366
-646785110
1397534212
-1547206356
-1296237239
-1244855731
-1995957905
1458804373
-472851712
-588274830
2033873179
737495575
-1057046298
468046852
1886539450
-602238333
1152792464
1277261477
-1127086674
1337144962
-1848202825
-358017598
1418537347
-1039291707
1710012514
-1627582751
-203851584
1487347585
-1548866236
-1177313475
-155373601
1045066010
-1453838494
1571857811
-2126444392
-161419234
1252630008
1582771518
875325797
-1452067724
-311577187
1835013761
-1982428862
-2130219052
2712485
-215846877
-570455115
1508766585
-20976698
-523282879
827382029
-1478238955
-1895185411
-731092385
-1923860754
394206981
698534578
1584740543
-324705012
2060867526
-538756326
-56811786
488260149
-1115018074
1632175068
581994427
-489046635
-721609794
-1899142153
992841730
-468051915
-320734945
-67309086
35219785
-1983694140
-300381366
1650880756
-1357312720
28976026
559086310
-1772676858
-1792469425
677818617
1064700332
841036886
-944123325
274025365
441533605
1234450349
-474881782
-1393937066
-127162985
-937707324
-802490992
1479835739
1232361404
57468643
2078378889
1347088962
-173108299
-788502069
-1299601791
779966374
-458570051
2014366422
-574099920
-699855896
-1911654111
-88880037
833600531
-2086160078
1297065967
-651734185
-1986269641
-734292807
-1906342419
-120535223
1363252055
-984835263
-1198794803
922225756
-868694999
1304334822
1839030174
1144355787
86588916
526372632
1756171140
857505408
-1701997978
577572838
428923819
287485439
-1965490013
-651764352
1381806968
1985847170
1777945505
1008289526
-1149072895
632274276
-1105486
41874245
-1142903361
765383362
-120788638
691326868
2076446594
-258658978
-485161086
-431759942
1070581924
-1409779257
1735258756
-749017340
-1709551487
2123349430
758359817
-1091954892
-1612442330
845419707
-674016840
1311687627
676490055
-1294068968
-1705557423
-90315893
-2815626
-946081043
106331137
1325398582
1401651858
1973088148
-1965263113
-193364836
1935897469
-49253554
-200087754
-1176047404
1879005201
1626733342
-1631544147
1755598537
1174485843
2014631157
-934424444
-716479240
-363612439
-728949746
-835750984
292373879
96400841
413505435
-2086645015
554106680
-658592205
1013473185
1269310322
-877516914
644433632
-1586861024
-52572742
-2104100879
629644155
-950373770
-313292599
1495663613
83891280
-690637564
-453993698
1946667968
867108163
-1094211311
879088830
1464380980
787580930
629380846
1009194640
664928266
1841775998
806721627
1252358888
1243695785
331539094
37394729
-1196756127
510064501
1715995669
-1639629280
2003922927
-1441928364
-1290723874
1613747746
454878003
-2081237395
266764645
7977360
-1629439983
-1137034190
1813208929
-865027093
1401851007
-1100974176
465350847
1752011710
1456817568
-1651556411
-821478695
-141271877
-1504390896
86536322
-1169612057
1243125796
-14932095
1345198994
876528821
-1189720212
-1251187578
2116822474
-745422698
-2079834851
318048174
-876088158
-409963368
-503504900
1886040789
1415507955
1240683768
-164848534
-1684342347
157604865
-359082024
-2035396596
1916081859
2009026492
40364079
-1424229458
1151899960
-1016345789
-1426975744
-1039014044
1090019437
982659752
1011739086
1443816690
342980715
721268986
-1925891762
1449628781
974826434
-871217281
972696414
773246753
866836121
603295041
-660511434
-93365067
-1323202810
-1526373685
1520347868
-45001075
-2130848096
-1323327948
1653912797
-1815618193
-305764015
1458172764
-1924125383
-1860565656
-430142096
444177525
1413547934
430185456
1119058190
-760314171
1949608153
-1770214324
-2026569585
-7469143
-2008641143
1564141107
1805820540
673537500
-1507557355
1416252084
-405078888
-130252039
1226718687
2140259158
-1093075408
-207220418
1011387321
-1552775296
532900791
-1635696238
-1401036393
1854239771
-2093447279
730809800
1082062214
-117196427
23786543
-603094235
1663057373
1563558760
-379444389
-1013288673
-1601117519
1517518779
-469637420
516104295
-1751461235
-836999481
-1147013603
-1473008087
25357922
-1840125347
1681358225
-1486542958
1647018172
1874833127
-710931781
-397958766
764048438
281621197
46033380
2114947299
1789394224
-1101019111
-636532500
-2143719863
-562976066
1980499037
6599517
-1203252454
-1929833757
407096020
1775549372
485669376
1433701886
-468429626
953738787
-1531379715
-1211386492
-1279665103
1432430604
1514127791
-1998546449
-617296731
108433774
552358101
-933108747
-1333354897
-566824179
1944682001
-1358867203
-1824604167
1790187022
-711902482
-642950450
1352806768
601249993
490723365
-1792824695
2034153127
-804535070
1445356572
1478366937
1046790971
1149891226
923135406
-2135288472
-1206811402
-1149612702
689286961
785295252
-1467699080
-1882354255
1743938996
1340840546
2018767891
-1393787881
-1919592312
-1913105998
-427281161
1699303824
808834305
773296820
-764478834
1060522269
1826628221
500760986
1250733097
10172048
-323407195
2014856846
1136821468
1366111911
1150718451
-327873050
-1081777755
2137574492
1661361267
1531860886
-701444653
-1530921093
5978828
132041190
-715918939
-462204812
-619926655
1371470692
260851504
-484076174
-1459872652
-2115114981
-430163578
-1213721428
-2144102228
-590412284
749343252
1954377722
-2017784233
-1919898436
343267404
677852586
-1083346670
-949697417
572196739
-520410476
-595116953
-2128547788
-178438373
1148887403
-1673782634
-948263119
1523405028
-1057524906
-1908821097
-865668703
-385461825
-344494658
-2099648417
-1905476452
857247876
1669351785
1277623906
1546910039
1047697189
-1551663417
-235372711
915078036
-1124689389
1715637132
1888997700
2025769819
2112682464
1505328510
1925696178
-2084938262
1886042917
1923536527
-1812281536
-416552471
1775048869
1705319982
-1170800546
-1674655006
156865458
893105113
685846105
-101996561
-1994119473
-594430218
2057418132
-1249390156
-95191402
1841764323
-1457986536
1188563855
1509252315
1587881547
1633354576
-1311099890
-1978430958
-1483132741
-730512884
-314802015
-1696859923
218171764
-137839921
-814727024
-407568311
-1023769470
1108941382
-1322165458
1983958858
1164198669
-1543460331
1565195599
1071742916
-103850002
223593433
-1259001354
-1149146404
352768389
-786829206
-575790510
595174382
1925878985
-1218234528
1143855339
-1129661007
296351135
1537499864
524346392
1585069465
-943093648
1873623928
-130309196
-643210884
1830201589
-1158152017
-1668444655
-1272964232
489919060
-733896383
2013780011
1007773715
-1534827408
72251394
-521540320
-745774429
-1988711812
-457731871
955869407
-924861457
581056209
-791102936
-921531872
1047230230
-1795463166
1371006465
-235319405
-673771345
-2009322708
1145217083
889369691
-916425679
-1943384175
-1949918130
-458178627
-765828203
347537256
-313090148
668163092
-734579399
912028142
-199406599
-1133827832
1978076167
-723768640
-21787027
1638579455
1444867542
1171348076
1521006136
-2059007534
412113935
-743427004
1774614549
923195588
1617908371
2114211190
-2072288829
697864623
-132198180
-2041751207
-1166376512
-940785281
-927313566
519755529
-834189481
-155380764
1320473407
284984373
777051869
-1060719549
1093425685
-1654216393
514887222
-442086931
-1575286737
-788098460
1708316062
2113602450
1149056742
280283813
1149982885
-957717001
-2062143163
-872944826
999281531
-1031417369
-520915728
157553933
-1923702675
-47319706
-865559231
1112565390
-1072066129
824155180
-1673765709
-1287846979
-662297764
605590353
190916739
-1462140220
380651962
1589285956
1612348052
1078252055
-1402118207
-583177471
102354322
-1189286972
-225379875
-1537160318
-1641236646
-1702499825
-639786766
-6190474
-1446525543
515199294
-1055409759
-843240144
-1622146894
1141351088
197729225
-1849031454
96418021
-2072801996
556277328
1624852746
1096647085
495931031
947723043
1232856363
-1307803800
1771182718
613265274
-2099647040
1011313469
-2046518666
1246051424
-946343827
180678969
879811401
-62493838
1824822135
1708543163
-443335789
2106178534
1773942902
-1452194030
1838362516
485055439
-90728887
1367932004
1088679494
-491073122
1452637769
-1875670319
-354788431
-1667548693
507461824
408489943
-502872962
714808693
1560962204
-1937074185
-130662710
-2008865945
-416176545
174449817
2112406589
1673208797
1504342617
1909795884
944134490
837901989
1589333529
-1966589807
2121192983
-1741170103
420144416
-302610503
212149168
111816525
-1337545512
1544573580
1116734391
1259226036
419124164
-457269748
-757615504
1309063881
-198676489
842054330
923338331
-1399448293
498868426
1895290424
672904977
1381891272
2059048905
1960280879
-1551686317
-34235906
1268825325
-465806478
-1282559393
-731395137
-1529847280
-1149755293
-381131643
60829923
1489484188
1626668437
-1419665670
1502342499
768410758
-1299721806
-1176567060
-1758300205
1976740730
-198991457
1730661846
-665896144
1256666967
-944858659
2099661077
1631391964
-1077420834
1725645362
-698868038
-2104437019
711167909
820955016
-1211193440
-2083477875
1753731153
1502052372
-1617066303
-242651386
751806979
-1593504326
-1001970235
-2032338820
1182831378
-1654275409
43771611
-1010920615
-1450695429
1099115615
-1720049716
666171332
663281557
718399633
1395274317
-782493335
789801864
1499932873
-1410116204
-985009281
369954815
-2058844179
171631917
2007339270
-149205092
1563498027
793331981
49272145
-1158160212
-666845415
-169030937
544327875
-1257278308
62483997
518253758
-474190371
704709290
-1707109106
125703355
383935095
-38106657
1632237851
2121966143
282317133
-1320452549
231139819
-1692680132
-288786499
1163154738
-121944314
870549696
892584910
-1199708841
-1979582605
-624472622
1081036404
-656765610
681097121
-1257366655
1506817553
1455314472
256991626
181192505
1051335999
1186628737
1485640469
-2042421160
-183316020
171724171
1310250683
595793408
-1183195131
1645585113
-778456467
772007470
-250636745
-416134762
-261078859
424716811
1939487858
1797959932
970602523
-719137918
1140884624
-1484178420
-1449491255
-1725009902
1304196725
-290590085
1121376369
1122976996
-690332521
1065864427
1214501998
-853338081
-1369738048
-1659236262
933704233
1183759227
1577871634
-13144865
-875983426
-244274156
-1185163957
-1304177774
-1100499234
-404923520
2025675850
-748079156
1133358070
544110115
1592398290
-2068140144
1321444241
-344999231
-485016435
-326850744
412600314
-1068943532
88650834
2076187827
-1785362140
1318059807
-931897174
-326494947
860203214
1797500418
-1786733680
-102776111
1004561634
1632652560
1249868920
-1057813044
1477272606
-11441058
-14332014
-1049463885
1302546677
235701789
580435279
2019193605
-49082697
-1029308693
-610310621
-141167212
-884370193
-1359653019
-619579764
-1223266767
-845939445
689070848
-1246824621
828612006
-960905662
-1954637799
2115231250
-382848280
172594098
-603271863
-1642585611
-428885363
-884692792
-1194657794
-1069655868
-212496005
-131749916
359579719
581672992
987483873
905416507
-1586561554
-1655318772
-271034005
-1727369217
1038971595
1897753519
1384487857
-1844282434
-366651817
361742679
2006944751
-60816377
69240447
1801155265
1176304379
61165650
-1035046470
978318487
314203763
-1884721631
-824766883
-1219077063
1646955061
1217748834
-262835411
23678656
-1357574892
-109360361
-2109020875
1617845311
-1890507577
-561146824
324300506
1714637643
1732738340
863369943
221926444
1962285245
-1571541362
1788554117
-1533937538
939962293
1990569900
-903520012
404752696
645766626
-642994597
-1787233315
1018298859
-1779218431
-218364955
1676162339
2114149797
1473733283
-38324110
768298552
-2118907514
2143335218
-945731138
-230628416
-342168429
805920053
1875159308
-2016524685
-333932343
344735698
2026415194
993132103
515602805
1033643924
-208163115
-1070015539
1120408258
261478511
1765620879
-1165476902
-984799597
-235260928
639182190
-1101635222
1184158354
-737279976
-1208892569
892602818
-398394487
-1060040325
1666007020
-1885823276
-2022532624
-520691996
1309525154
-1156273178
608222150
-72957876
1423147863
-47941516
-960671836
-697672085
1633863987
1037495637
-1357705970
-1777002882
-2122608340
169551901
-1691808244
1305957963
-2106373697
1439260867
1307438585
1532834914
-38223396
1604453762
1144357274
-1492662108
1215656225
1204302083
-298746767
-1035663096
-872509621
-1981096261
-1136748717
-1811796324
-788812055
-509443694
-2025518024
2020665034
-1823486127
1337909445
562330449
-1642605347
-1808983592
1285250828
1234210144
-223664190
294305340
1548619774
2143610691
380782610
-2118671771
-2014822476
-473152816
-875830705
373021005
-381333331
-583024408
-424554131
-169470661
-682683407
-719271738
-2144162412
-503215818
359464824
792791192
2003764004
-645665351
340125387
1473342288
537163257
2110430370
441588203
-2088101957
-2135862033
712570992
2050362994
1835715793
-425762392
-59141459
-1581517064
1026830159
-550711156
1044825513
952429752
-89138045
1106691345
-1598638744
300978034
-1125755290
-1218916804
1255271389
-784056430
-1363206929
-1194776730
-1879374761
-972466544
762874021
280084803
622926394
111935898
-1507181962
1256347424
320728818
-841309583
2002662599
-977791893
-1325663451
-239084912
1475998156
1524338296
1676664615
-13654894
-1905128680
490608258
798222002
-1656610860
1608009335
-318003217
-1364487210
-664997287
1727863803
-1579747625
1990223150
1750492398
635111764
194601670
1028148052
-227828338
-535607707
-730279487
479822230
1333107719
967356179
1809954695
-1175011863
-2023826212
-627116449
665046296
-772150243
647349869
1945204406
94649466
357754962
-547994539
-2051656825
1218462906
1924328618
-1050200813
-1770594282
682072625
-468408769
1301188075
-1575813233
480642824
-700701353
13195534
807105118
-1043853315
-146203434
-998051336
533267645
-89754
132719859
-1093065703
-4926834
-324925322
-1990265554
-290385993
43160682
-982205250
1550764417
-1657079534
-308663815
-1555382794
-1718655275
666985928
-363924093
-1398633987
-859671881
-880661381
-114762553
1506340638
-160558517
-1474930000
-158596341
99696277
431817856
-170388230
616140916
-1757437103
128560005
-1291594409
-46851433
-2091147014
2133571963
-1371231271
2143257167
721223476
-1639484309
-1640929912
901864144
1162192165
674809209
-851788410
-334746116
1876896053
-236746919
384367732
-1954860555
-1963255532
710264834
2018093588
544293875
750861824
2025845154
542389551
-1027916714
-1901633208
-2028859695
-1206471239
-1204097026
81941771
2007801352
-471192270
2117104346
2094548293
-1736005548
-922752690
-734236737
393778443
-32370874
-1819284265
-91248262
-1478636523
1463961133
-1677032750
-278333145
1642223741
-2119636345
1261264864
138698180
261695686
467595187
1342109159
238219520
-1272487393
1957188075
364436977
1677514073
378320615
