-141516441
856830222
-1725522638
-698408146
-1571495974
-551443824
-228492500
-586039404
-1150386928
-695805633
1864946815
287541151
-83759992
1914484672
2018145451
74937026
-212987123
1518519837
-1043225509
832977168
-1536817588
1153612747
187860258
1690834653
-217140825
2083923432
1747121256
1822729893
-1374587832
1932111299
19540382
267121964
147983479
1871692705
-2049997896
-1230359579
-536386512
-974343746
1541683676
-1084641897
-748940560
2126666641
652927831
386720061
1706338511
-899535532
-77919536
-1889212627
1797723859
544210883
1387151551
564561021
546293890
734589987
839344415
109220002
1113998008
-852652923
1964769377
1548521817
1346132923
792626251
-1928121436
1000648905
762339468
-2125452053
1854679075
860385769
1598798719
-594521357
-969785874
1896859423
-95621107
-1003032756
-1351902755
-2041417943
-1393229847
-835049278
537551552
55295040
1532857680
1115843011
-2051531301
-976148102
492719781
-618426778
-514466159
504521327
-1369594052
-2064879953
688078174
241148191
324106613
-856798959
1042893322
1130202643
1446151693
296866099
554036507
-1361326399
930475184
501737206
-1039700854
1391889972
-213540399
1388329399
1510934458
192924652
443149758
1240488913
950853285
1797893378
-1016903442
-283506075
-1713989544
-557347953
1347758493
-1779978916
649952417
-1384210354
-682125670
-501066835
243266821
1864704640
500077407
1366601691
515746039
-1399258609
-1715226270
2143475905
1624549703
1858445302
791646890
2134299281
-1576968488
178399455
1474660772
-1063377894
167915670
-521636339
481198646
2142567496
-931457882
-1713465220
441151508
-1514165263
-1402699554
-1903463866
-1361412526
-744785970
-1651216778
592511559
548314171
1065092806
-702061312
1248675332
-263027872
1243279474
-75841387
-779299384
-1049785613
-411881507
-473389232
-2102878449
449961045
-126189941
-1316396544
538599720
1113644268
-1981359172
-1346040808
1684656149
1458299194
674153457
-306458902
437158325
2114223403
1859574959
1543117844
612436260
386991533
17307778
877763386
-1531452318
-852551802
-812279996
-930693387
-707583950
-1883818143
357156511
-1408355062
-1920739772
-1160650967
-1446607153
993306078
-1796544107
1874824345
498882476
683570985
343713046
2088412435
-1392979481
1370785258
-1238556533
-2056043855
604827795
686689178
-1224503370
127024793
-732959001
-1741217116
309387188
1840385173
302759490
-285827565
279463590
-527352861
971790446
86845581
-2080462446
-1003769528
479949352
-120398209
-1035993972
1856302699
-167357984
708302745
607650064
-1933641121
-916205892
1566528380
1906181810
-1283539071
1743567842
563379634
-529952264
-1218973053
1587102710
15924446
512757126
-1001924919
458881249
512540980
-1970673284
-1327008781
1684773844
645514794
1006619931
1173557434
-1731141236
246791023
-1595490642
-313653505
2146285271
-1652897508
912024999
2087142689
-738997930
-385359063
-1509766393
928256142
1468553347
-1330356191
1387084803
826006940
-1761111307
521783065
136721124
1560891545
1632240610
70781150
468740654
-738083808
1058329830
604477549
1180925444
-2145013586
1940252674
-986704217
-425279542
-1152224908
1482231270
600933701
924000268
-347774354
-1317806990
-390515447
1286558365
1528808371
788130170
-717561035
302485763
-837136881
-230462007
-1166427584
-439050478
-1711438642
875336808
-948688441
654046678
-1410543398
408156704
-1495217727
-340969290
744470792
742596924
-1407599369
-151037739
-1727673426
-574366318
3622578
-374207813
34016632
1985084612
-447641675
-1109495244
-1663303301
-2100777277
2028770925
346826872
1595252362
1650422420
252798566
1456341131
-1340160568
1862437718
818492161
1725705702
797314686
2001682819
1373135204
-841502377
-688391378
1211921526
2112949681
679292965
-2130777112
-1107541972
207927161
-573859466
-920690213
959167310
232767859
512048629
-734238674
-1556999826
-919553944
280509871
1922643472
587234705
-1782016655
868577341
613047822
-965154579
-2084540572
925575976
1496981155
1020867059
218386315
315329160
419997717
400908175
-116777577
1891377134
-1672844418
879445165
1467406036
-785962109
-793524440
-77703169
495158429
245678961
-723344354
997377021
1494656529
2129956225
527161599
-1005915347
-627179258
795275012
-1764006379
-1917117276
-1493168579
667866871
-546054491
-1092971317
-457476905
281249377
-1284861048
-472717722
1841187080
-1802765568
807621370
794359762
-773455350
-1148985308
-1480076879
-155402099
-1347134637
-412866087
398725425
373314299
-1730898679
-623395253
-747481250
-1322303897
-1311782987
-26816154
64392018
1434160455
1191591735
1196021436
720505712
-348789821
1206849785
1650404780
271995065
-913669512
201220455
193784767
489550686
-1790627464
-1247408994
1787455829
-757537643
1014650773
-1360288157
1872983168
1253175727
135512543
55182678
666979887
-1491016598
-1427906710
591646054
-450636402
2138952835
-959810220
-93344377
-1678277203
419397263
799149829
941507746
-2053428897
423080971
1633529528
2017780173
-1120769692
492714161
254968379
1297585084
844142794
-1529110259
1294049266
1735408502
-983997553
982189646
-940437471
-1865968053
1256932235
138584929
2045486697
2120250116
1518460812
-1600082117
-1062768749
-2062252452
1589426370
-48560010
575846284
-768240977
764987997
1998947871
722332592
2062341873
850526068
-64224819
-706683574
1773009120
-947150040
1381658358
-195942309
884072061
-198365431
-117533827
71811738
1052846776
1599282104
-671861362
699594428
601706857
2001311692
2001064622
1625968629
-1999473017
-1115600647
406402061
196622781
-1901359981
-313754769
-1801423842
1313691607
-1130011051
1681220479
96291177
649190030
1943318474
-1773906556
-1701991777
557929281
1786643036
1821841408
-1019863058
728812834
828278867
-1894206459
-1917889130
1943481914
102163339
-851744811
874628028
-278125392
-892253337
59547596
-122454146
-260955063
-1353247227
118823294
1513720135
-272353230
710484146
-1175087844
-494982045
-175592195
1173474208
-1999455973
-1897184299
-287975703
-543261482
615058454
2020898920
853964902
1834606183
1925982451
-1789735933
-934310697
-1369486362
-480079547
1995310657
-377390183
-1447877864
-941506063
-697444799
1677391683
-1240273941
-450597357
-1018577478
-952890065
1772850087
-2115042270
-695985839
-1012127431
455276387
693428561
-65218002
1877873094
-1536812615
1924323128
402506956
-2062999545
-511516739
1964631987
-43300592
-1506854785
-1377722070
1414486794
757221277
-736409662
397432798
808817745
2013026406
-1394849922
126179976
-289191918
-1350998397
-1210249281
-2006544737
48560424
-1004096184
-322865042
1035814293
-1040261139
818455188
-701133030
-393332404
-1132224617
162380390
542369018
1456495560
913731039
-18419787
1226062130
-566989274
-2131390237
-1349906816
1216611157
-228945203
-262908084
-1059013854
-492920277
1284656866
958000819
-944270613
1974678195
-65753343
-2085831616
-1993981459
1252152170
141525801
-926409836
-731733485
1988557
-1076632073
1918150632
-172083338
-1279479779
2003403542
-1692830858
-720462349
592415074
1072386293
238997783
1555479544
-2098533967
-1544965701
-1409182675
59756190
275303600
-363253897
-1786778942
-800152835
678691930
-19642468
1417098737
166891706
1935270399
745142699
-1621326716
-74380828
-1788941426
1597639985
-995126306
-1012280320
391323926
-272940300
-1140688101
1969045090
753309322
-812194455
1177445493
-845223490
-821598780
-1094161304
-87033623
756348157
-845267764
1600596002
363618841
1107075924
93260889
711665490
-448133516
23777171
-1841849705
2132659378
-485071981
-36716358
1694367274
217696176
1596238566
1728787410
907887986
1673880673
-869858161
-1210667271
-805384688
1928160949
-973169523
1108963773
-1638723415
-1898584852
-195240419
18519725
-2080054039
1144640840
-1649245860
-1162134995
-481394230
-569818364
-1286648016
19643018
-1712865770
1153523332
274710377
-500406962
1555649834
1983438029
-1331440350
1629169108
1123628028
-1517397450
-1953702547
1930758430
-1672474018
1938666592
723907630
1636543205
283696259
733777762
-838503609
-719593487
-112283454
-2003994039
381923317
-1988873813
1325823386
-449026369
-866801031
-789643537
1243433973
-1664194551
-1284467718
-1267902937
-206216783
2128211254
-335196503
255646868
-1372657573
190573205
-1120842714
-2002495761
-115133379
-1842239897
938765858
-1839749328
-700168294
1477844181
1540476228
-2050141268
-57455049
-1384304861
1518045776
-679679131
226807069
311824934
-2029515386
-273753187
-607024483
1784786931
