-1913740656
-441079540
-921111469
-2085483842
910684281
-1654660799
-101227232
1838039337
219277667
-453924944
-1575611761
565727234
-1303840960
-1201507943
-825661528
1584350114
-1337935263
232871093
610459498
-2042639504
1418733374
-1110717521
162718259
-1553509001
-260359050
753389011
1174443364
-233517262
2134086932
-402969083
1622966596
-961273942
1712937747
-486181645
-954388188
581873346
1572494884
-788485490
-1390202428
1440517585
-1713024339
241222325
-1351347723
2055673201
1208188181
-674193101
810699135
1452739734
1162562878
723970283
770845252
1939188962
377663058
1501301329
835338149
-506914762
1227886275
1374569756
-377503708
-1104538740
1451582604
1278710073
-789187255
-260433149
1128313276
872719106
202489290
-1147264197
-1317941964
-113541457
-2077192731
1205050338
298677166
1498631948
-1822125552
-1181055089
-2043550462
1774613356
-461514795
982039758
-964587100
-289212195
-1123901194
1877451899
-1472422799
-1697844580
330777815
-1489041069
-2138426198
-1488362037
-1250409443
-939209529
1945046080
-1306543007
1093628561
886215955
1727950417
-1928662175
215440202
-486553457
-332940814
1058207822
-1894890741
1318021701
-2070264529
590997981
-722703127
-1488540733
1633021007
133181420
-521697999
-876984271
-1776365221
-459432269
-1211672953
-579994459
913248225
79501624
-363975342
2130882997
-186029835
-34904312
-948335273
136653389
-1266930824
-283037405
711335332
599280579
-1483481956
509303351
1110175407
-1328327896
-2119080793
1047799313
1605795517
1071483872
1253032950
1545790544
133046408
-678012043
1027707972
2118062683
1706993691
-1687046489
-202450388
1975462036
165773825
-1835117625
-178263317
-1397061939
1544525982
-561238460
1783261803
741946362
-1935561765
-1373687930
-1457412740
-1240242904
1827405577
-1054666502
234605668
231604142
-1307803394
1263717229
-869150311
813730465
-2018454908
-124311650
-1822953268
-878427252
1623969524
306529293
-829873623
879970912
-376931555
-1201724391
1138752989
544872617
1245871721
-2023383991
-23342120
-1955809278
1563068994
745287657
-786891821
1635019723
-2118167631
2064954328
-1196449388
2000798232
-1331035320
-853423456
-453209744
226115564
-770228414
1454149063
-1169438447
47717542
-23841816
-839190428
-2079010695
314949819
-1056358859
1069147892
-1661657274
614857637
232922300
825671790
93655607
227878170
-99759415
-1486742380
-274189074
-92365439
981363142
1009122187
-570301449
1982161313
-1401692960
-516988243
583240457
225813915
241302250
552891038
-1187380342
-1889490150
1122859649
-910341475
2119423832
-605862200
-242680721
-1274589924
1760717766
-353711869
-1125263276
1526700433
-1493935900
-556581424
490901379
-330641522
-50892541
-2106247153
-595916247
1226665743
-910869385
-546792464
1302135476
-1089902062
-221975138
-1182458715
1297433457
1746582381
1673138465
-1207934632
-2114938249
-1591339301
-901284231
370476383
-459954237
-1479932329
-1098756939
-1944262738
2076895652
-1730934611
1977143161
566001037
438741849
-390036147
-1509040055
425991306
-1849902600
1411754338
197720071
-1337495632
-407370864
-901348830
-1840259910
54168568
-640908143
705488999
-670636144
-1142466561
1259349868
-696381058
2040604453
-507168007
-1517323658
1151785279
1824121349
577259237
-1008902127
523901277
-970637969
1817989633
-936698611
1961665023
-1730278308
-770460800
1198025035
1933551503
1951599295
1320720250
616654499
1495513552
1010174221
1613438500
1321902599
-789866442
890489854
392542784
-1844870424
-1868073103
-937188203
-1775992106
-695612200
-1602843574
-1976957858
893611044
907482992
-1327108173
-583429642
1041406930
1622892659
-1924059112
936542672
689917034
462560307
-1867897861
-577226955
1508045830
1292986419
-1957506625
315715980
-407788982
-404667379
1208844483
2087160283
-61093484
611513494
-1313585230
643662989
-410589326
1208546623
-190141416
1258290037
771997780
-939385923
454108985
1771774994
2107646594
-532622868
-353655779
76838420
-1554160561
-844002832
-420918545
-1063668193
-86765170
1216467101
2123181448
-512792370
-1927250875
-1228168680
-832788155
-788205062
1933255840
-426842946
-172912096
-1961565125
1985686568
386739780
2065398526
1190937774
942688308
1144665886
-1961054395
1658570488
-140187745
892706852
-188436047
-2101197429
-726630469
-689377677
-1653386136
-1395656152
30225540
674161041
103595595
1278622372
-886878184
194480084
1251471758
-655376914
-1515176602
-164711165
1900455818
357150031
1792408102
-790577347
-1082223151
-1793718796
-1977928696
-982276583
631861378
-1998319959
-759986897
-959903730
1980906975
-1977358873
-1276476448
-1065383403
1928056604
-1612289008
-1643931274
-1303341684
1946514041
-1489302024
-540289895
-370044835
1565536914
977351591
-952489297
-787614881
1588082421
-1508157604
1884150929
-1100881156
-797238795
1179519189
69333634
793980435
-518174787
66412749
-567803044
752932638
1764604583
-723539770
1038859019
832539543
1938335950
38025992
-1411132353
553364887
-197200159
347725544
-823363235
408933312
185697338
1669342541
424820918
-1821842595
-1907579858
342067568
-552323078
1665083591
-1680779098
2143050210
913748718
-658632182
-2065751570
1434758611
-1889021604
-1618317369
-1626703923
-41817456
-2133725109
-1345232805
-1225179179
-1321034419
-1543013776
1533561152
20960507
-210129628
-382284828
1671987891
944665705
-917755555
59514134
-1377330793
-184015982
2008496111
-74274558
790055833
1738105735
1166534727
-1312456030
36086163
683033992
-1447629241
-447492699
-227554251
2110567646
1788250513
-484225442
-1709922590
-969864729
341908740
1113031935
904266967
-652723598
698038918
1699923974
-1953485678
1972648781
-576444668
-343272970
1703486832
-335780069
-1510204746
-522488246
-790381672
1416953450
-1720204889
2107797926
770989592
-974777085
1376567412
1724156239
1675836236
1961066628
-1101315757
-240914979
-484884602
-1609786324
802475351
1418532143
1093392875
8648181
-1449069071
1812955038
-456807525
-1232324376
2003079865
-671015820
-1622637292
-1923553108
-635922578
1525612959
113726935
-84491681
-529938885
1135962785
-1682116020
-1961306456
-2014657989
371471050
483316706
-623595252
284575295
-197902679
507066234
-248962943
146244558
2024114367
-327926267
1775269184
1068166764
-1121663626
-1200098453
2123909087
2135553823
1418908241
-234922066
-1132061282
-340231122
-1258855325
-678885809
-290357760
779284780
927705605
-1764395024
640765341
-1452768460
-1126116414
-1316300230
2114159158
1725742453
-1376667498
-1297184256
1488159754
1713402352
1378748760
-116114524
-51064729
1877600896
503367539
1928609209
464302467
856729114
221967068
-2049916438
1983848332
-68082090
1357292351
233590809
1822433020
-1711173330
-1315569541
-804141110
552349746
-1335350524
80006737
-107965502
1600103486
-1141838615
-635797673
1398141931
-290592004
181386012
801506098
-1204387462
53948003
-42926128
453755907
-1442229933
-2002006242
1936895537
649168673
-1352116053
-426600868
-788794967
-344251127
2063595503
-165695260
-1622536866
-2103030638
-409874460
-1877489813
1135423487
-964508316
527254798
2036058153
2056798144
1965548970
90330454
1768895913
1293083298
-1138807034
1046062054
1762922208
-1240643849
887572165
1208409943
624206977
-2029424603
414301523
2027480590
-318443633
-1199174743
1357994225
-644002590
-1630913229
-556592545
-512370780
-1467798526
-1907276849
666417663
53304432
1233344022
-1878526638
81623786
-1552745530
535977379
2100404941
1918905895
240458554
-1704784717
1040270662
-588806233
2041944184
-750374220
1187971020
-960991024
1322314616
-400626528
1801137867
-193394888
1054390257
1290849118
2002950305
-1470217295
-383679990
1275034727
1944884081
299797893
-1792378281
-649209683
1307915318
-387727870
-339634941
1338277303
1923275546
1109088312
-806002616
1640387856
945271047
514586880
1302941223
-226775582
-1209734530
1753432897
-809999019
109235421
1194255272
-706753426
1843236212
-62974372
-1544656470
921619794
-1839732094
-1544669494
724354365
-1618109681
-1682637930
540863810
769481340
-1581568925
-1886293816
395009141
-1781468672
-750375123
-1162023823
917177808
-43253975
1460171311
-113499244
1172230878
155875262
1338550037
-932703845
-1433939734
43061432
2095562934
-1642056891
-1720745240
1012200538
-946900583
-453968674
290123156
-478132859
-26505543
2104426417
-249576997
942343241
777017996
-2078641477
-991475334
1858414527
-70517695
270930592
-1168049691
1072169237
-1396594871
-1783132958
1119932777
2087861225
-2045692135
-320411056
1107550868
1643319259
406209325
-920277828
74953172
1319008093
-1426722993
-1307733008
480725341
1296924620
1273166873
-1977467423
-2119489712
-1901394236
-101459017
286266917
-435721703
-1512146769
-371273999
-123320158
202759960
2047567007
397168232
1836100487
2091898755
-1676281507
-97500129
-390998912
1101391753
-1366704190
-1457596099
-1060319963
1305605051
-41867708
-1770398704
-365880654
-495832921
1262596563
-597687723
1557335293
994179269
1294591973
1360497590
1952811172
-223372137
-926202417
415369363
-1289109371
601657611
-1277437609
1321158916
-1820552590
856137763
5262982
-324945890
-2104460507
483852247
-1045920063
435595125
-499231375
603091769
1451625754
592006882
-1480173382
-121906726
189070307
267355270
754846375
-84487828
-456841340
161181966
1476335637
-820621912
-1491426674
-425868232
-701085362
720456306
-944115953
1282944404
-1175386758
-703726535
1864724775
873995663
-126150315
1657086628
1885796059
-2012343635
-1446660830
91578730
-1241945815
261486357
1286329823
806929281
-244057509
-1819717038
-210268743
-1458779014
-829856352
-593734825
244244417
-973095893
-939322409
-791480636
1986405088
1039919246
1602828718
288083303
1967202312
-1045147160
-1937358101
1280452356
1948999596
-1245457107
-58384631
1342285144
-668771727
700620962
1297040134
1155627867
-1006927579
2133577412
-402099077
-2143429434
1143951344
1313295208
299086316
-932552236
-1021714232
-2081790173
862833761
-1543478453
417247530
-1557938965
719291957
1842909885
-1574138106
-1609740803
-1439544531
265245451
1057874170
659159041
-2127571508
-648571606
511229379
-161371796
400971236
1289239849
-1350269200
1854011430
