1588995666
2081013758
908462518
1686236084
1134872467
930074642
-1572411242
1668373363
1324106236
1116675124
552993118
-669992860
-1912348775
935008849
-226054056
509221488
-506142660
470169189
-1422145077
-823189951
-1215780483
165665837
-549882973
432793624
-289705214
-2112034783
-242715311
1118240733
678884096
-983452767
-987487760
-1788192137
244109057
1671704686
-1560657752
857941085
505468135
-1343240357
-464087209
1200300397
246366256
318500419
1017772909
-1775782404
-2133094533
-1698584259
1647774999
958917933
1780002378
1598778126
1093468319
-722726778
-335317240
-658634529
1784355346
783721664
1817497934
2001777967
-2077376734
-592453667
-723455903
1322595850
-1001372850
-698225536
-1502775809
-2083468678
-530787777
-932868488
-981435046
590967614
381033589
-916718435
-1444490652
-554528071
1950132770
315360223
1892669773
-1151395795
-95684522
-1421490277
-1841173943
1829677608
-796277669
294761264
-40753770
200180798
-237754014
1474588882
-1044970563
-490865673
1497461854
861600157
1174218263
-1190010613
1441714735
480187117
1511664530
-1288622900
2022259715
465947884
-233730635
684242147
1179534841
1887360620
1729874401
-115681986
687387654
1103411702
1124096728
1948992841
-1142490852
2058049570
1666664067
-340358053
-888667000
636171048
506414063
398969202
-369294949
-56795209
-1109279336
1488372259
799337868
-1887097083
1722692586
1585671371
909191068
-494803418
1246413828
723741194
1076911995
-2137778527
-63973698
-978771598
837780970
-779654080
289487853
1047754106
-1301896287
-1173683160
-958974491
68174520
702659186
-1995464408
-867288769
-1670701489
-990636883
-1159442091
258761947
-242939995
306620102
-788571946
1935144488
-880213671
397961013
501904891
63585698
1188873588
-783171427
-56175980
-1495345252
51120349
1358594608
458110592
-1349046977
308281874
720630353
-1090760829
1848017362
-254007531
1729030010
-1134288291
-509931461
-948676957
-609219745
706935063
-1262682940
1021305003
338865235
19096223
1849958178
61874686
-1034108693
964171671
789702835
478717762
815596000
-801122199
2943751
2126646060
1391869497
849385630
-770719070
413139949
1829326249
200903536
800418302
500585452
-287226571
2136008093
-706135850
-1633709642
775672345
-1896126339
-352250975
-832308430
692182764
1590233686
1351389020
371050521
407037698
635654127
1340870028
-1618235484
1883741201
-213963934
-798026621
-98986618
779534870
-749898698
-104241183
-1938648548
244409721
-1129165651
77768029
-449918494
1266274159
-847443879
1828481477
-1925003223
-99951457
-2015401995
1801929283
-1761783546
448502279
-1375977871
-1161892383
-809771379
1877298209
894620494
883602254
-1202897601
-1421851583
1020106284
-1348022558
1803353024
-275896256
-2117077088
36191455
-1967545908
699306079
436763467
-541301767
-2123177364
-1060823196
646534951
-216374249
-1075036828
1306949897
1241199652
-1422652069
2031338479
-751584618
1021502451
1974518624
1806955693
-1901962804
1361846304
-417541950
-112008484
1881705989
-826759578
-1396969758
1669340358
1004840856
517228094
764806634
1316357498
-380110462
-513559623
-733910770
1695192510
926169410
2108502927
-111275243
691451971
700741891
385315958
-202791145
221951258
518594560
606874040
-1731446392
114909286
-802126557
913390335
1517954420
-7667629
1745620975
-964387469
-1266191860
488906310
1153172384
-1999361530
-775058336
-1652836522
277502097
-1106508530
-1634969235
1482653689
227493852
-26514669
922477658
1423716098
1237347655
-220662038
-564908802
-724892726
-2135579810
2091693314
648338085
-621478995
-1180893733
-1246259203
1999558420
1076849336
-745961906
-1972034942
-1181870647
-1579357280
-1226924295
567106128
908200838
-1149707531
1918119932
-845522793
-502818288
1954730390
858653361
1854278530
-320900044
662884967
2097344345
1913257240
-691519990
1832263489
-602488585
1403269956
-542904963
1132456234
1075049340
-1611563727
473181962
1773686725
1512091683
1116651995
-737029433
-1498979317
-2095272930
-1683479581
692028838
-1222565317
2072759666
-1053421918
525884154
1779603215
-1869891042
123043967
1499392570
-283139024
-2039433853
-1540741499
-902167291
1257510890
-326602753
59645231
-650622618
-413004765
-465064742
1052535430
1640240216
680706185
-888020379
-1721727635
-2147116916
590242826
-686278560
-515473861
1405689193
78807433
2009041052
-309551990
333163091
1853227981
-288143903
653297230
-965696977
408224957
197487889
970933288
1262949159
686676938
-2087066484
-1517242628
-1301430614
570171307
18738646
1860981440
-84861514
1324715856
-1879929481
-1954663785
-1481710247
-841476592
1811615010
-1381967330
1111412596
2102877988
-466682855
-1737410556
211332034
-74732456
-438218289
2103950816
907803928
69919743
-763062578
-1479892674
-669145363
-1334834650
-2146551845
-1059415558
2103734045
-1671128819
563701591
-1277382191
-1085974551
-1199412014
1695297767
-264701644
-1902307774
2061252207
1233625943
-753978017
-1896601530
1399171558
731264187
236968874
-1024503798
1255398330
-1113996073
821620255
-217680230
-836664927
1059905984
540773707
1050164029
290065014
1262564034
1858622297
1007727357
-1786134156
754920836
-1293038500
-1019339675
429944993
1695119722
664117227
-849966196
544683655
369665338
337788914
-589442478
-748584151
-2037771519
-1904725817
-1127536407
205287477
25640503
2127249019
2118277783
-131143563
-1130840031
1031353202
-684950855
-385854837
1294644854
1707140150
238577162
1747104477
-1019318203
1438491783
-1433693147
2129164493
44008725
1778153910
451935560
-366122195
422623821
42049074
1909725274
-935499790
1817664214
1298803299
1698575662
1698360103
-556669698
1237251766
-1138444535
2012385571
-575589729
1623919352
-1179585695
908593149
1425637248
-694604056
1930082535
-1489230784
1155723770
-2141097978
430359239
-36500261
1443334622
317239473
1928502318
807187035
-951674474
-1335782288
182237196
-1580137125
839134601
1988058511
1096794395
1309974586
1525482948
-815755283
-2145098210
1100077070
-322042410
1811967252
-1933760914
1499293913
177749754
-1573151350
-1305222478
-1862455046
-73860997
-1939498138
165230061
-732254234
1400855124
-1305365979
1807866557
1624390679
1161797142
999008190
-211902240
-1909775292
-696391154
321479411
-1067469061
475279313
1462319782
-513793303
-404992874
1350775432
1754332683
761076730
-507260821
-1425168503
1992705552
344624586
590237407
1782286207
1757656145
317171352
-881478448
1958006292
1977975963
212518870
408550033
1799185062
602757515
-1091895302
-921797838
1014650938
-161239180
-1685664362
1093598212
-1850296144
-119334522
-649363546
1870604379
676155192
402107691
-1111374040
-1858108011
-1145035260
-503365708
1060720114
2114921307
-1881298113
1629313588
-1930008897
1510050854
736014653
52430764
-1644025206
1074051589
510115315
308339048
-28403937
-1775561828
302734760
-578814552
-488275218
1948890479
1771203820
-108223359
1643280929
-2103735456
-1775596087
-720769275
535091441
1939734134
1592409144
1216066721
149468981
593771231
337458646
-989173050
-892700357
1303007800
-792516393
-376251700
-800974373
-742277622
1423302202
2086720018
-387939896
-763033961
-91532482
1243754601
-1851097047
1209569751
-753175020
462551218
-820889496
322625213
198736341
-1724823611
-1564927672
2034675902
-2048657995
2036225428
-1687047875
-1322389613
-1464188039
125297808
-1650854921
-925089988
1030803750
-457325750
1918616895
1943835720
-719627782
-1417329571
-1494557433
1309493331
1536637600
-714944372
-692823877
-1936688
-264547170
1264056102
1172671965
-1553036792
-1830931183
1579655345
703918544
912625762
1015771804
1927825351
-1389286669
-1110486556
1667004062
2131123258
2114428657
-1201572359
-277338718
-312003458
66392662
1287809396
1065360155
-964742840
1747463526
1166173397
-337023920
-315361422
-670631383
-441969974
-1641404779
210625569
1900392394
847420151
428080315
-322298071
1666080545
-1035266823
-1027090487
1938878383
362697870
-12867672
-1040892181
-1725286641
-1212726520
744675484
-1353463126
1170486784
42962037
685625330
2094274397
-461438986
911096635
-947088304
-2023167266
-1204731705
1725202710
-1325432027
-102727295
-1241433967
-278933716
-879916747
-1496238526
372707802
-1230185634
1987501908
1756101181
-1973684745
-1430968608
-386904207
-784707742
1527481266
983947787
1764705750
1408547432
-1106015194
1615333745
38744749
737796098
-925353490
486520881
-697499707
-2042773168
699467390
-620221555
484286102
638307224
-1621810736
1860789177
-2026835326
-194138315
766783554
411815413
-352150691
229913038
-1375567170
-871595043
783180847
-1166118965
1250831643
-1178227713
471226936
-697351931
543465154
-668741714
-1291530189
-309873476
-416898668
-2112210411
747950558
2098780365
-1931287797
-812272498
783272890
1705918500
-156406881
1936602164
-900240625
-1955201938
19703914
-917680970
626981427
-1446904045
-994383090
-1895269266
10992906
2005538147
-2126150698
357279153
1260917200
-711658481
1291901467
-1537128088
1211980309
-27130406
815474408
1487623903
1766125577
-1420496497
705541600
-533158691
1199090681
624888629
650563680
-1525651469
1607450137
-9296767
1424275168
-7456231
-2022907773
1061908619
-1008972642
-826374282
3089791
1440509636
-1519625859
592737406
-1567955451
826478887
845710889
-1311796926
-2145086337
-694054481
1106605695
1123610114
2046785490
800697096
-1484675540
-331062009
-1850830177
-1221187447
-228791405
622603695
-820626747
1609105760
-611662604
-806744887
-1070521046
-722242802
-1719020599
-1760381406
909371835
372297494
680340083
-196267168
-1885977680
-2070679568
-297119722
1426678797
-1187409388
-390952636
-1253499200
-566891786
-27763580
-1984379052
-355409968
-1243145034
-1486692298
1873998265
375409301
-1486503027
2007558461
-1061026479
1347701045
-1220162443
15825930
1487632759
-650401840
1855074679
-148565195
1149478005
177476068
1998370106
-1523092099
1681224502
2123301362
-1663745060
466249741
-1063163841
893618017
-2114581244
-372063999
37295584
-2070149469
-1156666569
740138535
815499174
60643222
-1647711125
-1976843255
-2096476397
1133962796
-1494282279
-1716164309
-2099894384
-794707635
-489124585
-293015152
1063085474
-1999731717
1957148773
1721458307
1982178652
750855351
85841990
-1572243821
-1405260780
259667747
796426322
-348853794
-1884704423
-738878488
-1439152822
1897461394
191791907
810490585
-124379539
-542748240
906049868
361530200
-1998780407
187586579
1273359423
1665068792
-1188906156
937544625
-702471442
1562577507
-667709572
1088921887
-1186862071
2030209150
-1187850245
1439998298
1968690796
982983626
1186092080
-564862013
1282112728
-1001270771
-216497109
1365533803
994547941
2096041520
1230436040
-276546927
-892612297
-991208341
-412162818
-1708248216
1306638064
-1300665186
357805688
-1096755940
1690281573
1221426946
195038053
54136343
-794001645
-1498943744
-7600244
758584447
791832275
1648560224
-1444996446
1561606659
-136442803
1147570854
1316680159
573552599
-1484055382
61177528
785432270
520009468
-417996659
-1712241980
-1000595612
-1504438076
1817523267
-1946750880
1851519828
1143784341
-2101391560
-1721073422
1219670689
-244484115
2018447020
297096273
1583159668
1849323941
1919334311
-1749811796
562511151
441538937
2026398762
-1014400342
590700225
-1840100665
1368100774
2035038419
502730299
1416425878
1266316977
1219726637
259027875
-223148839
1941519863
-214793686
-319893240
-1516134155
1262752878
-1521016895
1694142934
-360233343
-1343175475
1142133210
-1674937493
-947617460
-697079234
-922169106
1000395497
507607971
1588411473
1346416878
-455832498
2001928659
1686611508
-1740670364
-304752959
-152192532
353180961
422801880
2086574637
-802253880
-1802212841
-208998028
-772490733
-349457077
-1360373044
530577642
426586524
1802594027
-659485215
-105752683
-746824467
-54344590
-387232169
1566037214
1039205310
-349293054
-971132351
-2078541087
-1258489555
-33426087
584478907
712992591
549938383
1127031638
-1660411110
-1491024235
1622280456
-1503776324
-508369564
-1881678531
1115429532
-1929927372
1310362114
-768785515
-1291682427
973108120
1350554803
1042265997
1376156422
1942323822
524153028
97659109
-1755233024
-1942615630
1301059198
-1597250681
127654531
1297931991
339383262
2015788081
625484200
1895099408
-1984189301
1218143062
-2064561507
-986228789
1797260548
-367181242
-1471754240
1172709501
-566588136
952600204
-1685673871
-1753337692
-811655781
-491733098
593526113
396898057
1148730710
2010296987
315947824
967806790
1673511231
-16430919
-315519369
205235847
-882590743
-1556628644
-1451613535
1996408980
1604087869
-1998216474
2006431168
667660558
2084780906
729533324
364631453
-155075336
-720524775
-1891961730
852908561
893696121
1620651237
1281678666
-1157893998
1534936287
393158666
-832420478
-1049539312
-1737811225
-1039918501
-883506533
586683393
694332731
1659418489
-796815336
1597493690
325316411
1275089217
68730343
-1964076287
-347061249
-1578804090
-801218294
1933177567
367122844
-286630656
-762992007
-33377863
497480871
-1700682621
309856326
-1046337119
6811639
1120227699
1978184962
-2022034455
1049031853
1643921526
-1645782689
-1750248455
-497766792
-1349524116
-1593269226
11418466
54886421
-1410187365
1908800522
-1724187854
-1650000875
-802005714
-2010926931
-540445047
455976418
1970348512
-1629533022
-1934628244
128925443
1548698868
-463606108
900570840
400434334
-1905739160
-257110875
-1624959718
-1843494594
1686174569
-1838922438
-1164294307
198596310
-1102650871
643834677
538758532
1143317766
-741471185
-1471809645
1651440442
805580700
-1740178994
368881048
-1590146234
1335273820
-128034216
-1664697032
1923263523
1768244996
-1740685963
1977786297
-1146650161
1513750154
1287330544
1621846677
2102030563
-670239065
-875174415
1936569508
2051884771
-1479939432
-635199631
415443322
-171338793
-1323203037
524819433
-1349947635
-1932408550
-1387921961
1405153356
2108637595
1292169585
-2052954216
1613543992
-1268979254
-182626721
982554458
2042771303
-995397360
-1540118858
-1073118164
735895659
2037397589
-705334671
1401452920
1789655706
1524159701
782700481
-1827039095
1248613702
367875915
1723219301
101740108
1214522929
-1429380789
1277433406
-865361574
1784396095
1390324975
-714986974
112655413
-37427347
-1704334666
1051185135
-41068591
-865171199
1770854824
226624739
-1578096042
12605187
1832435132
531721515
918732324
844034027
-597714818
-275822151
-1676454633
-1537281125
1037486060
1651210074
515685387
1307142799
48132001
-2115843321
-292613470
-316478382
1328107573
-1051828358
-1965634748
44710195
-1816399646
157394948
-318429337
-509985992
207765355
-283747171
-609373168
84320851
839174712
-983395524
1094748824
2723795
-1391134523
-1004103063
1243699635
-939784931
-992352707
1065707791
1496808110
-631633509
417186401
-357320810
18061047
862895091
727047343
-1116269007
1451991522
-718028164
-732054081
1028625524
1484139177
1368575725
-1333792017
1742458408
1262111413
-1251006121
2005758018
615543138
-965102565
-53971372
2104405125
651792850
-1821465496
-309908352
1806162867
1120755032
602914721
-1701417688
704375706
167577052
1755846533
-1695140799
1966089917
-1565920162
-1322130668
464262043
1991025020
1316133195
1587980884
-1087902378
-590097038
1969974803
-518002094
-871013996
749604638
-1144128521
1456436582
-2014715024
-534015548
512818215
1342641083
-99964626
453678485
484041995
-1694816242
1784998834
1906082829
-227968800
1954831542
486943030
712513180
254421383
1021353187
1793679159
886848392
-1826593383
-2001478102
-234262608
-1956518639
1097474750
-1953661376
723002762
332998357
1241266495
-499173115
-180581294
336610677
2107729112
1822358212
1060278060
-1106666375
329776851
1880953529
-1135537401
-15761808
-1981233839
-1423144493
-627376111
-496798885
1470252010
1561567674
-128782739
1547204940
-11947656
-627654638
449866275
-92394679
1814779696
-430945791
1355874904
-1325600139
-1279142671
1068250095
393123774
195143025
424466144
1302743436
-578314675
1993947647
967118900
1322676758
1694320178
-658281240
1188335438
1866888411
-1091125241
1628275744
1138212620
-1304362499
-409464763
-1632334041
-497243811
-352189579
965617142
-1795110479
1939558168
1999403609
-1447483218
-1711143800
-742708983
23751777
-1034341957
1257191601
837232205
-169892441
-357505893
1145678029
-2022523937
1029722797
-1621845330
-1631177534
-1148724878
1139324580
-1080814036
1829094298
805230464
-1025277461
416804952
-1286608982
1954460322
-2069852971
1890268917
269558006
1611999266
-1539966289
-1128469255
-1408212524
-329545778
941754624
883712640
308656590
154554126
-291238126
-550594557
1819691724
-1165303495
-1121488463
172630217
-606606222
992473379
948145970
1481259164
2101420487
2127720442
-1770002506
937492672
449856790
976360786
1513883056
2029787169
-213971432
-545926019
-1458640220
1749942986
-582625709
-1556491488
-1536555984
1422005406
-1262207044
1404941570
-1819808432
1933038401
-1870978653
1578324263
1433370588
-918682794
92135375
-421845987
1968699990
-1638607633
1732218856
262476693
1224949218
532800321
-763195115
-463382732
-160470891
-1938293865
481786341
-1766417749
-594456591
-1069555831
-759005070
-1932546812
635281328
510555757
132956355
-544976577
-880893760
810033676
842597746
-2048523235
-781128561
1090005656
-89524594
57854778
1453428872
-2080475683
679596738
-1212325535
1288463836
40172983
1952585398
997938203
1652662661
2050079171
-1917602123
-1394678135
983949447
1369501785
1210502799
-1523856013
1479554168
-1208016199
983755712
1490229408
-820120509
2008615043
-219195951
995351911
2093765928
-72659348
-1007879938
1575188102
778309638
-1272771537
-2051942632
-1397134031
604215004
-1449450048
-378527060
-2012717202
-15163763
1666321351
890333285
-328304737
-1709047582
-912879796
-435131730
943540576
69155541
-1100890962
1453495195
1889675155
-494728436
1707012569
-1511251703
-390772808
-1781336925
-1847417929
-771199229
369575553
1869982254
1071875814
-882768793
-945167963
516859133
1091637164
-764656184
-2027291916
-924488543
-48399065
1435169430
-1547814741
1421562543
167830472
-753807236
-665921783
-1353013565
987622146
-1391908599
170950433
-1042897208
-964152771
-133562991
-1045088527
-1457279115
2077724944
-699460267
-2074886476
1478717722
1425188528
38160865
-2091454604
263793820
2121165986
-1967147595
1460399842
863386813
1791475896
344893735
109005929
-1548783712
1503074874
71993735
71719808
1674572940
-751968670
-316932476
1121148735
1707532783
-1336932339
1499795917
329800501
-1783064666
28579504
769205499
1168481656
-202538629
1730050184
1636032941
1424905724
-1299448338
1905058837
-879982604
2075053864
-247239368
-1975954232
1014316785
-474670170
518696076
-2138857734
-1033090115
109464954
276070815
2118897440
-1052814712
-1314420138
297843306
1412876349
-1126234620
-126643925
804848942
687461783
1264838915
1095402755
-1701526344
-547282003
1869284958
1249054989
-1743821594
2039501927
-1750351079
-1998505479
1376842601
1278976655
186003140
1099460742
-763297588
-1651816320
-1545898461
-1440499368
1542983092
-398320100
1303927825
-1044906482
-997980056
937140738
-822879071
1220664212
1442356883
753197568
1711431301
-1103003211
-1421056183
622261959
-908061005
-823363597
185608519
-1477376291
389775941
-1879680102
1545453950
-1308949289
1119034016
-597759214
1198550482
1438227654
1190635480
2076504693
-1326415842
-1393621775
-1764305581
1906503009
-182928005
1984669124
1699212459
483619342
1526459842
1718406409
1120852696
646494626
-1114284210
104259669
-299375730
-1228678717
1823957766
-2021932348
946906852
-535985298
-912849766
-894082584
-1725342410
-1376036090
-853245173
-1599627779
-1095537333
120208816
-615232143
1346109794
-1432305479
-2063136803
1853130744
1998388036
7961223
927248679
-320381653
1371378076
1070855188
-948448927
-1839554700
1624620634
-101374920
-1203969304
-1340506397
-1104483358
1575867560
1003476543
-1633855698
1946109111
109791647
-581907749
-917579272
-117847435
28852153
-1889861318
79239510
-385587196
-346725343
-1890559431
1669609102
29127434
1818143470
1879898023
-2019182303
-773500767
-593156150
-572796396
-946810357
-434884278
1874545876
-1312925713
-1156509880
885463072
-1490308153
1889954255
-182565990
1082696016
-1963928229
-1386002416
-274684279
-1427817528
-676965653
385303970
-670535509
-1911698898
1045608023
-2112531427
-536053723
-531701997
1983040555
-2132624105
-1726508687
-750581656
467532800
1091214521
1529133152
-1273373136
-1397931230
1660285328
-1253685918
1639237750
-1077627534
1456756128
-686509307
1140174978
2042210446
-498158402
-83511365
-1934945977
181267758
-1249995745
1383380960
-515368162
1683667665
744079147
1228002298
-1001464135
-1366543976
1550544279
670897985
-918703279
-29845904
-1968097614
-274232734
-584037342
1504488823
-603757058
-2115228033
2088251672
-453454184
416646401
-575724422
1098354378
-1730097033
1553280605
-361659277
-1102802521
-582335084
2126151198
1588373902
1749729390
-819689558
-2130791597
246412793
-1769797149
-1803149992
-1201482017
29905709
926054847
2120418819
922319760
707326579
749390055
-1878468615
256880
1837175209
-528007967
2008816858
673470043
-1197291451
-174880125
-744189901
1701565905
1281040538
1764863981
1894524011
136600077
-52690598
2028927416
-758189598
2057557078
874294107
1061660527
-359107498
1836528276
-1566716003
-425991363
1382857353
-1022820315
1699381644
844103912
1233284128
1003536369
1124043137
-818071555
-77805106
1062556603
-2066293874
-1388884659
-2099049551
-400685894
-638765446
-1765875817
-2145074693
-2041380504
-30134518
1228884870
-1032774699
126313625
1279470466
-1565369635
1650538623
1463032270
-1874979990
-1334627600
-19667269
-1408486710
-166676587
-642959787
-1764002197
2009629286
-1549126049
1298845148
-2021359495
177311905
-657203147
-1005368133
-2123970314
-32752645
1844666457
1969644557
895459205
-948003838
1774202342
-2114528899
65495546
-641205972
-1880061678
-1861388994
225051965
272625127
811763891
-721921218
-1507538828
-1874983698
-745931772
1197097882
-745965983
1498179806
1580475560
-1336916397
776591623
-1591903992
-398553874
-713281982
1093944211
830822280
1206812245
476874569
1546933882
-113916778
-2106925997
-1917133877
1381589470
487316251
833775441
-1093937827
-604632522
748978823
226798586
-291228483
1627591468
-756700703
794043061
33608962
-299273015
-277372897
901530479
-485544427
-1770643761
-1978982985
-228683363
-1392047521
-1224995227
1761465205
-373955455
-2101517373
-1898997255
1001951887
1067413419
-1269589042
-1626335391
-1958780426
424497090
447054637
-362594237
-501410578
1850646404
843834463
-1281886025
-1923533088
1653954826
1529906602
-295936982
-1010802577
-1021147312
-1072966061
2102211717
78924232
310742004
1240709896
1147355021
-851825090
-1310491330
-626643551
1478813324
-564964075
1527242848
-72244217
1598639153
-736832611
273695742
-1672973708
-270281548
-1498358654
1683521263
715889884
150834237
1593127010
224761669
-739456086
670306182
602375072
-337013366
1955485615
608950974
945941879
1348126797
1904451927
1595810480
1126085713
2000501724
1786980125
-1154966492
-1564210343
-85628334
1337921344
-1308109435
-1082813105
-1117296685
-1523574602
143328963
2105196698
1788219158
-1612044447
-1717929094
-1243197277
-836111837
-1112481920
1259862867
203204704
2103448413
-1619655577
78828714
-1898206674
-1445156157
1674743410
-736137871
1514160355
-845251726
-903435209
-692289965
1131603491
1905491309
-920902918
-189899748
1734719986
-769138783
1862910565
-2028276905
161742731
322217506
1064165240
548887096
1608258415
256075962
1772161726
2005015740
-540397888
1500575141
960591297
-560748786
683379662
-1919886187
-1008026689
2040558125
1162264562
-1815075333
-791346788
-547432758
1850695322
-1674200440
825336091
-423843210
-1422378587
-1622982927
-1697983672
-353432836
898159345
2078369778
-1529934280
-1641481205
-847260879
-202437994
-804779531
543931160
-1437230589
-260412236
-1018650446
967699842
831470401
-2128569924
-908329402
1791298806
-2047640170
-544817229
-1888234793
-917588460
2109255252
-1935812485
1656388821
-292700846
-241475963
295773016
-2138481110
1913204256
955997503
2126787247
219336879
-1527146419
991789884
-443706865
559050209
1567838121
-930733142
-2128131979
1494064596
1308787178
172570174
1136573131
1943642471
-2108143917
761958030
430027442
825985976
1643515538
121222304
1767804289
-1739989286
-256437655
440021693
2013910924
1300152261
-1326601327
182611083
841734056
-1595607666
1975825498
1971868506
16568046
985212887
-319596650
74746813
1623126207
272371848
-1630277064
1133107293
-1133422839
-586574658
1909779255
-1216881143
84375239
974387459
1548002743
1045271824
-1291527986
-2120112960
1005056363
1471216594
-1995105595
-1566627601
-941843148
424074900
-248218508
1820229140
624955406
-785463148
477986114
-2097697427
-601093076
-1977322915
-604746248
1301174631
790233184
1008288092
787552971
-855451308
1021283264
-1238520654
-1101631080
806149211
-746776698
-1793352886
1792100465
1680394159
-1977504968
-1868558546
-63674281
1176519684
425025288
1417916950
685326409
-1014387139
460198012
197596994
571237501
1778474857
1804090705
-412039543
-1507050004
-174391312
1752705181
-1144494928
512011796
1295538697
29732403
1605078271
1583000313
-1806278802
-653825974
-1352781807
1313281900
364402259
1575776
-402551828
-886023281
-2073796205
787160155
-805695151
-1490648681
-1746675668
1349805298
-1405236652
1952307923
1089282029
1063766602
269096494
1002467566
1942224749
-1613927965
-317141424
-1454454928
-654795969
1002447029
190458044
-2062765686
452760163
-697638762
-373691504
2009022482
847834623
1522235358
-2100574749
1535970251
742840398
-645419187
564388308
1910661098
-1026011433
1330373163
1239286751
1309608149
-1602403358
1652061360
858180466
-1624519891
-1369119961
-1699361626
-775952192
271697678
-58593848
1037873228
1135696852
-2096215147
783573377
1926967165
2061963496
253877922
445243166
1402764049
1889234422
2101443806
788104236
-1483977085
996451727
-683846145
613886963
1857343444
1078190828
-413103798
1275415459
-1409283666
-177036478
-644766119
153869772
-636197941
1822150746
1005843998
-953282285
-1412055657
250835040
1281740839
176139810
-1911877868
-1451688198
1127776291
-2028574496
1564652541
2011022236
1447198628
130191586
-670186194
977910042
-1170929626
-193080032
340599874
1389288062
1865040207
-952758549
483466621
1141106971
686919544
1552238622
1966523372
-532873246
-403454357
-685281133
-1828951094
-915830797
-1528740754
-2062453031
108586789
570712695
-738707072
-1827358685
-1695061823
687627180
215064290
1261763458
-856411844
-364364992
629646040
2038852694
-1500222862
-985987613
-470774608
1993099266
255186210
-1377680361
-1445634813
1181233886
2040081617
956392010
1371254330
1773496433
1458857454
2145025573
-1253140141
887765727
-362272202
455488806
-185949467
-196242016
-903465126
279005292
-1114835871
1664448370
810320862
-575657519
665216410
1679726480
-11317693
1761986109
-766043514
-1854100956
992639592
-969137863
195017029
-723126279
-2096832212
1579324866
-480150429
1563704692
-2036959656
1450102879
886482266
-413137724
1584687292
1757075061
79762266
-1468338344
1486135447
-1131696422
304415307
1149280913
299647035
-1614708825
1883387410
352144313
1652755185
227226961
1121850899
-1090261198
-1626614247
319096570
-703234826
1490941682
1223714965
457862148
-518700882
2021700654
1931570280
-1472637209
-1417365833
-1150498731
-1386129767
-1297233596
1750972574
711371071
948660573
-371583686
-1969099578
917943462
-213502860
-288268297
1226135400
-1768782124
-592234541
-325109360
1646426075
-1841788770
530812034
396385813
1754035733
778168464
1593030599
-1921125408
685253745
1245606761
-517010300
862837549
-962799182
846266313
1354579677
-814750993
75130695
1052401960
81989149
208205537
1099018192
-395569654
1225337050
226138842
1471259104
-207936144
1498066774
-335132827
-117269756
127852433
-276891609
179403664
-141134076
-1544653366
1225292570
-1212639228
574869352
673947090
-1376975275
-1490299050
-585683139
-2007518159
1129947579
1804793755
902643480
-736882190
-1997093741
640248129
49622363
2024114583
1603780971
682497820
1100666550
-729923764
454724666
2128550847
-984845584
2140164192
-2030354748
778762253
-783824409
2027879920
795934530
648421135
64435413
250302180
-702534335
518843142
1319563220
-520856289
63437002
545738692
2086633379
1104331249
-703608894
-530260425
-178638934
-977676848
-872739436
-480449210
1326509115
27309896
-1563395828
1174928351
1950022938
-658485969
-1431593850
-721117104
1654416447
-239945700
331248711
1825282262
530965722
-1802246376
-172331222
-1369714317
1784673942
-1119206506
-2144412290
1631613700
670771489
1142532256
1193601582
419450770
-1526416404
-1039001261
-920681950
891764711
-1612288465
437185165
-1926771227
1024411236
105171759
420631524
-420142712
613976850
1044346563
1830067161
113870533
-1034124042
1657486867
-1357032628
1485456742
-874912600
-1349128029
-1880075213
-600961561
-35908570
1633699215
1962899334
1997580890
-1204133915
-71675624
1223505533
-866756214
-1590158039
1758678622
-1359238403
-528009117
-812621419
-69877393
-1635343537
1009606033
1204625413
2119513472
308198674
-523859098
590528155
501422969
-1966687373
-855335936
-1450804712
204770486
-1355576166
-10089558
-997774740
-1164249589
704819815
-2099100286
290798735
-718409975
-1688075683
-1627679140
444593553
321175935
618590430
1833101798
-230993168
-322804413
-205333608
-394807796
144907305
-1541475278
1757742911
-1221543778
455408017
1766185588
250758268
329280302
-244013980
-607107324
-1120571356
-36548290
386565150
-1466458001
-1393868115
2079098011
1063144713
1771307483
1738482397
-825023485
-1139510249
1823933514
-2051674173
-683571187
-1469150223
1288919072
-626592277
977756746
-910434481
-911871262
-659389492
1381378726
-762782583
-2111974080
1627967877
1978498836
-1155455378
-632574636
-2058670136
1287346538
1457610324
-1389176532
-813911530
-1443938424
-1609368720
1984531845
-988362708
-322055744
1692255079
1728980185
-1941341508
562322289
-461391836
-1359750500
-692699296
-904771083
1840615148
-414615871
-1502636085
1142468028
1800078511
-1377784446
-940117951
2059282873
1399563167
-1738197151
1234530632
-304614148
1187106310
-1413552791
352565407
-412167521
-1896144300
-959826503
-1759531665
-121560090
-1507423113
442969154
28238784
-430868319
-1563322257
43414479
-803257554
161694165
1158666785
-916911291
1763632348
-985822565
-135233942
-58260692
-956343129
-22684857
-963421833
-1072296083
1063772574
411282123
-179304877
-1634668195
-1021507150
-1354825123
-344527936
-972227079
668732585
1517500248
-1168295349
-520403853
1538441816
129556319
2145531802
336009453
1377619985
-1512545592
1722641160
1695287171
1388427609
-324480714
843743091
2001302415
1194772446
469032071
1111551572
781870887
602078887
-1124459023
1116915727
1121736426
1867680909
1421150567
1794059659
-300425732
-836079127
-1150405823
496652037
-945113522
-540783218
-1910256613
-455736287
753037602
1535476985
582252284
-2035068606
-1335118898
1887714247
777969082
216428058
1441922239
-885010842
695969693
-440655484
-1970785088
794412047
-1852983741
1978173072
87199868
1352100851
-971060030
-1378578721
-110197183
105093556
194839827
697357873
1075698694
1233859862
-1815103571
-1779852484
-1912204881
-773418762
2076227952
545321407
979741582
-313737862
-715058236
-1986952747
3481901
873286025
-838952190
-2058524530
297890890
1962944381
873596690
-839774789
-1800752094
629319959
1296265812
-1899768
2083582194
1823721139
-2097323325
-743751600
-849452102
-1445911108
-1228619432
-672837332
-1136275901
-306605471
-2112986196
-1811920947
527980387
246472840
-1783559200
903907595
1330014080
-1093900285
1436353216
616089021
1301498194
-802254847
-1938771930
745059659
-1321495828
-1179968058
705942940
1668572544
831167228
-1848296802
-688304315
2071999396
1127972433
1628661006
1161920252
912966345
893811101
-1671118515
2146813373
836731749
-662463620
1162247410
-1724403901
-439246815
1983386292
-153142802
2026157043
1761108975
-1355572034
-1333676869
-958810888
2120445282
-1820862331
-2131289643
42964654
1506689849
-1581547156
404012649
1618779459
46145084
1924650646
1814573132
-1661177957
-235013045
776909408
-100675282
658170996
1856131251
-595847630
268792078
-46400053
-510728765
-1980879241
574856176
-270682499
874693535
-1404366103
1569033934
1719043632
-748212141
1423689489
-833812533
-696402061
-393994966
1976057614
609772974
450440227
595432768
-1366791020
-936981875
1782418448
1262551382
-336947145
-191941176
-2100962847
-282962715
1464830697
1583008057
-2067826124
-1353287563
197217217
-1507742295
367507721
-856062674
1183938046
279792261
-1824966304
335848879
142109514
1998177488
137247519
-746541026
-1677793726
-451151525
826727225
-411054721
982495541
1081108020
988852749
-700857783
455574827
-1681213605
400520203
-2092192714
-529181399
2028268219
-121866083
-355120806
1889372595
1674067800
-1928508605
-281338761
1391915154
-1671863356
-1869632768
1492517519
1480615127
1171560407
-1286890508
1565396409
1815769887
360560030
-75337910
275233080
1551924759
898848147
1370219859
501729993
1144072002
-153910770
1444990451
-1562151621
1320026106
-1663848964
-266024133
-2129162171
297191091
-1487609139
485956183
-2017789549
-928729977
1071143346
1840023210
921531169
-204562706
642249736
-904729801
554013388
6746572
-1932966129
-2013206974
1175820070
-1565473360
-1324798241
-1485135050
-1826081399
-159803814
-1011278693
658431689
-1657555602
-1936106114
1691784166
1759349086
13823231
-1877797433
-404190315
-1582584919
-1732709654
-1366562274
-303716954
1694396824
651008375
2121241899
372339313
-1773043855
-1808922916
-1921207013
1951281949
362476855
-1540489521
-321120349
-1346121900
1867629650
-1020546723
278020677
-1097600454
-623821970
1959863034
-817186094
-1013022054
386854050
461079000
-1586441169
-254219678
-582594091
1160903803
1401029467
1148051793
-309341347
253422989
-473825104
1728229102
1351554280
1341616366
1731803496
-474343493
-1782666081
840611343
-1989520030
-413374037
1167960200
1725145984
2108937510
-561030192
-999979477
-1382768698
1159662630
-763382440
-1288339336
-1584491662
-1079116986
-1559629894
-720742425
-1909360530
-1588736098
76433451
1487403233
-279573862
-1733555842
-110103465
-1962105762
-1845924458
-1920430158
-754553267
-1520730418
1873599457
620704518
1187187642
262580540
375960354
-924359156
-239315879
-572569423
160657862
1544629532
-1846293591
-273408042
755136970
-334329189
281158113
1301126876
818130137
-221713536
807469089
-1772057184
-1445186151
-1176086508
-1270291479
1912517641
706351681
-635802376
1603059150
-2078333772
886781038
-1981587348
516179818
-1278341677
1770408503
-300705842
-1540275052
1267610706
60720254
333222239
618341328
1853127994
-719524215
-503830963
1814016521
807938394
-414242096
-1600821011
1777259901
-1086806237
-769349352
-1237408953
1561494520
484712148
-959403584
-1488832041
-750557116
-780657450
37266010
226522770
-1344410913
-1960313240
1930155900
740065318
-149777938
617284734
2145009624
-2052128378
698870897
-592563994
5112970
-931314267
-334267208
-1748741715
990655153
-752891007
-1777183210
-1656693056
1962308160
556766818
625041875
-665809451
-808397290
-1153319325
549486438
460112011
-1427367605
-1276312271
-185928733
955592911
-777658932
890073874
-1880957774
-913473662
-1231699927
1362509865
-380331647
-797800104
274158765
-444428809
749887867
-489314813
55468462
1274656037
1953986489
931804559
-876352729
-423351424
436581112
-499900401
-1701846141
1689929284
933710989
787229561
627873211
1218862236
-194368875
1933134798
-1202840414
-1171779991
-618063504
-175353474
1609137023
29274946
-630544273
-1487037943
-465818660
-1789053509
-1861968437
501393129
-1516358499
407494378
1726887384
1682685614
1156980307
-1137650138
1100652923
1054342251
558323922
-1569171182
-1160218663
839938384
-951523840
273805273
-406188207
-211731304
742088175
-571203142
1851126187
-900612699
17997870
-1508086330
-777134191
973816936
930661980
112298984
629020477
200270854
1819618301
710556198
1379783283
1811499960
-572809328
-983754203
-1892339790
1085393394
-1252716320
1650615026
-279184730
-1323835961
1058295962
100166399
-931657760
-186713461
1482601759
-834122133
1058609096
226910649
1547286683
-948423291
2038133969
-85379305
-1072962474
-116588654
1983496431
-495373545
-1341088439
-42641970
-2058770875
-1752721536
1633920500
-821794128
558260003
51792461
-1503499922
-314381966
-809023185
1021655765
393110461
1726011856
-1599080479
1276015915
-419611801
-2013561841
1900706356
-1379563577
563634249
102129984
-942422118
49618789
-1573436506
592921541
-1439856593
-608174803
-1233355390
-846699500
1843899441
546876179
772764465
-1688375877
201819824
1442157184
298930986
1739794595
-686203007
266164530
1279621664
1463974552
-1720405896
-1478383521
1098028371
1170439432
-1687518763
1490862624
1661146658
-469390582
278436350
-1708619507
-1161770267
1968073634
403928174
642506276
-890195719
-677413821
801387501
-511346450
-288271333
-593821804
-2022243327
-1855349276
382684921
2010330230
-2031510108
1782208270
-1456946938
-1213195962
-1829706954
653791980
-504246899
804618079
1405601716
413322650
33126409
-2070392094
-1861683926
637675566
1143959987
960109240
-101194138
-1983049116
304131163
697169112
-1445632018
-1888490883
-2094414213
-111504699
-481905613
423245667
1683727496
67172954
-896164091
1001087248
-100676725
-2086138167
-133987255
858262321
1416581360
-1146542624
-1462768150
-774375930
2043179934
1490693518
1781474573
-989427317
708588103
689317286
343679624
-1436651812
-1771146496
-97717790
1102353043
1878711253
-1007120365
1534052393
-2147164224
1557099768
1825005076
614448916
-216696536
-74323565
269156146
-849854290
-198588442
-144789982
1879054286
-1855494789
1295288265
1761900785
1816082513
623016891
-1660127420
-1535613691
-1246195654
-387629329
908563113
-240197828
1028603509
1892582300
-1124970858
-785137229
157864691
766860110
37455279
765346151
-1225075338
-1434585889
411372941
-1113353698
-924228180
1168489721
-1416354059
-1722456953
-634959745
1985118936
-543408820
-1102601568
758707883
1856546132
-737040054
-1272246697
599883920
1994951710
-1395037458
1545643636
735664969
1578365257
1181093553
-85723723
1146907388
1239400204
1973498366
-282546118
-1906450829
-2134932026
-1635493152
342508323
2110107627
975425089
725292797
1160919671
923066156
1389677626
-590113342
-1597726393
-250955559
-102288096
1562522079
1701822482
-898187511
241254172
-355492362
1018092907
1017644821
1115819089
1674619022
-2027559719
537141427
-129436
-2097034419
1987450878
1205656131
212266558
2056255846
-532009478
-352487831
-1457609712
-2122620593
-1560640239
-44226853
799009687
-1239935561
118508170
150855803
2010689697
1564201399
-1141326630
81517735
-1702522929
-184071097
1067969538
-1035772976
1144432539
1848430323
-1292067788
1076329801
111277468
-1099103283
900542140
309215329
-211303416
-1365365083
-291523299
-304938317
-160306309
-2107554441
1326289530
-1052635205
-1721832202
-630481884
-101363912
-660269651
284567593
-702343323
-60587296
-1404988543
833794548
691411708
-934938551
-397962158
1833340715
402106155
688549877
591416296
-1865394279
1683708266
1367123131
-1125029741
781813063
1508131923
862811814
-1555878342
2127819774
-996879648
-1243127779
-1123766606
-449751799
-1793250599
-1538090685
-1941261484
93821758
-697777529
-1976726112
551234505
-2065587393
-310174291
841254912
-1478478297
-607413251
-1613306440
1721612443
372970561
1713304445
1011470645
2071787894
2004918842
2133445598
1693126274
1463088392
170795611
-1295369062
806430152
1248957215
1262383654
1434636
-1273002456
1409404932
-2060125013
-735408847
268120628
543515101
305462809
-1187189326
-692502624
2076495954
-888083305
-205078495
-1769398728
1080091251
-1348003244
772128387
1552407060
1693484761
-1667373860
1695629582
1749601547
1815255562
1625490861
316966195
1035170661
2070621986
259446794
-635969314
1637701587
249183918
1766172686
316892667
-125678941
196337627
1818124035
-1716929988
1445746735
-1660915761
-889773836
1039279897
608187030
1313688406
1789243264
-1985665512
-474348882
-1971519807
1278911984
734981454
766628921
-2138042358
-334765428
-1000357852
-1451355818
1378731836
1785442601
-946206626
1421721913
-632907503
-1848669434
-1671791783
-1942258146
-1281353764
620920793
1751568275
-1909107078
-105607511
552377380
1706280560
-1364914829
2018421410
-1137057588
1398509115
-1612222830
837539507
-1329553429
420069482
1826138295
-931779215
-1741663516
70418469
-1469651892
26289463
210714040
-406946551
-117733187
1438800530
-1902218345
-1590829528
1194255655
-630055714
-2053041990
634411348
776024143
1750442288
-1501774481
-808387939
-988867627
1284439926
-1326002571
-2118623209
-823707992
686644701
1244829321
-1208980000
-267814212
-1720062350
818593088
1593884256
-1460674054
1495573259
-1842827497
1659589330
-653504904
-1355957400
-1218807096
1283803139
212177386
152539540
-220680226
-853568678
1160872023
-1950463855
-441249141
-74445800
-1758397937
-1075232461
582236345
-269794081
1869488347
361003340
-2038864802
-784074376
-1832113034
-85051127
2105356052
-1026747184
-1428450756
-2052607333
-370615576
671585091
358380577
-578979815
-2081858447
-1300904676
-1861973276
-1658393692
-712871388
-1696484004
-1786970237
1772752331
1470848231
1423751354
-1428166671
-20754895
-1893331485
1090152683
-448505082
-1603845523
1027267997
833196067
-295481418
846096177
143663176
-1817065254
1632549765
1977175981
1039543124
1317328339
-36199366
152954677
360030282
-704711079
-1445521198
-1663784672
-25751333
-819873077
-782678601
1378284275
-474460107
940121435
1793660977
-892480321
-1103821416
1628627730
1445864732
360907719
-1569893335
-1641248490
-1879718181
1002165093
1053731846
1539064367
-1696881012
-794798035
1638930585
-421672825
-1101716355
-340846254
43294769
1962149809
1378243549
-2053114808
-1166309170
-954408212
427720118
840898219
-349202884
-1423664217
-765108454
-953994657
-1157393054
-647324600
587306652
691032055
-1032075045
-1912493272
970192130
1292559194
-381089083
1198639586
-7690952
-1854601565
-1594640423
1596081357
197812102
147455817
-354306116
-1965639994
-1988420603
-1326812801
1984181908
-1676540622
1846081614
573433309
-2043747363
501127234
1625375861
36996416
837012092
1672172409
679406389
-1078055187
1048319507
-1730080149
-1747408532
1733971196
717707671
-791892538
-1388918583
1444595
-1044370656
-1514812266
-1315089981
-108735823
1854810368
-725940796
-1185748788
333001613
-1141195754
1720718815
1776011974
2105710526
-1849742493
1405299998
-1824285514
-98145284
1768412381
1778031013
554173110
-82731673
1945214851
1189892615
-2053033424
-72773208
1845754545
166011916
-641404088
-214827691
737869493
1842187187
-111950438
-1565573991
236618401
536245881
1789336613
939725332
-109298846
-1411877157
2096292998
-1730416640
-522700783
1301556250
-421802648
1995255700
-1436004471
-2069175747
445055034
-2056725844
2065453881
-1303204260
1199522339
471460777
1549671226
1262062362
-1743343566
-1056430186
1577172899
-809551501
246123226
1417475723
-487615716
2145774007
-1565932387
1993530966
-1445285199
-2051673899
-192264186
-1712356521
1697660648
-1982788132
1856776411
-1813883990
-1281846764
-2034891841
-1376570221
1663058059
-165345301
1878887256
198874629
-1183372810
-1613092266
1608901039
-2090762142
1197072526
82794376
1997698683
-2044521115
1070588351
-1810221742
884571880
-1102447928
610415142
-2100460108
-1865322342
-266120455
974191151
-474468170
-1704154895
-367260403
-1695299329
-2041931912
1519502478
-1624326155
1440784789
-606763896
-1815909610
-2055764754
-2070661589
70733171
5411637
872842558
1670903265
1983969694
-1983741211
123809564
-607596387
-263814570
-1170862096
-2035464721
1311495468
1223327780
1112663219
192954811
-303297107
-1201219227
-1032336092
788574680
1278164526
2090419738
1106989077
263100132
-1809487465
-1758216963
-1842341703
788719610
496058566
1927159252
-1170803609
1818605347
-1622810629
-1424511736
-344561506
922593548
1006141046
142357624
569910600
416461817
-1735723938
419028362
-1212885182
384391673
-35767579
247601283
-630448356
1520095835
2005551784
-1030675176
155103261
868341344
-825557925
-1416818619
-836969591
-1197800143
-205008987
1102461788
-1619260379
1119032083
-917062584
-856637344
-857082374
1730951128
-1497861756
-347125869
624721497
524783768
835626941
-1027792307
-2088132577
-340367199
1228105819
-1783709938
16961594
1292017067
-1969065999
1566362326
1367582315
-459500721
-174846304
-1082158156
-144978355
-1743754822
1039870653
-1497005923
-321354603
-1177850979
2114865585
2107159167
261235866
1408624487
572375841
1735729812
-1228502504
2037704630
-1795718578
1196544507
592530224
-362119414
1887107517
783605379
-513864014
1271044795
-1157223142
1379111114
1107919519
-943353555
563017048
-2103658618
165525224
-1215766719
-1513495779
-1357061086
-1725505412
900319502
32662365
831609996
-1208760191
1766117840
383650372
-1002973619
-496145440
1608007456
1061103705
2083933913
1182371591
1290738533
-359068192
274175272
1913407977
-1839895670
-1649762177
-200386428
372756553
-1838314512
2067408675
1570361508
-566625736
-1152784218
24604708
2017743610
-1883549476
-1548909353
1406645670
-1436194487
-496262286
1581843843
2040587330
-1353302663
1701079189
716256114
-1802491930
421555886
-1871089728
1910974564
-2090736903
-1180916842
-1155225840
85564301
1472164802
674721282
440531278
332005695
-797348854
-1645718600
1436321837
1777824233
-566550785
1297092742
2124334799
-1701016513
1951312218
514876826
-1232390003
-1779644742
1188485060
-809432559
750508023
1351672899
-27881611
998936781
415394329
149520426
464755998
1739151243
1092895232
207218012
-1302524407
-1612197069
-1844430724
-1072913195
236681085
-1203712654
1477827622
-238641325
-1047277466
-1521522811
1037114788
-579570101
-806633163
893122136
284032043
-563505120
562597381
1553075151
924579397
-553165934
399507199
1683833186
1187070676
1777720948
1617226494
1185912815
1438258774
-595616862
-2083567499
-1249017653
-1301251991
-314840016
-1608914800
57205785
358444433
1145300966
1005469849
1561704543
583825721
-1242539796
-1269242467
1085800277
-892945417
903263937
-320364978
-1261159424
-1214565868
1755733105
964439851
-1549224448
1322112586
-404328953
-247642915
-1433985499
-1802523441
-1784143553
1556160740
944465991
-1820460398
2135448960
1159982194
-1434063274
1367813316
-1332287736
-126495337
867971247
733492377
1533577576
806050461
1199884209
94198607
-302189261
-1728288843
2021153424
-1441934737
603473138
1690643154
-1724207256
719946834
87776602
-104480300
1518086293
-540743450
-756704064
-1215551767
-318422207
-1057561935
2021494220
-1952055504
-1780290755
1899554838
-1931112083
1869492126
-320620524
71957719
-811813876
-1608229851
1208182621
-385269797
1511727619
-1495616238
-765253551
-914026192
639430480
-408373578
4361372
1875383378
-1213913467
626507592
-1806290313
184390317
-2018618621
178822921
-1424589834
-1843723680
-1977812377
-1700821335
1064429470
2144646467
-639911613
1211496425
787734074
192934955
810546960
698915969
-752219666
602212972
2094097763
781264707
270502540
1613235614
1421721183
-1067801729
224828198
1880567204
1617262186
-1264527703
1436450019
748321001
-1549445853
-823027655
-1997751530
-1561362195
97266067
896615378
918428812
1980873471
-1163194974
-1873696346
1939133989
-513345205
-912134965
287121688
-839986523
-222005225
2120303123
986554786
-358079540
677444425
-583712457
12715512
720040099
898416684
-2126651612
522313069
-1124109032
-11516045
-1992659541
2103603094
-1553733939
-459326595
1321647732
-240789972
-339913940
-1663240486
-1353514701
-203992778
783272638
-1488687347
1023332634
938883431
-1010995779
-1231190125
51586446
-499960636
-298766873
1120276772
-581035492
463049097
-753706604
-2060125896
510575022
1698229069
-1049410550
1929539020
1172207865
-1335787932
1328717584
-1637353115
1756916793
784846212
-365667904
1733811029
837239840
327843242
-1181083487
653991996
-1029951989
1482656830
1373149940
1893351121
1780593526
-1495514251
-1306746546
-2039726878
213914802
119378166
-151049882
1527029912
-109045035
290235072
-283045072
920171007
-369847056
1624632906
1731429162
475582662
1963062407
-1662581269
1165202933
-2086477246
-1860256451
-467017605
-302696154
144645048
50248655
-362693
-2105393826
162049243
507918403
-809640463
1334834583
1924664979
-570321056
-1647298217
-1658914879
-1810040320
-1787748512
-420399179
2071843468
-1204663363
-964701212
-781389876
1780534407
-2125047960
-1254646489
-1934013962
-1622278038
85356386
905195126
-484550774
-1820431697
858039507
-902209569
-545112955
1749662822
-1164246032
757657384
-539521178
163317577
780128384
-270607358
993481560
257005326
1202882203
649778046
-1482821482
-2000253956
1990304692
-1911529792
1221906186
-5436735
1856338906
236898545
780695352
311825794
1608294202
1858924666
-1926931111
-2033819086
1730843624
448034670
437500619
1932640806
-1899894818
2043348807
982325671
847593
145678148
363830228
-1697876301
-85012404
409486065
-7534222
-469492357
1568116674
750785329
-522046854
-1601002823
-1660613398
-1058659640
-2137808903
-1851612931
-1033795733
-976560585
196178342
1308040073
-1982688761
626049853
144169232
-1587500163
599499498
-1163965280
-490761194
-579478733
761845059
919754284
-1997071716
-789883924
-2050248682
1936538876
-1374391429
26132907
876414543
-861323273
414901433
-944664223
2096383001
690676893
-1060179206
654241097
-652886672
992109571
-1545182155
2055904149
205443572
1956078620
-1800848983
-425942198
1217395200
-840924871
1593038098
-862463129
-643690245
1313565650
1792654616
1654114381
1473605869
-1140679034
1185658120
-482055334
-180440235
-1383468960
-753198139
1092675798
626928441
-1392801957
264226304
-1115412462
504130685
935522087
149211046
1958269390
2077717624
757880877
752083098
-1061924645
-2085533756
-17153327
1310621860
145406209
-125167275
-2121000202
-52521304
398440482
-2105717044
562333638
1238933274
-1233980002
131724813
572945330
-955537999
-211254279
-1144750066
969674936
-120377766
521423035
-1011297038
-1030005533
-460703377
-187072873
974198101
-250615016
-321005784
563983823
-1591304983
969536526
1542520401
1306588886
99097153
-1269894242
1868208701
-295507146
-1558654996
-941599172
1025639418
1819750580
-1390783802
2127624900
-1704109371
615070385
2053331338
873106554
1071148992
1500669394
-1009028694
-369100468
-1549649695
2127241699
-1820545694
-94730151
-2109079762
1284134392
1410965258
914576566
1645526054
1326736085
-1808321109
1258500206
-930719102
1510827919
-2066788651
-825281589
-1855861219
1440263282
885658031
-331842349
1216231215
-1997973467
-2142673073
-677780715
1911456961
1200018188
-1329388468
675718053
-505656740
300514541
-979650672
-1092007580
776846596
-1346725675
1169977970
-776841852
-1676014748
55350076
-1631732221
1588227146
-590445238
-1131477401
1458491815
259262998
1752843861
101982477
1779023592
872744096
192763883
-474787011
-704911738
329276547
1892908657
-1934662274
-1021826350
1625105151
-2078136906
1090805303
-2104921285
386889722
-1353441105
1155782993
1546736937
-1456151480
1560621161
78427674
1804072457
-187329493
648709690
1091911532
-2033223000
1650472477
2055517498
1158492686
-566323260
-2002878004
-717568271
-280017575
-18147360
1446816613
1556440913
250616350
-1737069993
-2093070571
1766611942
-1632455737
-1978953804
-253796148
1946663499
-1664557124
-1537280192
-1056388029
-816213537
103296775
1616257499
-1419054784
1030487225
872572474
-1106895345
1304598552
-286602280
-109410417
588591458
-1962968459
422527647
1167973201
-2088942869
708615257
1302828415
1010473595
1500633895
-1225346718
581640181
363077534
-100283124
-1746070961
-611875401
739164679
156884063
-1646393662
1369584425
1529593632
601814338
655845191
-565382890
-833628650
130795792
-589243500
-744259684
16087484
2072962157
72694034
-843879322
-1491747666
151229080
563398044
-611411936
1826708409
717300226
177365637
-184803545
-1575646598
1312906788
-1973820448
478321024
2059298372
-1139518835
-288483334
-641604084
1072902983
203729722
-1648278741
-993921800
-1523136531
-663665111
1932727246
-1153481350
753453703
1238747696
-844410227
341117625
-1378179799
1506105098
-279391519
-126866420
1608864721
108503730
-1626314792
-1703570329
1938518222
-1640359949
-1547706087
-826702575
-477813921
-409220544
-73051099
-1140007014
-1932929895
-1874570560
1054553567
-1375692020
1954926222
-1867322707
-422705075
1691277408
-1448597077
1227118302
-1304911712
1381780019
865578081
145979553
-879736463
-1413749831
-1218215672
-1934518322
-157661875
-288750862
-1028725249
1081129496
-579308173
-1022129638
1038433303
-1635017818
-1508693797
-141517723
1211504433
-514056991
-1834854534
-1023282709
1974416677
436877711
1668861380
-2042956063
-54231323
162192672
290983026
-1114494455
586446818
-2021185464
-558112635
-464228757
439992237
-2145780787
-2013726838
296698949
1491110369
1658510497
-436603874
-2058281665
1029779521
919242035
-904214860
574504930
-431013092
673626113
1532645013
-1689522613
-1921074183
-1443879055
974554920
1838859291
1400321647
-985233695
403162483
2105835441
1197953875
-1001645828
-93074975
-2130662757
105425433
2139311951
-1126585787
1254544713
-1677267853
2024689435
-1629235170
1789680131
1501765694
-161386644
830326556
-1926833380
745935774
754386026
415168483
482078823
818114407
1839467502
456485646
666482666
-805237826
1750241112
1731575925
-1441055279
-636720385
-236990817
-461928781
-2110328923
-1161658655
-206993239
-1482129694
1711574717
-611574824
1010234588
118085800
-1179953676
-1917600070
-1065401868
2127997559
-1243593061
-1566603099
1930997270
711141903
-1733832527
1398052127
2008583205
2010671431
-728937903
-413725059
119392853
1349032717
1016457835
-296967031
-2029728259
-501996373
-581158218
-33732257
-195250000
-1160249525
-1726204699
162027671
-521966963
-341692995
877100824
1046645928
-1580280362
1810975350
2109504405
747857547
1753184191
835744219
-936239177
518974366
1906379400
623971520
1561708070
766696907
802931917
-977780950
-1153994680
-1615015447
-695616996
-1892810916
-663475466
-461322143
1141453000
-1357375215
-1269462414
675163156
1803419900
-974413563
-40341095
-1588896900
-1067364078
1273207994
2096928852
137240593
476070693
-583802248
937526612
-1497778195
1191143396
-2026146412
-1806897411
1657886130
-410907991
281666293
826390434
-1711785301
-906908983
-960536109
286128371
1774636849
554907181
1015528642
1118425779
-1594991281
-975382239
-1720957201
-2102923091
1928024489
1792571243
-390504024
-1630274584
-1340070247
-1408490849
-1485285855
-2136315111
-1559143014
-1010622031
-1354332300
362309208
1545415401
1059544524
517947625
1068085783
-1651525783
742672481
-25320329
691393871
1553931462
319393410
-594510454
-780341509
-420970531
1567960431
1183972359
842526409
-776344229
896646257
-562979956
-1373166321
1862982819
-93388826
1864284924
2045074939
1170177269
1116215709
514238522
-1040909298
99692748
1953229411
172041267
-2040543797
1488509830
-848201507
-724393182
-2070324565
1402856778
-1819577960
454806799
1323270995
-57206491
309007454
1044513432
-1940729592
1253622134
928260811
1842670067
-1313521566
729654924
1562944543
2050050098
-1486630081
-212937843
1800180308
1868671689
1358648826
197674393
1802421363
-1147034291
-983055395
-646518482
1564846626
732997502
-299827501
-2018604595
1495510146
242069383
-514929054
1641846749
472926263
-1727701885
2008635863
2024204496
1347433671
831530307
-1408593470
-999041660
1201155368
-1617512626
1077427364
-1460970773
1288383891
-1798389208
-281699609
1943478509
18758302
1556263639
1065801229
398560140
-1064761975
1547379618
2118102828
1175599689
-2104753705
-110558181
-728096615
526948806
-892747744
1748745568
334030563
-908366932
-1269128667
188667549
930424067
1439590606
27212836
-988881452
-1458202671
-780312178
29816686
-517105440
-1354691400
1131315327
-2105161162
-1862679882
-1455091795
1660130123
1892489386
1259264238
-1419443108
1442610647
470356807
1553317249
-399171932
-352633948
-1247467927
1700212948
298315333
-960752776
-407941343
1156409333
1669099992
-954539715
-1835308726
-1316863197
1873143038
-2035770840
-1734030626
-1956910957
-1440367140
-119378147
1448984709
1280427889
1034128838
-1529990831
417447791
996165412
999668026
451271984
-1273470878
1664198358
319372047
225865601
-876316650
-2099850957
1313203949
2117363912
-2114199360
575875184
2001723135
-217406741
-228996884
-1119187314
907948263
-1387373288
604412815
894512607
-60174862
-1412587035
986568028
-682572343
293032588
1876650936
-1976870058
-1670414391
1869697270
1372531560
2042570406
-1692364614
2064651061
-794585820
-1305519698
147270231
950470733
-54863981
-378662307
-1411874562
-1098952529
-1785945795
-1898345020
703719862
1995054575
-10184663
268595433
1898206323
1944902073
262023110
256723675
1476830872
-32225275
758434062
-1688099834
-113985092
1998264457
659433704
-1029034296
-856096080
585341807
-841625395
374271299
-482663231
-452227768
261633454
1028350068
816706873
710684223
-1882894059
1473254532
-1193561300
717756561
413214858
-163570082
-1822984336
1170967100
2091575095
-217031039
-1186520852
924521974
-1326879282
-858284778
300499221
1071116128
-1399423830
-1153707195
-51458890
-1874835845
-1034953676
-950389309
1220056303
1648715354
931669896
-1542662993
84200575
1708690201
1046945111
-448142178
1754864965
-1487232243
-1360815346
-452590348
1043993091
-1230344388
-606099913
281286517
990435429
-49301745
984688672
1251114267
-1167286462
1224311622
-1123532871
1407110185
-1573055200
997233707
1355697602
226907007
1765264125
-2088859894
-173596891
2015035184
706903884
1927110368
-563095136
1589211729
1670944061
743072849
-1397911898
524708372
262290497
1645383903
-1500014457
297188884
1930955725
-1306658471
-460839474
912691697
-1145170083
925035408
-1973446935
1991871519
-651313477
-335498416
-888303089
1552360955
274054784
969751182
1782378846
-2123142881
2144093403
706738397
-800198845
2022026742
212274832
-1596463578
1369191709
-816566382
675926084
172057752
-1446727644
1110739132
1071345655
-1621338659
-1468444537
-45191604
-501820720
-1051603059
-709945644
-194037061
942949152
-1439948057
953488285
38936310
250917536
1926966206
680082775
-1225126796
-1649910531
280631984
-265666427
-252203894
2124320406
-1100271970
1827909141
-1874396931
-284912764
1211175255
1732520969
-1743435303
-1206512934
-499856490
612600921
-663098240
-387884499
-1297972178
1696132631
-147286011
1527143766
-1317634429
104811732
944132794
1979674230
1064766524
-1014422974
1631493383
-1611730374
611280438
-305529318
931132797
-1461873569
-41246533
1462188095
1954810410
1644740728
1995255539
-1937825501
1081682734
-1499897105
-1700877926
-1117236119
-983051634
-904448439
-1581462285
1409356236
-964143801
-1687347027
-687087109
1054916670
890900902
-1516804698
2055735010
-1074004140
-280056106
-916672473
668863158
1164831456
1945190842
-1308673841
-320221087
1528788191
-1214616835
-2115793810
482569429
1081080213
465551974
-1476479288
-1899793275
-1718586890
234759024
1672861080
-1569051626
863299656
602124057
-1628088361
1226608726
-380235003
-965241094
-2048496323
-442144404
-1778959867
772474263
1963813384
-300425903
662882780
-1681934344
1376002811
1832138110
-1659750015
1340480632
1152353705
1539754983
-14932433
-1407317284
-1358958349
-20688089
-2108831345
-1958581850
-1807740466
988147196
-1794953706
14242987
-957462455
44747252
-589052500
457677027
-648488754
2144088424
1247757966
-1197500032
569732519
1754024105
-1390349708
449901121
485534916
-1827214727
1296935925
1585408775
150660538
-2135992387
1271103018
-853733208
170073103
1859956335
634878610
-800291070
585232820
-646816807
158929205
-11671469
1971992018
208731647
1802520331
-662059576
124591049
-208705444
-320967011
-1905058477
2002542196
906149841
1434404588
1228036289
320132018
-1961369126
-1482513262
454601227
-2034224094
782207746
-407566041
-168011541
526719789
1179775128
-1917858587
1486083506
-1593277624
-1436171869
288341647
1710138712
-474725766
-689847534
326851981
864582356
1808419612
1072659255
867177051
1969492398
-1438337825
-51863434
450890020
1080073681
1828639251
-750764231
778080938
1792402597
-1239165658
1728301862
539176808
2142262109
-391918998
2042597268
905029881
839362189
777513498
492122938
721935802
-1950353666
-1349810530
-32881879
2047615662
-1972486203
-1557193970
16775420
1108434850
-1346981487
793722356
2040836173
-698594927
-152279227
1254194261
-322781334
5726025
1042239430
1603625202
1909958472
-1816687539
641622293
-503829557
781831863
-661809667
-1178507105
-1122107932
-2076033833
-1944144140
1554975955
-1213498038
1704134346
-2111763279
151573493
1598502232
-152410966
-627131528
552617010
-945146058
1245553085
126676090
-109743885
1492893346
1859541991
-1638790605
254839157
-205791502
-1956657569
-280436973
-842187623
37583961
-1485249627
1040480864
1053296120
1492129129
-1277433165
49479514
1862973498
2076057816
1148865394
138134175
404150440
2009924486
32507503
1251432913
490840062
-1170742594
-1096266802
27689333
-781273979
1714345659
859346302
-331940579
720630113
-1418182290
-65621843
842257865
186765095
-1981133442
-1943967106
-1041196405
1653686706
-1823549040
1522193401
-950696087
739319606
1803834312
-860991165
-1553156474
857367701
-1831712370
-737417202
-265371773
827583217
143699860
1472561490
-1854969566
-1507630462
1756177944
1735529021
1857114412
-1663916376
-1383482010
-1922703257
749842069
1856880451
-580583776
680416585
1995149789
267330370
-952943423
997397743
593774520
362090618
-87199265
631589868
-1677147664
-392950600
1272589488
335636623
-1963054454
1703404569
572084814
-642337965
952501543
-398083944
1426307134
1263237787
1849197229
-1111034137
1346099886
84657566
-144839898
-2045885309
1113404158
-625229153
827998695
-534463742
1686893185
-1773771678
-617838604
224330927
1191126403
1773396698
-785039197
603926104
165380750
-985984218
1955470462
356598373
-1839896087
-2013541698
1802956397
-1255276244
-160114335
-1608531479
-1246081260
745556612
1581144139
-1191007886
-248606086
-1424028520
-1817174072
316237722
899544042
-801715204
204669770
-899960752
1588272158
1369118981
-1038951081
-546149217
-1946851943
-450263468
596280461
320906599
1444053843
-236129100
1529580773
369354063
-668373605
-233224154
1932155195
-2061220359
-2074822343
-932914632
1184579853
1503370360
1924185298
1322663325
-785002878
-333547266
-899929968
-1754126598
1946114222
-1494684199
1056437249
1369345789
-208765420
1379684768
-1096956353
1993171380
-810728596
1622831273
303184977
1196576540
-1539843419
1153294781
-1117081135
309104887
1416779308
496398863
682913742
-1413039647
619695214
-1635001239
1755670003
-1975787099
-1328959588
284704679
-1254305304
-1462582580
-309437011
-1846605719
700217592
-1999331977
-1841681240
-235126269
617175027
1542386542
285112099
-439123272
51178837
-190025352
-1915851514
-259725528
-660700761
-1014851092
2095164564
-1102982906
-1072819675
-730397561
-925309012
-1591583475
-1218395744
2117617536
-130999989
-755514316
1575547813
-1665933862
-109703340
-951641057
669152735
-1208770824
1030573203
-1437914407
1482513337
564304758
310281983
-1936506432
-1115131833
-1186827467
-852539841
1237341120
1628856934
-703104841
-220502417
54573763
478613281
-1889323602
506233635
-788635544
-372208042
-722852657
-1133605205
-923124238
1652155800
742044906
-1610606184
-1626642558
-739015337
1878583615
184618623
1051137673
-1374161858
785591049
-1639258628
-184916105
-1971237668
-1527111585
535402233
284540600
923169158
1044290620
1912391472
-2072704800
-981656966
-443155492
995950573
-1129362908
-989060537
-2114550455
-1764168936
-70569716
942388332
360880948
-929375118
1360896102
1009205823
1276303880
730278686
1819436157
1976525328
2124182076
-1234690205
-233928822
1632107662
2062701544
449083568
1545533803
1791061096
-1070268517
1367986144
-2109899118
-240028617
1898844267
-1400612418
1809914431
-502583654
1813107532
993119690
1848535025
-1522312030
-1007517787
-2045414083
-1007708135
-1310673295
416671008
-1584421302
-960297967
-1171381731
-384326975
815476646
-569733812
1402926297
785333049
-1258850230
-1173013555
919839318
1066572412
359552887
-610283556
-567312794
-1721573231
1884350714
6306551
618034402
-971340376
-2143886927
1343960071
-1812735026
-728683663
801122381
33708755
-1499872326
-1256542293
-1630489000
1259118265
2006608490
-2092149766
1018889593
1390533786
-290212935
-95678723
-1488089865
2030954518
-1518416710
-660907361
1794904955
-1631685639
-820749025
1167070125
1151719705
1704103412
-2122847522
-1564262743
503700881
1228513679
-874294255
-270088739
720029393
1124808286
590709533
-1259305806
-1826083907
-744497806
1549123862
-2036714431
1007372083
570884626
-846247326
-1055191766
406411081
-1849912917
1241450907
771306149
-159503144
725397252
-1486381894
1897806550
-344608962
1447224501
-312604559
1614506084
-10266530
1134922457
1594080727
-1287689909
-583602965
-2037033982
1554568778
-966217999
2045637862
2098476397
-621041264
-1147358345
1886763108
1962286710
-2145836481
173916242
-2044083052
-655281331
-1641843617
826149401
591871232
-144015638
1698372173
-1974979169
-1318224621
772231230
235944929
1522702916
-1127690789
-254101846
419488723
-952904312
1527526414
1971966388
1578805082
-471563296
-97805742
-382146568
-962812907
1099117261
269999032
1589541212
2063661102
38592553
-1194167671
-524763001
-681371460
929929923
-1454977211
-873113710
-175461783
1433540654
-944530456
1096938496
1446559828
1658606550
-2041680017
-960991765
-1798331080
-629503149
-563038822
830965376
-414477619
1698769921
-1706766606
-1940053587
-351995026
-1302493744
-724128499
-1863457000
991644155
155211607
484142863
-1889436078
32586752
1169983279
431473268
-1716921780
34748950
-481845634
-1669002227
-1388361719
-160804215
-2026972975
-1806590648
1963078805
204519995
594337071
-573015628
1671355957
612300743
-1309051798
-1884196669
333341919
1854741736
-1674719048
1824690128
-2095845908
1479389724
-395494783
197668963
1099681547
1051342980
451622522
72951476
-1194462087
1355507214
-2107279119
-736045971
920909422
-1310294059
809056874
-94297164
1273401818
-948209977
-1314864789
141209192
-350390192
897952391
1868510612
-1411803735
-1774736574
324761237
1592659954
1464454558
-19802513
1645669804
-39797613
-2145525391
333667736
2017748843
-932691619
136278942
1694634361
-2093366217
53083675
2020671085
1610072055
658738015
1983502808
347904188
-584838251
-888977536
817459568
1778631426
400061996
-97729238
-1868358813
3178640
-394073381
780539843
375444716
-255311592
1784156987
-35092309
2134666322
-869966221
612094935
1463735456
2029485181
-509332834
178998235
-245408924
-22082101
1786579461
-631106550
191309212
756543524
-2100005372
1520433397
-115022597
-2023873973
1293927338
622044265
-311340385
1069734519
429103807
-490608088
-364605510
-189135839
1110378760
1133030364
2033085557
1577142047
1817542088
-1705539512
-1194215152
-633869326
-1626441334
-1897412160
-1285487283
2116039003
-1322650082
341854171
-920817138
-668473549
-655045920
300494950
381581629
-966827396
1610047
1644096411
481546219
-1880940878
234278269
-292384878
-408893765
-1909612441
-913875021
1576638198
-1769812863
-1945342706
-1380024040
-1768567044
1038808869
541862934
16699777
540651665
-607340851
-1898101446
1700804907
1507629266
-1025370309
-1787588585
-1529044296
-1955228479
-1446497422
1035528446
-1375743625
-167070668
1459404704
-1202471157
197646312
1114511376
-770716361
243265398
-499649922
-1593757769
-1846858404
1695121960
-386413914
-714483266
1916999045
-1336009839
-1972017656
2142002147
1431956060
1063466936
1218463244
-1546099138
1702581482
-418610541
-1531413601
-1717135947
2033255921
-326180456
-569068746
-1052300876
1618332568
-188611949
141458706
561635614
-296624819
906724282
-579578426
672281214
-1550482970
1011615998
-1420479754
1485460353
-1827310583
-1661480285
1123129440
-1485126744
-1340167986
-1173772014
2023389472
1827884601
1527602338
-300404243
-637114065
1175304054
-129136018
1338180196
-1616256212
1860274449
1506357495
1479410374
-1893226914
1149481438
338365063
-1533610149
-1134923527
-499913526
-1230857523
1601847920
-1765172576
-2004540661
-1623148799
-2022100046
-26324181
-2140324456
-1915622325
-897222465
-1127773783
-100918821
-2054264731
1476035322
-2104049752
1983944101
1229801598
1300690590
-1082110797
1222501986
811823713
-162171115
1668142620
-951930995
171203542
1258644618
-231080198
-1533637531
-1241684920
553213628
-1525115787
-1987444511
1372234919
2039128341
-2103526848
696255968
-384935537
-217216005
42130279
1514644644
927091626
-1618677915
-1520147638
739202433
-410199471
1822878384
-815299864
-1012722223
500796537
-542149198
-1636727200
346122538
-1838199860
-1968576753
-1768522059
1264761298
218934806
1100745675
286344145
840027251
708112610
2039653408
-668265780
-1993655542
-2099344540
993548690
1158171757
-997905627
643725977
-610434497
1336154096
-228609203
-696669267
23610747
362606089
-2062441536
1077422236
-267782756
1980780585
15509091
128707354
1326428945
266612735
439282166
-1818789449
-1502499655
-2000630975
-108540791
637449022
589664626
-572129365
1008220462
-1435603874
1315833583
959667015
-584143633
1349370764
-1347798578
2087349487
-947251454
1112952615
-1593451799
1327962384
15599674
-1392604708
1419451883
-511576400
-1601837631
-1653333685
1453165862
-234030927
1580995332
-1648751894
188597924
-1441077418
302335726
978879273
1499690619
54947334
-311459753
-422880553
391914085
490062160
1254575550
-524470588
-378365297
-287039185
1125997622
1875158438
759964593
1401600910
-1298038370
188887104
-1255821730
-1663651059
946320917
-934492224
2094837661
-1699590651
385790124
-661899672
-44798281
-1195142711
-1652090020
-1632143759
981589074
992136751
410358329
-664333525
1517635262
1525669198
-719789593
-448137112
1364885390
-1600840824
-694077107
1003312155
-1663220118
955472842
-1107541368
2033086011
-504820445
-2069734382
-1834658013
687315693
-1885837048
-383418831
-2134359164
-1135105311
312067447
598526162
-469217880
919961083
445918134
1878422714
-1390120174
-1177052106
-2140130301
-1268413872
650973696
1569847493
1578529769
1118196576
-1836158496
443171706
1333132756
1384228123
-50929918
-66753429
-423967256
655115874
-413774451
1698119122
1942290445
1299183171
417380279
-331927499
107989838
-597698877
-1612993744
-955523898
1296481891
1411530717
152222174
55620108
-1271977588
1161182923
1331020240
-527446335
428024223
1195066755
1769947243
-1012652290
292137060
-551170428
-1968167703
-365537387
270042656
-1825310511
-1320036860
2041105341
-647911313
-1329504195
-1924768019
-756147980
934746710
-733366807
-809896061
1997452577
-1947342440
2061360395
-829924415
-590255368
582585672
776441840
-312760713
-1588842335
442409375
-430714557
1322361660
-1587985252
-877327089
847031695
-212874334
323400926
981394072
-1683025662
553477035
1423225920
-1147497127
1718728051
-337745540
603546137
1223446889
-1367446363
495012944
-1759057879
2084802023
2117028556
-329474386
-1103424840
-784389041
-1976208047
-1155975202
504219390
461617423
623352274
-86476647
-1744438331
1740415321
-1697492628
-1068652801
192092236
739930682
-1055591364
1300010445
-2115838610
2106422508
1069130017
-530642226
-796246781
1125989479
-228622905
1423284370
-1185299578
1035139133
863662817
1566564189
347895800
1773510823
-1243879243
1029925218
-477473277
1312051162
2003584989
2022151729
900056673
1548508319
-202030517
-132101780
390969726
-2042754526
-27711347
-787984191
-1683732388
-1183063799
-107753647
1692906771
679739318
1194198472
-978990804
-789484806
1287403880
1952718899
-816645994
-320399763
946808845
734373972
-928399815
-286730818
-573409047
-147215234
-1546107030
-1232975931
1765650441
771515553
1042923767
-624606880
545235624
1680484064
-2040696286
-1621760486
1965470677
959222112
-601488403
-1571612631
-1308772527
1274019171
2126477464
1413575582
-742809923
1536462740
1919850344
2060339415
-571321100
45054372
-1465593687
849562167
172190645
1868972309
145743348
584769817
504856453
1962352468
1468834485
422600193
-1100253741
551472909
-790032153
-1073317868
-570099364
-173381
1910052385
-233713719
610916561
-1407139715
-1417751338
-1306760991
278670262
1500872496
556183000
-1959637100
1819894156
-1966448455
-1369711074
366402828
-1831297230
76944802
-1367165754
1155878678
-446230905
-1904052760
483501404
-1749637354
1309082708
724204306
-514672036
978453564
-1537138583
-1829419131
-2111099915
-955519755
-1985688571
-221655274
2147426063
-900973661
-1536705926
117175521
757321871
1350148751
-479571951
-1886571944
-1582124839
-763036898
2046890794
166206366
515126166
1719522370
-230585433
1725912341
1489065911
-2109934541
-367840117
-1087517131
-1696126024
633913695
-1356110883
-1908451937
-578301399
1692583583
-318419758
-941237647
-290928023
-227752278
1565884458
-753864997
-908688972
675746510
-376795430
-2031984654
-1446940576
-1573840676
-790449430
1104410308
624510819
-1387242397
1018733216
-246434132
-2140212712
-946778335
-1574440482
-732091162
-89231294
626572470
2001446344
857449829
1145949264
-1741439589
291495593
-2014684957
-258035230
1503618385
305773591
1537009722
-393975668
-1193238563
488038228
-1658078990
-467126567
-1116212621
-1091031050
-1674246374
1365406097
-1337715856
-1814968630
765247579
-653345986
-1759408755
-501996810
1608940617
-1008322579
-519773615
-1213133475
-1832507908
-1478313679
1584390087
956354118
-1474745633
635053676
-1292231311
1628608831
1430471367
-1271814831
1806685308
641553215
-1475926713
-478394716
42567476
1802770186
2057617474
-1664009404
879897529
-1590420519
-1920220224
1004655979
75025907
-1642601927
311072517
1217911347
-1624908606
1366674227
-1018230049
-376903845
-1950640518
808353196
-728801984
-367791797
1772898446
-281952753
-1115201013
-1731584683
101209738
2122751016
2044650802
-1793819587
978402374
-1660019885
-1882482176
1646029050
-1824653480
-2029668139
1049766835
-921399362
-1244609590
-1849592695
531579725
-1973624524
1390704652
1147879358
-1607821653
-472123896
-531313621
303035999
-987540266
529311403
1649535043
320882261
-3767400
-941171881
580163122
1846421800
-1898634670
-1531520943
222220942
-568994836
1206461964
577145453
-2021656360
1858814298
772121294
-470771753
1641217777
-252462532
384808493
-1527957233
706769868
1673854990
-1030551768
698687029
-1334495900
-216400414
948825908
924247174
1452937712
-909696124
1563336852
-1600135130
2129119318
-1120481571
1777065454
-1665057249
-1804198948
1461217180
318314267
1116127913
494661413
1903366418
2101280574
1302636459
-1415472550
320280157
-352391145
-726245502
1550184614
2088203464
-218583399
1130381312
-1194743576
27732081
-1018207047
-1246602826
-696509020
-338944212
132375688
1397423990
-1862297543
-720112217
-2002286461
-744766957
-437609639
-732634418
147604778
1100735594
130998452
189232497
-1058291762
6261669
-1633288714
1508640803
1971879599
465252286
640607476
-713486493
1978238534
-57733054
430355233
1197319681
511834078
-1882279593
66749510
733346746
52135272
-32201472
-214483854
205883941
-250360176
-405592930
-1059619538
2011509715
644479755
741752505
501168629
1687269808
-1738856910
114597120
213360610
1445524143
-115249196
-2036849010
313869483
-475311706
1901250119
1192755822
-883044147
46122358
597278144
-248398239
-148793080
461926254
-1839986460
1615306206
-1584342258
801582064
-1287166306
-1419356839
-2024042122
505940309
-816375501
-1930119736
-1511648522
662817037
2016492178
1286868066
1949036753
-1506095349
-1249082896
-16762199
38652046
1375937375
-1274786156
2108345002
1774058730
1241147939
1915358191
1388086147
248220174
1868756379
843072239
136135206
612985092
-1183754600
2038754452
416946779
1359230567
433721116
-1774855742
-2051144693
-794881958
800410435
-1932311463
-1083074374
-678699077
1835713632
-925770366
-392518315
1860337815
-321506714
1848569164
448566317
-1692566049
83292041
-177318026
1428616003
586830940
-998002140
733190542
-1907385659
-349802272
-689602340
1914967610
1237989336
469851581
-1951709946
1808941525
1608990616
1850725243
-575037627
1163297853
-601846180
1094885572
1972429431
-1909201942
219821886
-353395293
-482518830
-1217147325
-396212262
-343269907
1059338057
-976907988
-1786608556
-561277186
924967732
-2061280797
1805868960
-1160483671
1570008623
-1983394548
-1959808003
-422045335
-1808307135
-748909559
-438501439
124200411
1130661952
-587514993
1668557404
568107888
-107054476
-65020042
-1930226282
-2070143395
897729915
-213606449
-228622565
-165135657
-946545301
-1479783621
1311241784
1793683836
404856125
-1352521094
863496679
658480916
29372008
1816852802
397415176
-437232776
291423948
1267472465
-2105229583
-1246802991
857202897
1485524165
-1470644696
-1835211770
-571944496
1092264107
796654446
-848606353
298902193
1745434837
795672320
-1868539698
976670420
747320303
-387653096
-261695106
-1410544332
-682105132
1532982969
164665324
-787904566
-58783203
-801003604
-1634871994
-1756453585
-1209357061
298341573
422980211
-1237596028
864878918
743583594
-141949886
1517759381
-292137771
-271819947
-1429000475
-1826408644
1711328271
-1790847080
905847968
88784387
-41635390
-569773087
1147999164
1342422285
1709273139
655513087
1864421314
-1149057227
-1751873675
2005226404
-1495064091
878149239
-1059515138
-1093294996
-1260311361
-995311730
6275190
-1086017506
-556017856
770532319
1289232850
-2021065424
-1811975454
-1881621099
-1453198175
-1534164080
-1429008095
757084684
-2121421658
597878689
-356303830
-78014862
1375289254
570155395
332596946
1252537003
1175402626
-1868147561
1077520329
456691317
758867847
1473305410
-1251863537
-1177981747
-1421229052
2051853040
388320422
-1421960816
903435036
-565382053
2020561800
1608543588
-988403746
320447500
856292315
1404382168
-443887470
-1327126751
1950878050
1217372105
1963640149
-1335338927
1761497911
