-1073359742
-33647769
476615116
1776790729
-527165717
134361874
-1735837446
-741578739
-1741901083
1971827358
207226055
-1091561586
-1731786837
-1825515381
1114425884
-187979965
-1470893722
992448696
138474623
-444791478
-443457309
795950085
544851696
579810351
-1638712697
-264972744
720852470
-2068136594
1392947327
2107840036
-1698918668
584861750
1574210619
-1635914745
-1252138816
1073174639
1360665372
204407348
1599691125
-822642178
2016916075
305341425
225594760
-314418105
573505165
-1432703326
-768091111
1431413235
511349108
985493798
-109124469
-525113101
1831560281
-1136484992
-1626521258
-1724068157
-621789017
763605178
-482517989
-198576909
-1820965830
-1822722811
-583110920
-1013233182
-1882131256
65045029
-804845795
1536694732
-829712737
530374667
-363553633
-1011176441
250395280
-204820541
-2073275508
-2044039031
605042475
-2043150704
1023294014
1942815149
504037675
-1326307500
-87189260
1155464758
1922012980
-1963235787
-136960354
1353842579
-490670917
1515422333
-305187081
794636388
877477956
214348482
-261409319
956450621
2143856851
-159113402
-1195179060
-937367127
416556700
967812768
876742623
1938733936
623055612
-952579941
962661051
826973724
1093520300
-1988437155
-758436108
1371923642
-208743117
-1966543157
-1352033630
1537638365
-1108660068
-11926996
-662198736
514942439
-618801047
414216204
-804608909
2042411915
-378955577
-1381911454
-187328514
-1350729587
200521474
-1538133771
1679976883
687654092
1543314490
-97987590
958362781
-692278911
-1485375657
1467729154
-776373507
861254345
-2098525638
-1463583726
-1117300574
802762080
528422452
-462330093
-498203011
63810734
1449008059
1206616428
-1150762124
879158536
407462234
628851181
-255166858
-387291601
1170109929
845710062
-557146673
1363606043
-1321295362
-566196041
1799446460
133999614
890731683
-53900766
505122882
-1110459517
-808216760
963108735
1036566587
1956708438
1366652155
-817742921
1838328240
728400360
1728987349
-1421241421
1292799342
940001139
-1788545097
-556951554
30299603
5874748
-1116079818
2024580264
-1602186520
869499927
301872083
-222803091
-1509186636
-1265075152
1653891183
1054202903
1025614031
-1263950841
1948647677
-1510699232
-560997323
336034492
-604170631
-2140588389
-77198756
951475340
-923876840
-572941997
759064711
-1655288677
301090240
1759501364
-743345060
1724323571
927143865
-1037001239
-745207628
-245494068
702807461
-1365989178
911209394
1925377293
1078223533
1555128040
-628598250
1256035090
-852992771
-1180089189
84179922
882292144
453449329
-397390597
-33903138
1120515189
-786789232
-62534435
-1383686840
115745076
-342434888
-1023395857
1455894414
-1180451904
-718370405
-1225454563
-1249274833
454288886
-395541783
-422998218
1134254975
-1702374400
-1295794098
975127247
-1037654341
1349713112
-54540641
-916901273
504939868
1357221643
-1983875505
333807563
-976956497
-994906689
425647655
-2090282564
-1090965851
907311607
-868219594
2145355982
-1999122201
1138306068
821420037
732094098
-1322324691
-264846946
-354556657
-595701001
856709584
1985577796
-806357905
1659112428
960209309
-1206130911
711427803
-535491766
-740831765
740266816
1532778448
704405233
53951983
-1072331678
-1157693682
-976572624
707862350
1805343998
1166093639
995217258
1598118899
-2114969464
1610121235
-1326041867
358158626
-64823562
-234479322
1292269637
1901519821
-1904077697
-688085821
329729097
683656742
-80035419
-1763648653
-763078636
-1631190411
-1786609803
-1271297294
-77758784
-684351702
-1399319539
577585770
244359567
-793087946
-1063629985
-1733509661
-986687406
-1973065323
485300275
307989752
-1991730162
-660863185
685850994
2127556814
-521568293
-990519840
1607671712
845030722
1202328591
1614391765
574172842
1496484193
-120334436
518811161
694384609
1824611100
1955158966
1425701231
1413027910
1707735612
172031416
-2060753823
1146185479
844555923
-2062099640
-1433445223
479887433
1745022324
-1190697800
-1507503762
-308856792
-2107688348
1163276719
-1495345727
-2091206149
1927102224
1853553672
-551564534
1862817756
1180345986
-1557601031
-1507513939
486690407
194824079
-1566414729
1319074450
1784316096
-1997780332
-2133941543
1803736564
-1815842598
886634081
78302395
-371754120
645396471
171497588
1375539493
-1619830912
879264618
1626684521
366748139
-1808397887
-651372124
-680843599
-923718058
317079826
-936400019
1649165954
814751747
1097367687
1468102001
-699886834
1662796299
-1158372930
958952957
781715446
-487737756
460367992
-816596213
-1459669759
927882630
510442346
-90010501
-1302293240
-76868527
2141541973
755087011
-375922635
25193517
464390484
-206276343
8113516
-1554497166
1723357556
-1741218450
2142631688
178246666
-2104519031
-1241154801
-521677110
1777616469
1964751423
53471782
-1097921267
889038412
-78994321
525167542
562718526
818865384
-2107619149
537004424
205805964
675504068
413376828
540848752
312401883
-2139561727
-546866462
801117908
252180989
1376729449
1087073916
1203652974
1205679907
-356198186
75668337
126298192
-1078459247
848955604
1303574415
-574238168
245609361
-971330171
-1713813478
1472834501
1289317033
923316421
1657477160
-853820967
145585679
-1147176051
-38715348
-1167502592
1813818204
894116252
2070598351
1473867265
35640448
1479811923
-2056158458
1282543698
-1814669834
2007689696
-1571432608
-1769496351
1761117239
244081055
-1216692577
-1601690863
-1726653325
678123196
-1742906998
235970050
-1020881794
-555714532
-1523642879
-1487195115
1514223112
-669178755
-346736815
1022930606
534264081
654009819
1573062601
-1011842500
1902760347
-880296171
718761869
-594637194
-943233888
-207114288
733093033
-1613357338
1689475142
-1203105125
-409999255
-1224347734
1603220304
-1967343276
-269466137
-2104411527
1854390232
-1718293559
-1333099036
1605242852
1179919675
-884036447
1999832027
-774274850
-1032311469
1352722557
289247315
-826909570
977873131
1875047257
384543861
703825410
653797231
-691931080
-548771107
-567073002
870020579
868957952
952961460
-272874922
-681797354
-516264798
-768697858
-363566575
-141609194
1586045309
-1124710352
-1925734576
-456612890
-114320892
1956583941
1660984598
366413166
928789917
1142764945
-1749806104
-1208859982
878839756
-58194539
-247096945
-277859770
2048710544
-2075013355
-149597924
-387400703
-309645043
2078968872
-279867605
-603069967
-171610774
-1003151346
-971506068
1564927118
360895740
705902727
1441138783
-1067649487
516702115
2042458210
195069534
-2139409978
-124921996
971147091
-294191392
933939392
-2068848232
-756956407
-1654197509
1963957325
-1653034637
-819868288
-1922564054
-189221429
-931649016
-1614371693
1955715664
1360745081
912224667
706637524
1410949628
612791921
-399656041
-1354348128
2098354926
-750241067
1967475890
235234413
2125956826
1830636360
1904876878
804126053
1892886635
-2129246560
-119685598
-1145498824
234762890
-1717176615
1952604953
281731117
-1609783329
-901344180
1881749625
-1743031685
-1318981993
609454111
-611424696
-1365248554
-1605362584
-1600626177
-2050529814
-1173978549
-1303281966
-1779632884
693014030
1398768720
-1139022938
-297676779
505477323
695013911
1166108107
570393861
1920083973
788644386
-1526021569
2026795932
-171242475
-1906452709
-1821148836
-33289375
-641707863
2048054501
1525694556
156088534
935728103
1810027246
-39024865
-1325338131
-1150981160
1670520774
1920210475
637212091
897211907
-940111371
-1572206349
7541610
778513752
1157423624
-436295589
1154092148
76816976
1326221805
-471209605
780625422
-2141114031
1486759296
1678283939
562036193
1763779414
-1763917723
-938059618
-185633281
-703847217
-679609065
-1642115525
-851063788
479321797
561848641
1386721288
114995163
693206593
-175500468
1949354592
551242964
880823790
653401401
-1597085784
-337741005
1944962557
-1412331345
-135250731
1976994843
643708488
-122001321
1790384688
-1260968692
-203198790
-1578229145
744875101
-291971432
-1486026259
135041149
-1090872935
1661704796
490749460
-789264211
368830274
535020590
1923176474
885056477
1061950364
-652348781
-84458229
-1417194161
664420305
-1573414285
-799814221
270641023
-501791175
-728577521
1993435268
-1344163282
1503901916
-328851662
-1780365892
740007358
1090569268
-1107727194
1052146118
1241270208
1072036406
-603798807
899639777
1686691019
-931509869
352243745
-1009721601
-719471729
1137616186
2073742156
1639801583
1301280041
-1327685599
-587899205
508414909
1568014007
-1065909947
-371243584
-1224468136
-1756272593
-2051238929
-1248095834
1992034677
2073865324
509327416
-1070937631
-561609292
1146973833
610432974
992697222
-196390912
1158461554
885531383
-99808260
-1750167238
95162039
-2035828267
-537107724
359542297
-705204829
660121068
717635478
642057803
-334396531
1671104481
-1321005828
-962559520
1778957421
-1374380668
-1059304989
-1302916888
-462884174
-1415085040
1605785503
-2125168294
1391909201
922507952
859030607
1109086007
552563489
707627333
1948681298
994595566
1559702373
-1743147162
911658745
406352386
-1484168278
582975400
-816934275
-188336663
1517456083
426085150
-2083278029
1796173111
-1175711374
-1804287709
1936361981
1116814075
-1584214184
1981065046
1356682756
-1679083415
-1310347666
-368800282
492606883
1182829752
1065594566
354239503
1284995750
1329078093
960337900
1100681443
1651174835
671827993
-2038371454
554169421
-507980536
153395774
2045177099
597324882
-555707802
1145496824
1695273734
1465744026
-2106790836
1011738298
8353087
1941571119
-2128947608
-82170217
-1511912352
1615050115
-123744950
173651939
-1873488178
-1540002633
600684890
900123674
-779110734
1058774042
270372108
1352668927
359275861
-1224873233
2039026257
-2144642808
-340338768
-181253518
1932499792
-45720583
909611075
1696576797
-1027044779
-673182258
-1352263131
-1076421081
1034020105
325969373
-1004611236
-657631924
-417831197
462420028
1058593902
1936253651
-1655060770
928537439
1858960183
-1027399731
1360602220
1676723206
1983549181
1428950682
-756494422
363035477
-1408788543
938784689
1550573780
1727730500
726098647
2113670815
130372346
2063498553
-1164638536
-1330207921
1003591155
1875207922
-1159444457
1076470668
-1156396142
2080047528
72006705
-1227493180
-49863656
1654888305
629685353
1125666319
-115077656
-1629777179
-395673837
1280305774
-1222103935
-1148396284
-493819505
124570455
757156519
-1820215977
617803674
-660874383
-6112285
1930061908
1289524192
1323213211
528212270
-1478653946
-1447436844
1991828530
2030421224
1009814253
910383300
1929297043
-1625685489
-780077790
-1595215833
-764289314
-1372296532
-1671139394
-1064714951
243603965
1717838224
-684166532
-691758647
1602835428
1942494016
-202349667
329682001
2096596505
144587309
-540323317
-2140315321
-1715503497
-1196721624
-1398231615
-361364046
-1665439698
389472020
1833280105
-1879345409
686055693
104340188
1780676678
942955540
-270229757
972431015
-1771200684
1686674341
946334178
-278852790
1161971885
1515815879
-1336709786
-1472842498
575058477
-1452517694
236595062
1437871698
-753301415
1672499498
-1410107735
1284509282
63177340
-1525252816
-267547381
-1170446775
-177824494
247654197
-970077408
-542795309
-1777559958
222562208
-1244838104
-946958473
958927238
-822708752
-874511196
1911810948
-470613179
-1282918124
-178675688
-510965095
-703640125
1223706873
-546671853
802631513
931311104
40113509
-1734577044
-828401825
936468415
874391043
581392589
-1507169424
683973552
1348872126
-867715211
2106474223
1486377936
1216084817
1826436921
1898779285
1696453136
-2079549153
-1521481781
-2113139104
437722420
1693507135
-889312450
177759948
1927890942
1617139419
-1904913463
565764416
956436107
-1948427846
1086740938
1594797003
-953195012
395970842
-1953788402
-1304462321
1827529303
-1397420862
-1047827377
-296867459
-1650649425
1845926232
-1535806979
-1733937470
-992521341
1925028079
-1613816511
2094136960
622618468
-849934108
1443059774
1897559873
1456817625
2051858666
-1025059687
-926235992
-1112491898
618911586
-1154999493
-977208343
-407404918
1595971311
-901098411
1201207674
913866281
1499609417
1026952100
1112864266
1167322283
262740818
-430213899
-1405922126
888574083
1399742054
-32115477
-2120223639
-1367047758
-1302222090
-1766264320
-635255107
822414445
1906837591
-609603127
1762958784
-1021863427
865066455
-1368504707
-201431745
-1156332570
1079734545
-540028745
-2045363398
842331467
1124365698
-158164614
1737563023
345259664
-571440805
749717622
129438455
-2105983168
582450072
-2010596727
890449206
2092255793
1620727633
-112051065
-1091071346
457844710
676966479
2119315006
841058420
-170910924
-419357471
-22687308
114313606
-165344217
1026902256
-232305998
-1268979525
-1305936603
-1159713199
-915598715
-1802456101
787099220
-117965222
1237738499
-488978126
-924478663
299012279
-1044126772
-128134016
2522785
759196542
-999552815
-388880589
1314564292
-2050508673
1563363610
80977879
-1768033370
-653739039
-710521149
1731073229
1829999040
1406836714
-597182137
1814574650
-1919388960
-2075612643
1375022848
-839902398
-1489691828
-846910071
710230766
-1606947210
-743225043
-177680801
-1486228809
-1181979254
-98694101
761916102
-303644434
1785147467
775500628
190921963
1561833367
195685071
946287937
774769243
-1530994966
-1085333779
-1891436933
1218278548
-597240745
972026095
-1868230118
1461567192
-1461473846
159781766
-115177297
1140825412
396215600
952893182
-510854813
-275455711
1474594872
-2045974606
-1210398368
-962783622
-114259875
2069440449
778034543
-278534418
774375204
1412108289
1336265185
-703703609
-1482063198
-1127001037
1086102707
263792970
-1923873215
-1983674760
-1647598100
1282151760
-1841478718
-1421847037
1195106890
1428060949
285325445
-194214640
1330375709
-397159857
-363109624
372820501
175609457
147525506
-919614291
785649718
-14969230
-259155054
-1496421441
-134558979
610262796
473804953
1847894454
1497059657
66687697
-1607651334
1832704442
-1976536185
2147463200
1606632886
-1515025563
319996192
874240898
-1857524482
-954391091
-1693175502
1242754135
-912938488
-1106237759
1258365569
-1422450767
1167920422
-680598959
-2099452241
1695552895
1217319699
-692666733
434064555
-308085779
-1111509360
1590355876
1822154343
1703382283
1118455599
1274593261
611501517
-1717779796
-928097939
1000116391
553028851
368731280
-321985530
1581399712
-286184052
904582341
1457512069
-1131018434
610673569
-2088059319
513471770
2050329028
613840769
-1822258700
-1523898961
196190420
-974720266
-1624785516
573348412
991285300
349697465
-1525503655
-2061544358
-1336784172
-1371431641
-1860761741
1159757334
1026675983
-1895943373
-1458277895
1638364168
-1487599823
-1688725346
-151137524
-1656693597
440448057
-735076762
-96128196
-535600947
-668632865
908100219
1724615210
-2002855503
1977792215
-1892285512
-378899091
652216276
-1104707497
1563934992
-1155008071
-300931226
-726124585
-1601644536
-1971146178
-455543334
-167253993
-784992668
-532213171
676003000
348166246
342250277
2034539841
745354673
-20569824
-349257038
306460828
-753247245
-1041021833
-939173292
906951791
407994047
-427225226
-385394969
-1066981889
1734650168
776259395
438975182
-490008411
-137776260
-879696220
1720473383
-1829480202
-1342271240
680128452
-2102905793
-712798686
1915990007
299374133
-848196280
1667962273
-1501282692
1777009976
328848201
-1397611253
-1431476142
-298498500
-509252779
1364391495
884138593
1440287652
-1235608577
1334155752
-303016126
1880122317
312630796
2147158995
-1409513196
1958156367
1837663338
-1969066460
-574866288
-2097365631
-441979039
1942785618
-2108669606
631879234
77709063
-937420656
1584081818
2043293686
-1610237703
2014518646
139498187
1614699215
1559713095
-1211839008
-997660206
-1797299635
1407329968
-262369002
1517438034
48032263
-149941746
-1698571988
-511206082
-1645276501
-1792603885
-86877780
-1010994513
389368642
1857764405
1282573425
-1746154761
593130168
1736308711
1395552469
640349941
-1441067621
1600168201
266309902
-1870027350
366122019
1770423456
-131212843
-1042801396
1350638706
-1923649847
-1610006456
-2085770214
-1962220261
-592429846
-1348292080
-511006160
931628008
1078845227
-12981306
1246402459
814660823
-329089756
663212434
-2009123984
-1446165146
1913369047
132328981
-1803117927
-1978927088
-2107895072
481819528
951829552
1215839254
-736528661
-809002203
-1270747377
1856284034
158642021
-1574265147
1432409255
-760934040
-1240028811
-2072835894
1668330769
1494860399
-1154864595
1574446654
1672646754
976306575
-2050450948
-2042403012
-815652542
115410715
2007208807
1386731918
-1269535553
-250531838
-114546440
763636119
2068773726
-1837644975
-1290529162
-1727443597
-1921970317
-828093445
-233549483
-748798372
-1110872910
-1383806244
-1230525328
974873679
-87522043
-1464253189
-769686795
1855887342
-1243079009
-543460849
1315151519
998432423
-740374704
-1070313660
1158532395
1385514262
-1773754086
-1229874626
10803460
-867009624
1577358341
1837725789
2126633280
1687099776
221597999
-1499804093
388369615
1839638941
758420262
226298770
-1988709135
1789650492
1655838586
-317034758
347579112
-472463750
-1946235508
182191730
-2014024465
-317504963
-1643833684
811528132
-1374454166
-1218580395
-1073974429
102669647
-1093830818
-2134252835
-1508232692
-1242029304
-9007326
249390567
-175770967
-2010722367
-823202218
967410775
-655223821
10131118
-2081803244
-1243973873
2057657778
1636633892
-888300955
1866293836
130317391
1531052194
1181183478
907674959
914301351
-735254251
-1195782901
-159039425
514711329
1485093719
-532815436
62624845
-139784958
-387719176
-1658582211
1893794329
152319
-1792388543
459844330
-562697645
1228383763
-541840523
1826392035
1453773989
1151324050
492248666
2059075181
-1265155888
-78524034
2092803831
353857115
-232397291
-1546011623
-1411452258
2098109635
-2035612459
1909115067
280937516
1547697395
-1776832901
-1093153307
-1685006193
735974565
82257817
402022549
-2146463864
-2031849614
-121517999
-327010597
-896672591
1760875908
-507314442
245079980
927515841
-2059093616
-1018537742
1817519093
-537072881
2048856578
525972969
1173464307
-251071660
-317845127
318834974
397773761
1554889652
-2063371659
-277197547
-1159537102
1820963583
705514062
-526480006
1117867232
-1619210445
143693671
411511617
2081459845
-1191778235
534904483
-4407538
-36397944
-1903527136
-458724328
864501206
1884333275
-2051401491
-302216446
-1358347323
1438565635
-426309995
737364218
-2113230494
-1784683913
-64237437
-1502554009
2146748144
2061513774
1242945198
-821762508
-1933243881
-1799204493
56431830
-1889012029
-1293893181
-110372357
164211469
725425697
905921612
319556408
1927998072
-163936390
51237847
1195759343
1224469078
-1425113138
1833100539
554454792
-1509037758
-1300367388
1137486759
-122062172
-1885274444
-258690689
1004606018
-2112558987
341303501
915311567
515079955
-578776503
352043603
1990501162
1949764578
1305994726
298945785
1918908411
-1193667617
552994589
227671012
801149178
-405652541
-1701470439
-1670751638
-593474403
56514613
1234029815
260303644
1838798285
-1428826514
1939147675
686570246
-1385041955
28543775
-1662246719
815326516
1191873975
-1790702703
1558210898
-1243248008
-1253087144
1585313038
-13232392
-644677270
-978253699
-452147585
176173812
121307824
1104820126
1040003158
-579503570
1788597631
1603734555
-1643905363
-1095866739
-783040415
832832693
1531380143
338295177
-1260633544
-1534138561
119642166
-138667011
-955164798
-1355131244
601145526
207726401
-40808482
-1842326581
1856820312
-1281135752
-234489906
184491689
-1289400215
2062731045
-1221584195
-1264637610
825577973
-1803574268
2023399748
-761785516
1182115759
1186000151
1567281064
361095084
-646210029
-1637494274
-99129177
-1812014487
-19797554
465005451
-383207309
-34741942
296440925
475501973
-188756994
-1317272654
-1912533261
455283212
566450296
-1159746077
143183775
2001357134
1047861013
1259787115
-1190323026
-405455944
-1457874669
-403387171
-546018739
1870428286
1955649531
-1992041276
1902767731
169487807
5375526
1044746197
-1335537923
898868691
1810457474
-2082706333
-1543729639
1162659303
-347530602
-1990417129
-1120020248
1446797772
372402627
-1750547745
-1014686625
64059659
-1994351412
790264358
1679524973
1212592444
103520919
1007099718
-2110961310
1862443415
811535156
-1431146950
-2038141041
-1300708405
-1202759138
1366923672
608001321
568860174
-1652156223
1982583997
731146866
730987125
166954300
1898237257
1413074970
-1496039547
1261123943
554747853
1200330721
1278754313
-720484841
-58108989
1726706561
423626789
-622510432
-1103836482
-1117741621
1741268395
2064709787
-1946022174
-1944835568
1451276716
1319175144
1706900629
-516397630
642542930
1166745334
-506379402
2127704153
556839917
1915693889
1138072205
-52073093
-2030617526
-410556900
-1228504124
-420219562
2087035723
1025305008
-1883663722
-1714378928
-2012496972
383040068
-1933088251
-1027702046
1292762946
623502270
-771824175
-1645352255
-839025407
682453864
851780326
-555190722
17815775
1374493175
340335381
-1684146962
689909883
-647077431
-857159673
-1731491699
-1794967230
1652221294
-271515282
245365023
-967824451
-347053462
50367100
-452024489
-761245661
-31587272
-211156328
-1569406659
744767541
341140368
1853336911
-615867126
188789323
-1183468052
-2064693880
148201046
-448798295
-941887160
-2140975109
-714389132
-486217706
-242554838
893559012
1495230748
-689791825
-997547551
-546436877
-2016449973
-92206088
514749200
2034720134
1809371750
-572924621
-209347986
-1397993447
1432941477
1711618292
-919444026
-578631428
665666478
802555125
304096069
899922247
-1990199168
-354580186
-1169136908
357341195
1065815954
1784402440
-746828670
1494154954
234496827
-333224901
1003425095
-1179051736
1940238932
-154397355
-1547001211
1260968929
-1362575845
-906355212
960005104
665270013
30663258
-1707362026
-82054545
1971828546
-228635704
928048295
-575410396
-1348711702
-1826672466
-1663690917
972496554
-439083626
504672205
-1283194946
-640410467
894943106
-1615644290
-238837624
1579483998
501484537
76605211
-428384715
-722654185
1883800330
-205888355
768528853
2053401340
520424059
-701935482
386168096
-1379709996
961432061
-1167706623
-398361651
-1074261321
964630177
1213039942
1423273507
379880729
-1250909814
914435651
1454659791
356564742
-2137367068
260489592
940025336
-918579025
-1200238060
439106338
-1848970352
-1462411228
-1028536272
-708060005
1244625645
113896290
1837339057
1101641728
-166339177
-1395964272
-1944300953
-1926508012
1167551331
1497793157
791905964
1868037731
-2120927808
1780508558
183974108
1024514474
1490322512
-1828712339
2076547588
-1992456587
-476741958
679063971
-1592069671
782110730
-2046156866
-645394191
492444138
-1027041403
836814217
-89689828
-1866139623
-1427525820
108458826
567080433
-245519289
262441092
-612493308
1554105480
2009097550
1410717516
1411739301
-484875316
898699572
918982793
2121878360
-1276174022
1008163996
-2138446214
484010519
-284262936
-464079489
-552327346
-1150479741
799467464
-1533590244
-439459318
-359324425
1290486573
1966085421
-112921168
-20355878
964823182
380752986
1322086045
-1085303756
-1364002166
1234497010
-52275662
2098214019
-1515472852
-628823848
259643574
985006287
-1761300625
697188795
-2004458117
1283618044
323236868
-720161655
1713286462
571668062
-1900691886
1992239396
398238419
-1678282350
2076677821
-537413802
14246401
1270120843
-645828310
667252226
-1423564630
-2082966549
-1010123581
-987887203
1811975727
7061139
-245388297
823928283
1908622610
-746931587
1002453188
1816753836
1148793564
-553666616
-1336628936
-1142315927
-1132127680
-1974354156
1672960052
-143333558
-1489202304
783127568
2026620531
1852038684
-947376369
1639173456
-246990902
1649777711
2106629751
1460671843
-590389071
347349652
781911932
-383063772
186116097
-1198868344
-206248575
-452434096
1018151166
746903338
888282411
1015809369
-373579368
490970228
-1643764156
495074681
-1779754771
815987048
1647013857
1213106697
-1849030126
-1368977527
-1898290491
-1607646702
1130925843
90009996
1493411335
-438424796
661620791
-997901489
-443053581
92656742
-1067951224
-1853082358
912178478
-689893650
1877125265
807302595
767995932
-1262020782
-1756695447
1667840263
965102213
-877902721
1903268336
-603399210
992335734
1738559432
-2024715688
1000682718
-255898779
778078785
-954627609
-1409369108
234506392
-221801650
-1858595590
2086810783
-1483110970
1634296950
685410636
-2053124002
-1322943746
-205273476
254816120
-989987957
1587181767
2102952880
-566697796
829377016
-239170168
-175641726
829818111
1993750170
640015658
1599568727
1285483796
681093755
1177702139
1991884959
986320192
2054192885
1355134421
111790119
-1752114183
1938124572
959174270
-37900629
-1613997840
1605381244
-1825312686
-721869137
1424261201
1955433219
851946527
266471310
-1131598263
-553387968
-758672049
1113995730
-1418774840
-649285170
-1999404724
1917031622
736408968
-726307062
354912543
-73957046
-824452531
-194612725
1427929434
-1807387162
-329009811
180630483
-1100686280
759210016
-1348810606
1891835841
-1358036478
1689669393
1726963646
-1997073846
215919539
-170134731
-501352817
-1500541208
-1943847969
469550979
458894787
-1374887599
-1936617008
-1819248707
886248703
-645292564
-1192430863
-1226483704
797691083
137835904
229942895
-377617985
680379617
1331925038
313403164
-152344189
1577720487
-1102519391
-2067394665
1693041302
-2091656200
2085107843
1741759658
-1105738903
-923454934
1581404978
476652018
537206643
-2118272692
2060055475
733424837
-2050078141
113805231
287678694
-1414000305
1565054936
-1084446297
-1547275525
2024058366
-2128277968
1450382738
-2026073820
-1242877664
463371294
-891724775
1644779148
-1328804663
-1264670368
1217960117
1798984326
309839097
-1865272336
2126276213
1287100425
1840839678
-295571814
1410194685
-840757156
1594384663
-855190322
-1542268463
718128397
1402889562
323545015
-1142810157
-953985753
1727060695
-1490663285
409003786
-1053095517
-867638788
-1503583196
-444113244
2093038878
-1107310278
1468548048
-1399549122
878906060
-1548238104
-910731420
-1108603039
-636389204
-422603416
-750170985
921336912
1427149053
-23156345
948455308
345469184
-2024136976
2130254633
269226160
-571036313
1747124894
693219365
-466547770
-467974663
449663035
365549933
-719385537
2000913263
-679432564
1272849010
-294085938
1466727113
273000598
-2074103098
-1539276740
-264724074
-1038621033
642893314
-1257461384
-67837325
-802258375
-666092055
-1854228239
473691600
-1879512571
-1770868019
-2092181208
-126876935
-247330795
606185009
-1764580224
-281096876
-2033016819
-831931473
1219966552
1357181415
-335079349
-745858020
230865243
539556125
-631496099
-769562903
1671759638
944718025
-1439107405
1926419916
2109484234
1792279147
-613083243
123434654
688843139
818477489
-1216164010
871866246
-601327255
763916095
-1207509558
1656684887
1402290773
1128770482
1547241716
-575407050
-1348127322
-366012702
-1259305724
39918208
-317588651
-398555289
-1778751617
991483370
1165244999
1202226782
-360212033
-729150744
-1756065310
1387760493
-1251803490
-1801601453
1297750242
-1946389245
1400356718
1069095237
1373730157
-1347043100
1664807979
902348615
-1117461916
743655652
1829444339
-1624710482
-70339077
-1812822030
-221572426
-2066760895
-732611189
-68441256
-1088058071
-849984737
-635960666
1112011840
843131903
-1143644705
1856228716
-1216467591
1635564891
-464794119
1543763996
-1386595973
1565412223
-442262429
-1487083539
650181800
-86576183
-776743297
812957470
391260116
1902688480
1510327859
-347300788
-771905785
-967130070
1525876825
-2143421693
-88426367
-430191999
-1742461606
976554390
1441460221
-499546075
-1278373867
-891680718
2010360378
-1190164493
126037764
1325991217
-1271089994
-1975604777
-665267295
1947765419
-638898756
-911074178
-628603898
-849014445
-1684283231
-401752496
1899739859
-1969206145
-393174455
-911402595
128319827
1606460296
-2047315472
-770084843
662669281
-1335989165
-1598922202
1494255997
278012040
-418268368
-1201172965
698169760
-210550807
1463606242
-1577541860
2120077699
421980257
2044512254
-1543526819
-2027687973
543400810
-1246089608
351227640
1457284291
-1580061375
-169156486
-479941579
-1939530583
1965668041
-264456329
248588300
-1193130359
330555823
1428179072
351688167
-2122110626
802282190
-180684586
-2147111509
-2068161324
785266387
-886224961
500331257
-621520575
1222472996
1939038621
-1968943952
-1944939818
1424575741
-283946949
-165850954
-459238383
-1058985764
598563946
-1232173064
1260112757
-1643351009
-659000116
-79548754
368967805
-1853776150
1430105583
-655149853
700818381
-1649476530
671297437
-383925452
-2110361941
957406887
1422402417
-1387477033
-1631582804
-1040017851
1614313645
121950175
1855951538
-1102170547
-986148533
237809853
1496091157
1090077665
-543806383
-874985975
1494224671
2013967230
2066555241
1952827266
-1993757762
-1729570650
6537648
832338771
-1629794444
-625726530
-1060376114
-479737704
2057423249
-991032776
-1644998330
1127935519
-2072104284
201905396
708707086
-1310858894
-116917969
1735463139
1296886625
-370009579
-1790540391
58027501
1277785812
-1377678069
1575790952
1466816532
377372327
-502014817
830426543
-1948256551
-1228595619
-195493792
-1080814396
794935006
1623756431
-737220244
-1460935882
-1847526964
-1856022276
1933797105
1878557693
-1224677258
287767011
-185479439
1855708147
-944938178
326255252
1998532420
-538812285
1125457079
-1880682172
1033505507
-899562081
-835523956
-509660639
-744347806
83891959
1898461343
-2024948314
1006710462
-344543129
-1054274955
103516207
811936088
-1792554576
-153342256
-1300072753
-1101392831
1729399146
974686621
-707211935
-1034938440
-1003695303
-1760389104
20629981
468722160
-49199810
-1667525875
-1825431316
1121511957
-1259136815
-1320823863
-1444925507
-1409638511
-205202836
-1000841551
195622681
1181206922
2041195753
1236646026
-2127940684
248912559
2076445680
-75994663
-1155848250
728907060
1381646762
-615918460
325511642
1247140634
1396310970
1990082488
1000099046
-1138792781
-735253652
-1102365171
-1997818470
1579116389
1340783919
1906037224
-392400644
1149718190
-954485952
1901589537
1416126516
-515761817
-1909964888
1852530917
-1513747036
1340031308
-756123288
-1674457380
118914875
1853670075
-1035687695
103609485
-1423091189
1998928571
-2018269223
910884865
1811884824
551772480
-1857353780
841639078
296413554
-1407425620
-384027456
-718134410
953222533
651617177
-452393364
-249302696
-1686398546
866950613
1734702330
-918560826
939560978
2105605549
-424450822
-1285067857
-562048597
318185582
465223322
1495799453
-852700509
994446632
-1431354348
108260890
-2035019804
179446965
825809767
525378896
436359663
1809780217
-1622524087
-1892932369
-524498707
1553834602
-1627567269
1175434579
-686402045
1695391442
2137741214
2144937701
1033868778
2133007443
-1158981851
573807808
695500990
-1491331669
-511267316
1568660888
168014613
-1821213511
-1206848856
1970687703
1524151379
-795106240
2052984319
374013448
-1533817285
-357694999
-690655366
1958632568
1607420361
-384660338
-765966376
554406170
408626496
653736629
-396624026
-2008054613
-2076862594
1250714970
2071550828
-1676538859
-516426602
-1922100495
-909900054
-1639131880
1809106848
-1103204694
-851086716
669120807
-910346806
-293933066
-1489944646
-768714097
-770638157
-189663671
-887575717
-2004733986
-1021465096
568384801
700820283
504127874
417780238
1579600967
549303075
-294937168
1358580817
1955383381
787961096
-991803770
-995029411
-1944074377
273494144
643341939
-1003628388
-1911501195
1256973681
657118934
2003881504
-1320461840
-1012924917
-713628443
149942707
1144166379
583271415
-1116192560
-611196885
-1992673907
-1294060336
1438511909
1038703617
-1961376476
-1627354670
115971189
862289444
-308936595
-1191901488
-1133763784
-1558994933
820210450
292258923
1402983405
-271756535
-1563813517
-33724032
317472645
-1333921564
1540792233
-1389426718
1972671489
-976170585
1917873351
383619144
-794449063
1313968823
-767158686
453235081
-1938543456
941021987
2098485331
-1733347578
846797668
950999360
-336147270
-2036221338
1398634842
1853732213
-862085050
-441140088
585883194
-1824549293
-1397504332
1037826485
-1851184664
-2092215832
-1913293931
686230805
71546068
-1852661676
-265364653
-585943196
-1843748190
581952412
225935477
1281776869
-736806132
-492578626
-1082224351
266825366
-836997881
1989461508
2130778338
911717028
-838410204
1059175069
-523564373
542351393
1290418233
-571362455
-634362084
-1090960909
-372609216
323991827
1912341251
-375565041
-1865782914
-601732252
-1767525851
-1577609753
1318004711
-1096962602
-411444675
1203892513
1320762560
32893288
-528960956
609061768
476997254
1280219056
408138226
-951331513
-1759021810
1332988726
-246155900
1194925140
-1164649235
-641160962
425499072
750342697
-2001822439
-1299347610
-1763158987
672069817
791304912
409511474
-1995322425
1709140641
534566840
-734407707
-1817545366
-1678314850
-465951161
2045940818
-1772357331
-1695390145
964313188
1521589361
1930191738
769341403
-1558322098
-1611024522
2088609436
1612592068
1726602172
617179423
-1633341312
1679056060
2116882758
-1747328691
1723898047
2077793191
-964159485
-945744682
-34034981
-1701038462
-692909710
1176244121
-1363914552
1364673171
-1406607971
-987507758
785457582
-841906718
-1418878597
627071662
806328557
-1043104793
-2011746410
-2028828127
1885157729
1763078532
-501854483
640103415
-41475866
1116073012
624450587
663908905
-1350316002
-1949052795
1287119031
236188785
439036529
-125568061
154451198
1970934560
-1088425387
1051411701
-1043150929
780319535
-81902129
-420931315
2076706870
1876330387
-1424564424
-1042143654
-1131286772
-1416913964
2109152836
-1628058815
2090545245
-1453124640
1098521920
1968127019
-1601035030
-707977956
-1369483622
1829672129
-1186343632
-1578300229
1629986470
-648722346
-352447798
1251477331
885093791
-1329289819
1735738387
685641133
1503262187
-810262085
1359005199
-1487502628
2048385698
-380477898
-1056503670
1231454096
-1411737008
-1841553745
164677761
-1639414101
-1498484230
53846388
-1023079231
369258260
-926401441
-861368454
1221970126
602904267
1676411263
-1630406767
-1181136379
-430787778
-48027040
-432797479
984273668
1036243674
-395598577
1531215988
372181321
1065640932
-1743665948
-827867524
-1375790823
-1274260344
872997642
-1412188617
113750946
-1396662222
2098135871
-1846202999
-275297437
-1980441060
-1981841193
1638203306
1206465227
1113498919
-1099626491
-1935517928
1190232352
-1472538385
647716701
-559803699
-1261968990
1674720281
-1844066924
1519569588
-280121104
-1744067602
-374937718
-642242727
730729641
-1450161875
-309087606
-2131263264
1595717973
-2064764388
671778512
-1210386120
1977811590
1902387680
1550618187
1668253072
773323066
-36570866
672086947
-1066034423
135509123
-1192324223
770192764
1269002924
-259819415
379400045
-722062852
-550299491
-1820399857
1598665140
-312637813
702921361
-329474029
-1663804552
307720153
944302461
-1691946437
-804600592
863983140
1017234063
-1552448691
188035455
-1225158214
-1884474527
1938494013
1729925378
1134785469
-73151124
-875776115
-916536727
-1623943386
1726143674
1495943152
-1842615416
-1808417269
2072229343
1970912561
232847919
1999748900
-1069191383
-1823356589
-778001801
1439254411
-54757098
-868878344
1783459422
-711297853
-1442919930
-350682618
1079816854
1215924986
-2126868175
406730631
-1574732647
-7844974
235971802
414000080
918277632
-1282560035
309010372
1626918885
-290342635
919079976
-937696795
726550299
-225627482
529522426
-652875687
1507082751
994487580
-1010708323
-1395674983
1520442230
-352202549
-2025150755
1200364268
270693413
910878090
77082895
36339740
573581330
-1664564858
274624597
1576398445
653425291
1293832531
-1420787681
-487145014
39033926
668208451
6357748
2143882049
1277882313
-908922885
-48883855
724401073
-1010913268
226476610
-1883694702
1756480962
-127476388
1394528284
1424667696
-701977836
-1518889855
-1156228329
1873282762
-1904662342
2035758114
2055652
1683350407
718239465
1862726760
1373992232
1429432699
-1531850772
-1129655070
180879764
-1394245847
-1390005669
-83360600
1265751859
-1629425336
104174219
1337927874
-317321726
1972451785
-1880346808
1887053002
761382853
930493209
2143157697
-1902425649
1583611672
257112995
1278304451
192286588
2117776323
741248408
1445044010
184007545
930482259
-1803038990
403557779
136878864
-1860754203
152640949
1778392918
-900418797
-1122372796
1860574327
820302515
-46855683
-1948907466
-225393885
166145098
409006167
846482962
-668731399
1356740048
-1260328099
1081885846
-1627376424
1530541055
1362306529
-581637641
966180031
847185870
1588300654
264413496
-932960879
1097264866
890761647
-668161601
-949798376
-1198762173
-986516463
269089828
1765636171
1378925139
234251687
645832780
-200364077
732017403
243825998
556781750
484803787
-1256406234
747446289
-2115600620
1635965639
36011122
1867967950
1794969117
1198943255
-1018626011
168424473
1057903777
-992538291
-763032995
595340128
19480029
1035566331
-600310645
-1463934386
2066586384
-898601024
1659018017
-252150924
220985933
-2117228410
727413386
-1527701210
2079037075
1749751044
1151276890
1951749027
-346639078
1299711626
157791686
-988547720
-859896849
880701181
225027158
2011544101
502320579
256928287
1002040792
-1093199104
774182654
1179555603
180291224
-1585301927
-699402214
876348960
-1822744371
1424293086
-599144145
-530792780
1073927253
-727559871
421982921
-1830280788
1416236453
-415039977
201029633
-1563907118
-1701021702
-1057643005
813993419
322362534
1576392404
245043731
-1107045493
1280656737
-1966996828
937329257
859635950
-1211104202
1100184771
-521149155
843062519
568471514
-1696936282
225449826
-424177064
71825223
1496852560
209556711
1427289347
-338921029
849605127
2077374847
626691327
-695297274
1898071370
197720323
2064120447
419977221
1853915393
976007542
1091536687
781737833
-891589386
1411349354
-1614251823
389821
-694181757
-1166271325
-1902511864
192107430
362619021
-2046197511
649225844
1706246507
-857577296
1274174850
1673143038
2033863351
2007126971
1433494000
-860589196
1798109086
-1146382498
834968630
1465271383
664276957
-349190366
360772209
339994611
-1024425627
1795363480
411621126
-2145115728
1691134746
22885077
-1837655289
-175631704
-1767829545
1689729821
-1232796966
-1014178951
627488181
-1813430051
704315676
102041435
-692996723
-77197602
-846087230
63247476
-719143238
245520312
-526106751
-1664111254
-981036253
1536695172
930252143
559114298
161660792
-1070713644
-1983140118
-1344987576
1876890554
156713191
533044152
1367290294
-739270655
289036057
-187351441
1266635768
1822112121
1340818328
283988759
1080140200
1509346221
-1738589860
2038389773
-1964955754
-1372718585
1957048152
60098858
-762108637
-1787439721
-1069523731
720792867
-346841138
1749986067
-253064801
850634034
531569679
-1845088994
481502218
1873729270
-1376874653
213614285
-1831513066
271427735
1814552488
1211818598
-1695122327
-1169713363
-1157200982
706678890
657841949
1484312418
2116360445
1073904341
1883593138
-1510511531
621413132
-2006253405
985492550
-303873855
-1503238286
2025772438
156106755
-951677346
-111666296
909746742
-1819238184
-698331258
996431678
-1312481255
1146625642
404158236
-2031468242
1527297636
1067763789
1895615145
304719854
305650321
-282871442
71121607
-1544848219
-1973470862
2006116052
-1168319038
-1247878432
1533865076
-657791609
-1037307781
-996742746
70270760
550149071
1105559951
-1170062903
1162987775
-953134687
-780948807
-419986050
-955457707
1833882710
1131641972
-1853496016
1618977712
1187291550
790200292
1885556112
-1728630200
-228176461
868348662
-1387373840
-571362102
-1699964719
235283141
449555921
870866264
-1830164508
-270366657
-1723108166
-393245228
177345667
-1475376376
-113426614
-1822707874
-988100579
-1435955554
-316313968
-788693478
1789515377
174009789
1814615706
-126825162
254430019
-1557346300
-1615305397
677709611
28843852
-1774795305
-1756372367
-1703481790
282970225
-1329514873
1356340503
187130201
-534898376
1297460400
-1938941418
569583846
335029111
-1526170398
-1806297102
1219235900
1379537485
-410991997
-419791902
-59519219
-397201578
-1602138381
641989680
-910325969
1470400281
485418737
110730179
1338170018
-1009590075
2050126396
900483834
-1826234926
-267125475
-2019819139
1864057274
-750163432
-107196241
2085998180
-1606719798
108893318
-1645105845
-71001584
371021917
515263715
-1623552333
-668660301
244509168
-1889638156
-1243021681
1040974197
-1884411050
221880317
-1583660125
1567215001
1581337872
-1083426169
-235155389
-1945171490
478672354
-1394115998
1594696709
884170535
-1416110686
-135921939
1172673720
-2107289763
-1782595246
-770463340
-1767230827
-1789651052
-1697053583
598787737
567753652
-1991045012
318870413
-826769897
1624756929
-1299697479
897113117
-1324428988
668331247
397252198
-239866483
-29710346
-272192725
1701329302
-848685159
-294342040
-683240811
-910938613
-1801676323
-837016771
169629739
1804146379
-575588179
707691972
-646958137
2145366016
-857683166
-1401932676
-1926173109
1818989343
-860350860
2026320859
1761550106
2011863373
1585089167
-853379765
-947237687
1511882749
-904154145
-765213068
-976034538
-1735150627
2071819887
123924672
662650904
732849650
-1091672527
1266994459
-979295560
-153268479
1657065631
617172986
-1926466465
1650050353
1822968706
-1981820513
1496783856
-238352403
-2015044336
-603908454
-1977272328
1149822479
1681920316
977460370
1298408996
534782522
-881225654
1494282053
-58061325
1007565190
1948650145
951323084
-1512643925
-1344245661
1412206052
-1517352925
-1100017520
1329351094
-1994680510
1346317545
-1351136941
-862598072
-1978894579
2069135203
-1782832183
1052392032
-1021257335
-198998586
1325892316
161226669
-1894807290
209838005
737212358
1815599466
-1393377999
408126728
538284923
-579470148
1356565414
333884622
-1737041050
1348681565
433278408
1534632085
-1350052520
-1284782465
-114487339
287178728
-211132739
-255721494
714497332
149764120
2085503760
771189095
326630929
-336448449
2047264144
2018503265
1613527595
358517121
1879216691
-927030328
932934892
1524212629
152914395
-804955592
1864775353
487110019
813768135
660463194
1791162251
1352561326
356658763
-693692534
-1125531970
-1765878763
46440643
75863226
-1328616408
1703112149
-744906555
-1585330283
211074669
-483321614
-158416747
-483635738
2044619410
-1468533418
-110203683
32697659
-423323441
-1675425768
-1180211299
1507271877
-1328260440
-2060649982
1409056352
1709275522
-1262555586
-1954301363
-1061359697
238739613
821158626
1948060078
2098803658
193457172
1555329770
-23449195
1798249621
1035443611
1373644488
-103191629
480477392
1798439872
1779963223
-1112031811
1716446859
-42924721
180573560
321801584
2045108440
-1412432137
1917088989
-853380908
-606268223
855971629
-432994268
-1947205949
-1688987268
-243176369
1927915559
1076470700
-422467619
-1524399859
-1574702958
-427606380
-699478773
1467583236
1560105909
-745108899
1622545526
1770489771
-532228198
1785894731
2077678856
1893677938
-601419686
-1192568637
1495027098
1679195943
-1137644628
-1465726123
1113234601
1049264028
-1344069186
-132155653
1878826825
-2128292985
1986879303
1140347298
671535961
-1581151320
-1730839331
299189738
-620472073
-752639695
-1536665725
360702506
-867856586
1985439329
-234414458
405402550
354371598
-1036460687
2124098184
-747892125
-1437284461
-1462888012
-1962429988
1218633803
382075498
176426745
-141431275
981074381
840879992
-815893709
1026393817
1306530263
2094727387
1544656475
1067734522
1502549606
2008979485
117920917
57530566
-1274463922
857770406
230590097
981197470
128043318
358204275
403084340
294085829
-953760026
244411141
2056195446
885088121
-1136688443
-432372069
794652045
-2072424377
114888348
1126598050
1329163339
-645156453
-79591520
1968397420
-851279420
-880779370
-1759544146
-942463200
1139245107
6944292
1149433048
1419151345
-492607459
-703300532
-1709057505
-1966984046
2087770806
1847783626
11127938
365651689
2048380548
1755352026
724410679
-820108030
261057090
193186390
877990456
1221301318
-1293407738
-1225878013
-950443520
753781740
64008869
1725439783
-616433770
-1236149586
1191835478
-2004731042
1283471050
1926230976
1732613525
-1914348115
-1388701506
163903229
1328778057
-1201964073
1535592615
413124707
87206696
1870886127
-1227044651
1067985601
2053731162
-690238162
-685808656
155980206
-1555879332
-47394042
-1600819581
2040241853
2024236583
298287478
1819581630
1231764974
-1644142192
908047263
-1236209545
1276548454
-360266767
1268612504
-1887566990
1733704802
848281353
518700669
-1027329567
893742441
-1039882464
2025799630
417294637
-1328273471
-1040619153
1769928181
-1722441994
-1347062749
-1563851587
-299682264
-1081133992
-509558607
-528914355
992015729
-1174681232
1052280871
2056543479
1250649354
-55425762
1566029905
295525524
248741870
-761064181
-441807940
1017871263
142237100
-2074088979
244239024
-1473197800
739597949
32273417
-1232951459
1702152363
-1805613927
1648354297
-1272403629
1597631249
-1962111291
-1487457361
-2024121289
-1382569802
-138696656
-181109831
-1121274445
-410443108
1215873407
1026021574
1775527598
508194174
-954013914
2038605160
-761295939
-744690888
-49862407
815664155
848130264
-1968351642
108586754
-1926613627
-699376560
31220810
1692506004
-313813249
973116672
1280647410
599677600
509617491
1818171330
-479565415
-980226490
1486778311
-2088128476
57092429
-29435729
-2141395110
487286876
-1005372462
1771756313
-890251699
-1569749896
82385606
756154931
-151991324
-1154712359
-2045331195
1514858410
732594285
136293345
338047054
1563097347
-443517567
53060331
449914150
969332651
911857289
-502900101
-28572420
-1401936308
-221553277
1434169782
1602519693
-1069394079
380911622
1353445652
-1314851703
1553289484
-581015421
117523539
-339445130
-388629978
2045935565
-1929224274
1945504725
363988120
1951697626
11519055
-850995838
1267042536
-335142709
-2079565823
-298415776
902711062
535264553
1332429865
588940340
2068947113
-679415183
-1941417994
-583602735
1474273284
-1391296302
-737203753
143079285
-2140233475
-952134348
461984813
1512414323
1374711471
-1710672772
2062657857
1175947537
-1342510449
-1725360370
-819484040
-683734093
1735102653
-167479150
1097600709
-846220232
869166492
697671675
-1414314914
531072419
1371953316
51864517
-684598862
466804222
-1908569994
-1624363395
881983897
-477333382
251843632
754861958
-662657331
972615131
1189688834
-413703143
-550255976
-1678813422
449078017
-1810250611
1970465487
1024914987
-1225356230
595157464
1892043518
-608433815
-739205878
1611132757
-637567772
-763614034
-1673033043
-1078545209
143848481
1980558624
1444317459
1234011293
-781192915
-1671073014
-1265682182
-1411100041
-193974388
1002333695
-82435272
1338060264
-279461057
-513183932
576394584
-1210800771
-269428355
1957953135
247608169
1487590910
-11120478
1461662795
-949234927
1682418163
440097639
-1552869378
-76123160
-1849094807
-1674730668
-1631487379
284649731
-1844307467
-1045258638
-1813566497
1541146574
-1053917447
-1778906045
1624270816
-340889570
1498262053
534433270
815504231
-346668667
1546220609
1049005526
-755766981
-1231105560
-89893336
1126427140
461836433
1137817935
614951447
-902687131
-643786246
357418748
1292418343
-1350293027
-1840222597
-1259359298
1120318743
-1297511748
-448709379
1923294598
1114476111
-1307824520
-1211805209
1170724922
1279800865
1887871133
551994633
-545259575
508429649
-18938624
-156098117
532297599
1876106967
-273446598
-2034176699
-1189440871
-1055295773
-197658284
-730091647
906732059
104646176
-638882881
-186555969
746161121
-69997252
-932693882
874276840
-79278348
541494440
836743110
1795913701
1034449183
930993308
-67746979
-1134095551
1519964609
1132712285
-1060366368
814905100
1920978403
-602622014
-1538707245
-827251197
-122855028
1834612211
-2021413869
-1081577235
-1575349676
-885060492
-2037792618
1028038983
-189567178
-1622379679
-1153403817
-121656797
-1286587990
-218820613
-2052899445
-1152810164
-6976525
-1408827806
-708836584
1382060718
1171755189
1958261668
-1718734777
-773928972
-1533698102
-1193821194
-411643977
1763069554
1524290645
506370368
1632559508
13302085
197750806
-343177762
-1444650743
-1709978183
321429503
-131457116
1683074291
-1830793238
1412527624
148782883
-950908970
309556653
-2108609473
-2122416342
1125065492
-1730124880
-530315998
1542535311
1820846427
246634719
1733123376
-1020856785
1780612191
1874029577
-1777942083
460956978
-2143479351
-615514173
1418273029
-879229549
1446566766
823595148
496002948
-1516691745
-883587389
-2051030735
1919622788
1196145980
445505424
1881590131
-1525882889
1469201068
-198250012
324053734
-1867271290
-589621101
-1496447160
-1386229733
-2049070871
2060135798
1854683959
-2119501311
-1404222599
-1422497019
1016750797
171912
1924172547
-1127186342
1759984573
-889576570
1751635422
-925967229
-1609755000
-1930165026
-2144952257
-330705603
1328771051
-1510052642
989463755
-356321790
-773050984
-2055225367
1877322349
1091746630
-1302629847
-1064758187
906050409
1801469436
-1921762223
-1835093098
588102065
1240044382
1124287828
-1054537317
1746617463
-1081350930
1457836728
-1012750728
-28499197
-1234795337
358182716
1928214084
-934074171
182747608
-1556562167
1365873476
1460455085
-1741913790
-1828658393
484005448
-2110038598
-357638464
-2068570062
-914716331
-1234262319
1652972087
1465760844
737042563
1085227983
-1075849937
1395804245
2125339944
-602354207
-471735151
-1311848359
104300342
-959056622
-1193985358
-94539958
1866754273
-268008155
-1327813233
-1331830290
308713604
-1069522012
-1685070502
-214289126
713727173
1071242040
-53887179
1722882848
-1099733258
842844219
-645885892
1907422341
-1569579074
963082891
-1476266807
-1790527497
-1783356936
1639538849
-969259022
-100735619
1069236186
292999137
1614569302
38140144
1160951386
1381006899
-493140199
1698238377
26571468
-1427078959
198523436
-1964067461
-1019179313
1012393058
239033041
1464536291
-338221462
-537578936
1557524318
1911670398
-1383404431
2030925621
424486720
1276877754
-1993400019
1133944580
1425714242
2134655184
1462882107
1832597958
-1594850289
-1396637199
-789482828
-802357734
-1205467659
1191149503
-291279218
-336814911
1494477035
-789627138
1382151233
-1149060752
-420172331
1421868939
-1723973203
1678712040
-433395195
1812598412
564025658
-682593212
1600337413
108333032
1627101248
-317181551
840942739
-1467696391
-1534472279
2042847651
767026668
-1694292352
1453638357
-267744474
-1212810419
528072665
140259517
-418911501
-333275466
1453029743
1498729306
-1149984348
-1745616144
-308003727
-625557177
-1710053783
-1950036015
-1496725051
-1974944347
-901606627
1835400895
1646605884
-77561282
-1742627436
101940082
-549751288
-1841266708
-427994570
-1186231043
650029930
-569634501
800056272
1103448846
2139696303
-2081277107
-1705958231
1996661620
1282307420
-574023426
550862036
-356600863
-242387288
1431458887
-1829408316
-633242639
1519581994
906187239
843944741
-1196545174
1460802002
-1615727809
-1303387927
2096206021
1510192157
254874237
-1549992288
-1538626579
1289624452
-1795810051
-1922250740
1237166406
-658015691
-275550229
-1038935308
-681260816
-2140206332
-563520724
-14226888
1084552780
240299172
-894833026
597618213
-1203661890
-1796834287
1743385821
1201178122
-886751564
-1686691248
-600063448
-1347248373
1290309607
452381018
-260655356
-365972428
-1244783648
-596644779
1981325056
-1414579247
1465874366
1322809093
-1755558662
494933500
223299125
1723000961
-369944128
1972555894
-134180646
-426611415
-2088425223
690738106
223605149
393356247
-1024026554
1961020751
1465864341
2048852564
816708771
2138958685
129841667
183962892
-1795501549
252493187
-714272624
-164112891
-461323908
-1181757721
-1425170471
-264145139
-1049173809
431443342
2144326445
433224499
1272467819
-569093396
1461163156
1871997815
-1265246013
1522377150
496834579
899150532
1185845053
-2078151400
1061230383
-975516386
1192173917
583990457
-219496274
1138816535
2004295458
1956004518
-236035932
1242417799
597943728
-185813515
2062025901
-150924933
1088991022
1710032617
2095423606
1292312685
1231336689
2051047487
-1150257534
-1964339531
2071384025
1336158663
-826422997
-1486279617
102775547
-1224409035
-2125785115
-25874562
1375624320
-1685629384
631925962
1418120864
245217484
-1837452596
-930644398
-674121725
1667658722
746373324
1412868449
-1401610777
-1400568570
1227039690
-794097786
-1091286685
2100822179
-877836766
1690379649
716236957
1410735215
1304196172
-526377466
134188085
23974348
237099378
-1395974976
838993921
1444037233
1924608322
-1969648232
-1090868481
1342128969
774914820
-1318290378
-377060729
-864505446
-215975442
1415309255
-446948160
1525118570
-1521406281
1451167488
571440724
1392040989
389707369
77527139
1496530791
-508880286
-1942386053
-1303201087
775553988
-1774437296
-1103290850
2054769151
1291502169
-1348549429
-397331241
-2013475812
-1158836251
1198109996
200887885
-536364430
1314775279
-1636836831
383843172
-627813573
19560185
-1954250032
-698863479
1036197718
-1720029963
212993602
2006051151
1139642443
491919096
-1870087425
871428411
-264897908
-580277971
-294435596
1360520667
-1180274691
-212674037
-1939382883
-1171339747
1174683318
-1508248630
-1676117409
-1407081763
865474567
-899544814
205780277
-1899936577
-1737022532
1455636725
168074127
-1981293762
921797537
-1238536673
613795702
1834027269
-2063660216
-8362676
567043827
1828053373
-1581830135
-156317959
-988899919
666020774
-1973586614
1607938142
-1946637087
-1543143894
842258687
-1291122790
761851229
-200144721
812188788
389633840
1469655056
671620716
783435081
-685282126
1115687060
298833407
228430526
1539845819
-1825970660
666325628
1101538097
1725849121
1297301139
-351565368
1911182819
-1897580949
411910149
-1941529560
384955650
1291723136
2144797758
-569143020
980423651
-1369869663
-2078514512
-602895023
-2031088242
-2021958503
1974828185
1194710590
1445029759
-266496205
-1928304795
-514247059
613850283
-1786681365
-916416176
950703989
-814279488
-838008345
-1144652721
1686103301
-742208591
927625511
-1072182480
-1953264324
-1012241039
1712162043
-929194753
440021560
-1519982082
-488018507
29573803
-1706467091
-1943550560
1517683104
-998614294
-1615699657
-1755338382
-865084112
1271316569
24212273
-2094335967
1304285818
-1977535002
-6091321
-33264909
51993574
271447409
982905481
951581451
-1413544414
-570751823
-993383742
1304730346
-261683879
-53185452
-1069923895
-1587444679
-1307219548
268103018
256725142
-1285284411
2035590848
2020290819
-1331319145
-997212726
-1872469247
-374641130
2078890948
1772670067
487702919
1031639460
-1847691279
-1271330143
143498158
816051484
-318284958
59441387
-1343726134
1574440705
-292608860
608099045
774011668
199821769
1863372698
-231001435
-1136939810
586310920
13642197
-874475390
-1013288690
687408333
-2103625687
1720623903
650673097
1916752716
-2062556804
-671714393
991432814
-1819846468
273871585
1302665817
1855026629
-1769738878
479383780
417773383
-1882785417
-785880433
731212327
-1864780967
-1004456255
-1852277755
1548107565
1132891544
68981860
-126879200
-1839557771
-246368087
1057762784
1681189971
-1042342966
-1873195882
1350933472
692329137
-1983791655
-810250028
-1411624969
195744142
1316959492
1088397953
-179669107
40287078
1346744437
-252462356
-942630381
1336866045
1935326836
384359002
833906301
1853341638
-542893827
-653141241
1125802993
-594250104
1377314701
-1776799638
-1715635780
1760667710
567560764
-1520576835
-1920826747
-1868858050
266617360
-66046276
1658150596
702728862
229067407
1738473900
1151351412
1429567443
527743125
938887582
1199897094
2103777946
1491808872
-469018124
369885849
1465969946
-210578167
-834661340
1358614888
-367623606
-1892951348
1008260284
188225155
-193012592
-2146920662
-2114116443
-322287934
-1340880214
1701501910
-2139374933
2144917749
994291409
1334450957
-787574468
1952948832
-1741155301
342416178
1558451311
1996949094
1923462688
-1284157543
-855724984
-1289032317
27451104
1549413026
273426234
-1635403905
-1293205788
-935199478
-1637168916
115580128
-1715035230
-1776241027
-1393950401
316027807
1060778021
-1749279890
221319056
1850149663
-1316881427
-547011541
722867770
-503082150
-129287149
-1562216149
-1143709090
935576413
805657264
2752682
850979813
1582314230
-215834497
-2122075785
1623740870
176397226
-1165536063
565206796
-1626220924
-1926302484
-118458528
320041695
748101882
-1297703028
-972457641
-808696073
-1461140134
1647465581
2004522832
-244181567
-1206658445
1895877243
-290473330
117347107
1400708913
14370779
867304461
1939899089
1242199146
-1914400157
510420455
1123082207
818130647
-210635957
-497684744
-1818596968
2098527
-1782300123
-1023234875
-1708349043
-775577701
542255882
-1530509415
2010171120
1792346262
-172743659
-1851671312
-181945566
1077053908
1247135253
1248320537
905886601
2027664021
-1525187459
479881494
1476390055
-1367896230
340181151
557582790
-1571638680
573855144
688018457
-839818939
125841850
602769419
-763154801
311295379
-1557801117
532797021
-2061888870
-1345324173
189331470
1257258568
-247661057
-1026063211
-1900290650
541601800
-1661015773
-904557578
808834534
-1359955083
1493141950
1849650311
-1916463568
1476856128
545787087
-1031057908
928680094
-1462459268
107281359
1163097159
-627255722
-60663712
1549582633
-612574123
1328628514
-264985013
-47874072
534760535
