222206883
3283966
-1863891723
-340888691
-370339125
1206309738
-382462087
1162580830
2123417056
1820758234
-1035718626
749431177
1957737443
-1532661820
-1369719265
1738101506
743971112
-391928139
1708737421
1740553266
1171417896
2070427801
480651069
-207454761
1577762198
1514075705
1992946179
373728296
-1563171665
-1412000764
450341663
-1950809029
1658841302
1122228241
-797964297
-951237717
444768095
-1648679836
-1249221882
1920808565
1405385898
964813167
-1176392172
1003927330
-351800460
430804188
201446311
-1171497685
1792341353
-1818333047
-96126023
1806742936
-1903990532
-1904196141
1926850474
-1191583255
-38360965
-914667241
1943853431
-882523846
-1222025635
1910800758
2132261420
-1019934815
-1184214306
2026127575
1458828183
-566892582
1763704525
116793393
-1284460227
-1036176602
930215844
160824330
957906066
-650701969
-1382774567
-1180584646
952133731
1569113008
1701056115
-504382988
-1068892266
-553719149
-1883052833
1779866374
1644751638
288521051
-2126118397
-1008586401
487097096
628637955
-1310094445
2008487890
-1149452478
-1141278809
-1639448924
1796046104
1097677564
700848163
-849101698
389583387
190857160
-462439943
-1094971211
-1103095695
-1632171073
-262787208
-563870598
-2082089690
-87308548
870268953
-1855810770
-230102082
905239630
830809387
-1861675977
-399153799
328771880
1799204019
-916066793
-884053800
-206063396
1031153293
-1027152198
1847977312
1610809096
1694400470
-643848946
-1036208227
-1577663152
1409298573
-1872873511
-1005418135
1070219341
-1933320329
-1795115578
874312301
915341252
668131396
1977371328
-2030986008
-170217958
-1808797713
-684243326
-379096401
-402074873
1177867114
2069692526
1865356916
147426698
307805305
-504650594
866331978
1032681756
654153949
1183399481
-778748824
-810667480
698396597
-1943104761
-1746657492
1110846905
-1163054815
772514886
32856419
1814157429
1173724200
-1158485827
2096810439
522137801
1724063451
427136018
1770160328
24137829
-2085071686
-626229416
-1670987889
-1561814805
-2101934251
223250156
-1357880513
809727970
1439618358
997093760
90062973
-1467025936
-1842027778
-1069042568
598225714
-1118599864
-1885144371
1109567860
1501357711
-490355872
-1417757209
2077100333
-1037723311
-790224409
235916435
1521794948
-1964285371
1279109878
-1290401722
-680235816
1959639310
1814451333
-662744063
2018125975
-871217370
1619040032
1477342967
-1812965097
1197346
-2002830375
-1178925711
-1176390490
-1859524551
1280152960
111965174
-140328993
-437083130
-714893039
-30361434
2062835007
2084127884
2006878573
1496391398
-1813560841
-777182085
749480525
1001271617
-1326357501
-866778191
650227315
-386540147
1201911163
-1615707645
-1409886943
-992659636
-139476696
1899463228
1932585678
-1002865579
-1462633383
-502531739
-806313705
-1328922700
405725687
879685190
-2012155405
926998221
-1140970793
-710202067
347374123
769631431
641775439
-2116652051
-511559928
162349094
99810827
424483369
1646850893
742354618
-1963518944
956922322
1227730791
-886438985
-1861311903
451599341
-75079453
1272294437
1928223729
-1711805031
1840735519
1288967546
1962527258
484770128
-1068473532
1593662084
550469980
-823746452
1040243059
-285418868
-860154937
-396545811
1280035133
-1045307720
-1784458100
-831605895
-1536870567
-47533647
-866074415
-1099965021
-348425584
994512260
-640605755
1347294319
-648456709
-327613491
-725959691
-566228203
1684929137
518636562
-220028963
1478167045
1209633594
-222698388
-119607360
34021931
1499869703
-445968277
996617915
1764544628
-347124186
385565243
1718742295
-1986341489
1378380529
-1994921470
1670407647
-817150472
450406791
-1907251316
-2031230542
-1524951503
-1728671298
-2103477718
-631115046
-2013812910
-14975401
-234190122
2103565980
-1229318204
-1232791437
1682568347
-1064384559
1080056905
1099863622
-1633145037
-647795019
1322280254
-1225608950
-1224605711
-815949314
-1940794332
492996149
1430852833
-181633744
-1716583076
1594677229
-353194451
-819023825
-222924239
-1502322501
190642626
2048887829
-756961508
548089471
-474217166
1383924037
-1401451966
-134989661
-1362531877
-198427968
1439895105
-332683885
-427813047
1802805943
-86938325
-9866388
-2032148520
835591264
805640146
-195463181
1984605086
-75987188
-898857659
-1006703672
-993561209
1805639289
-1387303269
424211674
-107645248
221351012
-254967058
1564533789
-935582632
-742604957
852875178
-168682886
-638917851
1661000432
-1309763321
1203161351
-1748658716
980047048
-509034797
2073297016
753494435
82809718
1679018356
1761788884
231179363
-356212182
-431895763
-1658121621
-601261576
578145742
-131317344
-529457914
1175300916
-1083801766
240026515
-863757728
-1345850556
229828455
-447559946
-1272877355
-373995687
-1270329598
981140260
-239723687
-1785254774
1861296579
1983853417
-2043435093
295053304
-397474531
-2043757116
353172425
-46625485
277778678
-1078263315
-1063068506
-1718792485
373652857
-1955769191
716111898
664843658
-861578709
-1754600709
297266201
-380952335
171582012
-45254002
1317475623
-691521728
923615775
-1166044911
-1505890293
1770464971
2105205340
-273159981
1178462914
-527770134
-1752134748
-199279312
1239580854
381377824
279541797
-2023726245
1313594927
-973633666
-1452399072
2073733981
2037106441
-456583863
-794689609
2032848220
242070695
-1768780582
1585654795
-222370016
2108579623
-248945211
-802300538
-1267839533
285615574
357349949
-1783254668
1691760647
-647165210
-745854282
-440601384
-808942595
1077294686
1261492172
1299899005
1730813476
-1349766063
-1224698269
-1986056629
1416809439
-1162452398
1913242126
1553101275
68705931
1245921319
1209946548
645418572
-800353600
-910518341
1736643185
609310551
1779245014
-1758089127
-290575175
-353887328
-1425687638
-529858281
-1484367933
18210383
1878267553
1067325071
1003970340
1352717791
389026796
1421582293
584507065
1992229941
-520961523
-17508700
-270640950
442891252
470210458
-257116454
623774315
943793935
696105025
-37963482
2094932517
2142069407
-1589557749
-1841429249
-463848234
850527221
1880818404
1096764887
1981631701
-1713595661
-1706211750
-811675760
1075990361
-1251605097
1550027685
-1253892562
-304057318
-329471784
-357884953
-60506930
-1326474440
-1443306827
-820668236
-326783017
1574718812
234752394
1633364691
-70025618
1635815964
-1873048412
-1773512378
2130925359
1487489188
258411032
898616455
58674201
-165288303
-1673433648
-1189051884
-812197431
-321208032
931556838
-1022020563
-791400982
-1840495481
-494471116
1315830236
482009323
1419492770
340026667
-517905611
-615770381
1129617874
-26508317
-229992993
-134792175
1190347042
-1427385484
310259154
-1134702664
368897706
-138904189
-695867807
-1547439255
34745144
-922360289
-96514181
1567535282
-1042559444
2083513549
442110765
1657547350
-263411549
329382625
-193556630
2068917453
78659286
-1344529649
-1913796594
1991954926
-1683934268
2017711681
1855452448
-1239798806
2106084111
-249888342
1182216535
1744513916
2112824611
267528730
-1618998049
-1286130338
369105309
-293705581
1880229980
857152254
507433961
1512008733
-1957807057
-806393231
-837052883
1440468182
-1701138441
597510567
-709015963
-228131764
-746248614
2117685472
226273742
891643663
1461739780
2008619103
-1991413112
-1990681728
-1339875089
-1274057380
1928856438
-555316753
1539335909
1659265598
-1630466456
-171167259
-1834698686
-1142051319
2043310204
-981643075
-1946391554
-1452601579
2005594304
-1451760263
1612923883
1398908160
837862684
1231789522
870176314
-645892635
-1019412113
-1329430384
-469660861
1079481037
-1218161417
-396793572
2088252292
441880421
300136949
-1425266605
416840170
1846427889
171834256
-1818075492
-1600342449
-1537542016
607204857
-706256068
697689156
834382945
1744942287
914935016
-1328496113
963495125
-1658203195
1526493083
-1728095241
-1909686267
1284818306
-1654135895
-975599682
1592664374
-511417144
-1919882732
-771025810
753426234
-811568169
8339998
1500426840
-1362573783
598732307
-1444035553
2143344473
1252327505
694374372
1848759704
484844383
1341274730
-710870819
-165836153
1872038187
68294413
-936178656
835848188
233488215
-1980308121
-70749441
-658703380
1836039579
1195904809
-2043615770
492125764
-1181726133
1921708482
651566969
-1747456191
2094128163
761501392
1022533113
1300801278
-1772727225
-414973997
740857579
-150173106
248140932
-1491601117
723648763
-1717479221
502019547
1625729060
252499997
-647051218
1487758144
910313655
1582628852
1614921953
-674751330
-1326330381
-282105737
1625706450
-1145051617
-439920108
-1717544750
-850501238
-706533463
1699856819
987825289
-1040147843
1112064171
-800682441
-5845277
86761635
1026331672
1634022283
-703537019
678521415
-1833283405
1298885904
489091932
-616536546
1401289101
918418901
1629386944
-1782869862
1575350987
1290276869
-817267243
-623752576
895129261
-347631712
1290072629
-1732508488
963352267
2103598190
-416140085
1922962787
-987517536
633184047
-207484159
437340722
198665292
-1663169001
1519740445
79547381
-1620316011
748424312
-2137351448
1050224498
-1407226066
-1217556031
1196683152
1975226232
-568066500
-1091368026
178168783
-1904301005
443776021
674475936
241162059
-1763079232
1046081098
-1849102440
-405867968
613582851
-997141273
-402651682
1349219419
1901671864
-878318087
670288991
-347714071
-1494765368
-1676923569
336614167
-1524291792
134994397
-1931613051
-845878844
-276284899
787372344
1631819582
-1631547173
2080481823
-1590265151
-840804432
-1147140673
-891861423
344405855
1776977764
-885793232
-1277771298
129171338
-1969887170
-887593215
-1932202336
-993453283
1449257403
1816148493
482932234
2130227824
793935482
-1427259541
-1358099384
1785910438
-1655814659
-567865888
1179466148
1429606210
1533873840
1050861205
-1269901781
860056320
-1860307927
1508149257
-1321100400
409330146
-1835360848
-1490537400
-1930071729
1790091912
-2022612734
-1876965795
-1134668011
1954133188
-767013550
2056528644
-125693602
2009322349
379019920
1896206500
1736539232
-1443655821
-801605396
-626843013
120170791
149753908
-242246499
-1516674278
1486301440
1569260813
1073144285
1831449108
-801625317
1582079026
-951782088
-2042525454
1663062123
984191682
-587863034
-1260250263
1818974673
-1348029931
-1376642762
1235289806
832181368
-2080223656
526838348
-331348791
1168582786
551918172
266473644
-1107258039
-1773687325
911795370
1914665752
1328796599
-677008499
-1793715750
-1023483018
517335917
1998644429
-749213660
2015229142
-1274552471
260348148
-182845385
-253735500
2133956925
1055332665
1126592329
1887363705
1858171722
-1840097058
747339375
-1186167737
-786582995
1000528784
2095383342
267751414
-1112563336
1425843731
881470801
89983320
-919124060
1493964062
-815145476
924427972
1762780486
440581763
23911424
-709259054
-1123241087
866042003
-1261012623
-988030366
-754936389
-1651694657
227638902
1922757859
571126419
-1755434366
350252383
1723049169
1879123986
1808591742
-2000325636
1216887423
-2113777888
461959653
-1159225812
-1453845738
-2081406408
-1379622886
-385868364
-385899043
-1852728481
-1296097129
-1909212335
-887774790
170630481
1901900048
-1234582257
-1703026952
-1812382722
-1252166696
-873263653
-1215092406
-484067276
1373991812
-236400041
529868303
1596506780
571391181
466917101
1662507734
-1127392790
-1184320838
1655657254
-519661531
571201616
-1898577666
-648577476
1017400438
-1368202189
1466749086
1820512493
1930396545
-2040383456
-1961680169
1428803730
-1066363456
739603969
-741640643
-843548817
-2107847632
-424904309
21240359
590384715
1281457236
-935207430
914216010
-920679613
-1856610178
402107136
2105851043
-1022162469
944156753
921525498
-142576742
-850120619
-1833648767
-1231963036
470750820
308516421
-604759844
653670543
741381544
-1607171995
1519551374
-68109936
1228821093
12551589
-1652019040
-751559301
-775609070
1920070022
325851841
-480848687
1792422662
-276793432
1517384265
-1623043530
-960154086
75041953
1623156602
-906149529
9509516
-2557937
2114245896
-1351763606
-1617029339
858354672
-1656910117
-959455738
-935943266
1400270128
-524855022
779134069
616231232
-669501053
-1363096757
-1392267432
-138622519
-318613900
458007585
-555321878
-222300010
-430537282
1048072437
202517112
-1372216834
1864162010
1368174065
-1449061360
1741368571
301370841
-1073986998
-2031923336
1384882959
1907009395
-1739424572
357182305
-1025725852
499702367
-1774472069
-1959750692
-1253147083
-2037375516
50721247
-151371507
482904429
537648559
-780745728
-915759843
1897039757
1345573607
349349387
917476725
-1403760686
-1408771458
1974909203
-861156568
858042006
1029856458
-902965739
902747824
-1721634570
-741270957
-176800715
-1182690596
1284834996
-1754435090
-1350738098
1092068105
2102025823
1655337994
-1871996247
-1986615153
702144433
-1868540087
-2114860021
2058804094
-1865832393
-2050874798
-1834542348
294124170
361590327
-362570011
-1478135770
-731855293
1914613197
1447225903
74932580
-1116832888
-116915114
-1683343777
1716688251
77398333
1614831122
1559466360
935715973
937934139
-1546069500
-1719548568
422754412
-575781752
-1035302883
887006554
-1008897619
514284231
-2124454503
-2065671096
-589769634
264238322
-729531481
-407072557
-322125455
2128294725
-1979235249
-1979092394
110673978
725845629
1587657104
2082079544
668408878
317486146
-1410813240
790901889
-2092066068
-1415074079
1763963992
1920247471
1789202049
577205309
-590375545
685581258
-1299101721
-304912377
33005734
-1681381706
925314511
1947491628
-2048192139
-1926429753
-1648952416
957268623
1119212997
-918190438
-497226562
-108353800
-5786530
-442558174
2044385295
1816365131
-181912030
1378797569
1752268730
-1161207300
1651912050
-1280264168
1016633649
1958719170
1693636559
1376837985
1021366641
262033802
125867460
-215735557
-1422175864
1860409774
663045380
-824834938
-376010921
1676007014
-1299167026
123779248
-1267190119
879111550
-441078632
-1419102960
-63367645
-1695700663
-2069476117
1245344562
352746861
655929813
2091330188
1760308978
-1257052592
-1518049953
-2063053860
599438861
1067861777
978617353
501076097
1034198260
659261597
92267209
-993780924
734293220
1097374998
-1736664668
1889678908
-163733710
-27067762
-926654180
-554969812
1470986731
-481657327
-985869593
420911657
1794417052
-383714584
-48856607
-569606016
-1624804243
-1703609828
-932111038
1939837397
264274548
-1100321223
-1119743213
1570851215
-720259257
-256614573
-1059166755
-981317005
1269172435
-860957875
-1084249692
344279695
-1441874069
-285706664
958880787
-1646634664
-793466077
1759496122
-1153233928
-744102890
-269034913
-1141911856
-1129905167
-1538712448
593864102
-1104896939
391933031
1786226082
1048716475
286268388
1964710076
-1660900602
-581476114
331086267
160854976
-789592557
180607151
1620943041
222838632
-66300497
-56678301
985502922
-1057285183
1828989996
475065466
-2021413608
-1342043871
-67586208
-1104465727
-1716653276
1009342880
1207174933
204210420
-1374672482
-1103051322
-834841180
384757399
1477853107
669358213
-1915029797
584097797
-1964755827
-1037097367
638177575
-590103352
-2137903329
-2142305267
-1068448529
2079836971
-1817457118
945401808
274245181
363320078
-1945766822
-1232887095
-1692947293
-806364680
-949054179
57277687
-966165156
-1350202254
-1393670891
-876789571
-937741392
-1549686638
-1500802236
-1038626420
-368768099
460127701
1576824392
707865057
641831603
-375581134
-1666049568
-902169486
1697415999
-536224661
728791214
54310051
-1798197845
1338430373
-1721127362
1059129919
-115960796
1071625275
1793285446
-1582785437
-345006979
-1904115250
-738523601
-1801074755
1654389843
2069261984
-1720497709
1846356982
82953072
258744354
-1077144440
-745171860
-596268940
207694027
1686369629
1520515108
-1987019854
722455338
109127075
526812415
-1309776809
1991858750
-175831890
184412714
1932676049
