-1905305700
-1489955857
1222464576
-1677297542
-1949350949
-1719364656
-1646764719
-266460290
404046509
2002568970
1460831918
-606197810
436008679
1488171584
2074171648
1413374095
1793163483
955981000
1503907489
-834121507
-1461285106
-712350395
658584943
-772685041
-204126674
-50168683
-1512842781
-680814529
-1144310718
171715310
-2136289439
1057983496
1611186979
401802051
-72390191
-981471087
-284172758
815900908
-1510982547
758687434
1864023850
1848265605
568111580
-1795107083
1778259616
-516915947
-31878784
2074160488
956891944
-826816910
-276298229
758816656
-1616344013
-1645437468
882768216
-237634247
2109445111
-701258744
1288165752
-8072693
-807439194
418728695
-1720116470
-521118889
1405926626
-1051047001
-1559098162
-1413769709
744406895
412061072
521588860
1156163875
-212342230
225338514
278695122
-859164710
564140089
1959807253
1552887019
-1543427905
1759073155
-1029476750
1925398743
-665285485
100317538
1296554897
-1880304793
-161099374
-1284999529
-887952942
80562504
-1930567943
1559957118
1062293040
-1720214190
882259144
819421570
-956428124
-508850654
-1038464055
-266590510
401020358
1312657637
-953650736
1098960212
1700667066
814390646
-1904630205
961345497
908026697
1297360811
-152290596
-1127282542
1711614542
626121196
-1616823123
-18124861
-1783495597
-1198791420
-1466373788
650490294
282168442
1198127419
1347073232
-1944102927
1126814625
-829408092
595174051
-1776795222
464902593
-1570450766
-2125596551
-1547761798
-844908138
1772996881
1590266905
-510171567
-1349031291
-1654620749
2050765305
656926122
607993017
-742862296
1437732871
-83940097
2051371918
926924850
514709670
1840561278
798270002
885924760
773665270
1416625403
-2113229175
1326566714
-1785344680
1958468392
1643945553
535311205
-1831996624
-853777916
-1113877882
1900237672
405505773
1665075345
1799722248
1703057511
2104543045
-386554167
1231232122
1534253934
-29471035
1471628754
926837356
1640353992
-778692472
107036528
1903175611
167933585
1174637894
430334138
1615782711
1895127178
-1781998448
-599718896
-1383770489
-1413432020
-978180519
332944972
1238209865
303697919
1278425272
-908575946
453872253
1229135147
-310581781
-276921027
670263331
-2061307313
-394053986
1767339108
-151589599
1187739793
-2135032723
1133424762
1435411818
1593187317
620857511
1696150157
397838429
684921842
-177894571
252694944
2044172650
-1557388990
-2062786950
-958830949
1844866811
747951353
956121499
540982146
721994640
1886368985
661145985
-680412694
548435244
1462816996
1926432829
498371751
-325282065
834379313
-1491521173
753182922
-273188604
-1757205757
-82002245
-1577520694
-1571632452
-1812922345
-1380624211
-1279169280
636566267
1980252988
656869275
-1121306536
-748733742
880799529
-2040237828
1479194693
-1966946707
-1637337974
-1159650074
1000681717
1667520559
454842459
-184762412
1913274054
1886480923
830710649
-933763927
1138156023
-1189402251
-1783023754
-789556492
1060835746
863649960
2040257708
-2047763083
950143465
-1530209430
-79422060
1744585952
-2051749520
1025657117
225461080
746404576
1359114762
-1158553224
786106278
2026639710
-285114186
-507441306
-546631738
1046895106
14160076
1103275566
2054587630
-1442645511
-846684557
1099424979
87514581
-1314884103
570686549
1112918973
2101489029
-1101170046
-1015517034
-1463310184
1033538421
1444619365
-935252735
-927728517
1998416086
1792855433
844666500
-889774003
1537926957
2060542444
-849145890
-535213212
805209121
-1607565080
1905212310
-1711546258
-943870315
1137045175
1860430126
1662264468
389159161
1287789113
-1989992040
1769456860
933649629
1535032052
-923990295
1231146446
-72301625
423545691
-1757119668
-2078475942
-1725871803
-1429118126
-1774009544
-1213565192
-335205820
1699428081
258381541
1464504849
-360475229
-1978483320
1606309627
-1216423267
1635537411
-690404126
-957065076
-546065396
1728736480
1861973198
826244164
674852457
-677755163
577242842
292127967
236146109
-43806341
1926477409
-46145318
732242865
1443697058
1324199112
1121639277
2016305014
-2142684156
750251524
326265015
193705961
1083702855
-1671722658
-1741225669
-1163471887
1649101218
1141412474
1914192010
1468896555
-172936526
1609442965
-573949118
-1478432567
387955342
-816381427
1156956214
-991608137
1640731928
-1648661978
730790126
-2139281666
1712619670
207712010
-1743708847
737699181
-1299774848
-483341807
-1240125792
791210869
310156699
1039129667
530902438
-640135084
-1035938490
-361524966
34242605
-1110999178
1077056019
-2069616245
-101680716
1309943063
-1447117927
-623561913
-1079166114
7717164
-477488249
1477390397
2060443436
1736344707
586014204
-1899122077
850666094
-1054188503
1565213462
-576917578
1682310006
-188166389
217077193
606999167
1383401103
-1930128929
479247345
-1154889258
1784829485
-1743391420
1861415849
1065148011
-1118555547
-1575251417
-1046244899
726847364
-2077465697
-286861207
-863676899
-676414399
835101833
1688232894
-970053708
164830503
1451177806
-100517160
2070827001
330109403
2121341447
753163459
543196644
1182811949
-117535119
-751157102
-264855837
-1084442280
-1037178656
980822843
-1344276242
-1380460921
1888475763
-651067457
-1545342504
571917723
1677961865
323448205
-2070151192
1028642091
2113999731
-1686003416
1251884968
-1933224244
1649849962
-1647518969
954370812
1297902225
