1927365686
-1868444275
150729568
509482239
34430588
-976243385
1377212058
-578424099
693284059
778058917
-380313702
671560410
-995570901
-2053015380
-1404454133
1004146537
-755300676
-1097381066
79855004
-587185004
1280399225
-395063475
382761915
1856292472
489506634
-1254508869
-1871849053
-1428428045
-1832686662
-1934725919
961599385
-53478757
52450778
835392199
-1594810767
1567710449
-472769436
1278781556
653709399
545313750
-1348606942
-1017841792
-1081908789
-2109900227
1918569104
-1174203673
759201517
342325793
-142354752
727941151
1730248954
-1360810567
-156904323
96296299
-1282918378
73113578
517619123
463673713
-431616693
-520577027
571545101
552767498
-1627471663
-804266863
1350556896
49913945
1644316815
142653907
-1909524153
1845858334
-1291349279
501602027
1856980110
3461196
-1081462372
-775129415
-1347201325
382203608
-1305923250
858603456
-1461814806
-106429997
159752393
-291731614
1070950017
1705326522
-1744597790
-1504207795
-1850003580
-1437386484
2126017654
1907868725
-2130247742
563877661
553547949
1189798083
1178963408
778929194
-673985150
1264381900
-1104975315
-92245844
-123588990
-2042832186
-1790211161
980199921
2055363539
-1741010569
1702346236
-2009117209
1405870967
1128360942
-54077757
-1327224774
1073855186
1070919607
726062220
1025461410
1882221673
452301897
-1059107770
-1126858123
769318380
1384780483
-1314207519
-264809085
1860104822
1177636055
1452540211
-280240094
-7631598
-1298925818
1307969567
1385538183
1135982465
-1662373363
-632497420
542964567
-1473056455
-692271202
-1510608366
-1227811459
-333135
-1909391789
1356249043
-51814595
59977947
-525780769
163121575
268361353
-1836348174
-1150036858
-7592064
1001780883
-973464459
-739968306
-1598376591
-230264157
877815154
1825528439
1051505553
1840835114
1524820743
1981479847
-1147760603
-1399991786
469304869
1131979625
-953894915
1051971431
-899479913
1143175768
-576370402
1207443201
-1073422270
1720314519
-1555575903
-998955324
-306976594
-221124349
1545934042
1462797273
-489527100
-440656468
-1740654405
744172110
862717657
632070016
-1026577030
79391205
-534754069
886519624
338822514
-1343099864
-197603543
1626889688
-2013273274
-1127743551
941405880
1910729090
1801325643
986105095
-517229388
-1077829941
-53953241
607915996
539402612
-1620764575
1958061237
-1798630731
1693207570
-1580352949
-811587284
-873191687
-172671447
455976034
1689410431
903890575
-379488288
1486739455
-360760059
879889074
-870881241
1636500725
459881308
543638535
-744250048
-705842751
-275118453
1131642864
-235067007
-1679805696
-115399322
1106054946
-1337321385
-2124929503
437316662
1110139252
939347854
-1863294118
-1293960808
-498152710
2053458126
-1509188897
-767713883
-669579694
-175567000
1281823057
-1898393773
-1695610819
532172370
1555574644
-679635942
1000994929
1174387312
979818789
-428048934
685138860
1694719253
1898037130
2073830139
-11928820
-1143700792
-2094456182
-894716714
769225885
359748170
-2046839425
238950483
1985306931
-738701353
704158506
745235666
-1642198150
-126201684
-1525371673
1089531214
-1423068085
-939941175
-770670303
-85575745
681164864
1640852728
2091377927
-21002560
1149282954
-108229875
321568127
1035786610
1650708737
1326672494
-959806629
-328301153
-2058785412
376220373
-154743094
1357303841
-571191198
-274954412
-1173182960
-2000541819
-935055231
1070287769
-1905032327
228975850
-1599429602
575363443
-290044278
-1368410321
1959663436
-189037932
-1834646406
-632415155
-1707781247
-296830312
-701502496
194809088
1886088293
994993477
-1595625555
1357135532
-625662483
998032660
-1093194405
-49504385
2104371112
-2007937552
-10861978
1792340178
1169527128
392224829
1612121339
493003732
-864631612
836775963
-1022766097
-431596439
1767143628
-1538335509
388755954
-1022116273
1137273277
-851575535
-717283325
-406427518
-231523610
1745691131
1335094054
-1712274718
-1531880085
-1264248734
-1678073515
-1319665134
-301264808
266856656
228204979
2137458082
-999502343
369220705
-127468537
-1507986321
-1342260632
-398489139
883463015
-891634871
-2091194522
1472802469
-442419149
-1204825641
-1291615890
904124636
-297177787
901573047
174471687
1432167560
1096666214
-867603479
1207665498
1473155562
-1979564541
-1455495060
468021507
-256788565
791967775
-1788322775
911954475
403625320
1232271499
1371894032
-227780394
-1155298704
379383381
-393274240
-1217076615
-621300532
-815610242
2055028716
1028077007
62045311
1927696366
-1892470853
1572981228
1810091790
1403300524
-575454098
1201302161
1830014786
-1951173047
756537863
-1966682686
-14680789
1358820253
1221747113
1012952726
1246272104
-1278865995
-459839109
258654541
-1597043034
494435851
-1389838638
-960490329
1689473126
-618496009
43847311
1943712883
-1327983102
-1060452506
-120150076
58007909
2060817137
416722633
567362717
760574508
1010091337
1740623951
1569258877
-716885564
-1154639995
1340964437
-491074969
-1183297784
-64529784
113823517
-52349281
867889546
-1159504927
978923454
-1932121456
803686311
-2076468144
421704283
1286402032
-123625003
-331879799
-203519081
-1427778527
1550479166
-1340905929
-315002041
-414249766
100331410
1692970819
-1773478807
-84098298
-589648359
-1302641323
-1707919275
-419665940
1533614599
-654779494
-1753302734
-653936497
259510291
1047897288
-1915926613
1554912087
-683185847
177396574
1628938209
-1597438992
-679353569
649005616
-1661679198
-303355535
-320146233
-1812735710
146956251
1655888577
1596974531
1896702515
-1530569909
650915126
-1899644483
-594324803
662721657
-1394851458
123585944
1426873594
349663463
-1747322174
-395968062
1056488906
-1922470008
404259847
-1500795445
-858203470
789088366
1772767192
1233918267
-521061336
-155905081
-1089913310
302556575
1692231693
1680288778
-1436830626
-791652891
-2078842758
-166477972
-1015352332
-1386053911
-1129198914
-131283815
995322590
-107778737
-1595997529
-6060384
-1936967028
1702171794
-1128292864
66010158
-270642937
775101277
1922507867
-553034242
1986097241
229824793
-600965360
-42700657
530040875
-457369401
924050821
-361155304
1114047918
-1887390449
-219788881
726758841
-1447559746
-1717935721
-923629353
-206118670
-1251715771
-1128319592
-71048031
-893409192
682347485
820825007
-408319927
1331287685
1994460345
-539292944
-616489424
995201104
-543675964
-459739839
-187254377
1239266621
1939809546
1425987300
-1221388119
913412919
-1112855465
-365538475
-1434615106
155820412
-1154782435
-1858057387
-1402550563
-199985448
-1386441062
1767901254
1378295427
695758613
247896122
-35481415
-1221527390
558478257
1207958073
807365189
1360457964
1481350097
506002060
-150459238
1950578512
-1198286987
-263559167
-798273067
1912925124
-699196947
-1125995100
242073620
-145149371
523319180
1219342437
1995802701
823132955
129231514
828007159
1812510299
1435204449
1707357070
-190106630
-658469287
1926934980
811042940
481081947
-945632461
-1453173877
771508172
-1769978885
171422329
2080607702
229515820
1626221198
-3337866
1190250282
-2110607417
80614085
-272402559
-1301549780
1066247350
-644777553
-1010548334
-1902749012
-551593801
-971033508
1024740120
-1375823387
1492620828
-1342913085
522213384
1294108418
-888019963
-93540635
-1516401607
1659410148
13615057
-1806230223
-144079890
-527481310
-1722254895
-50029782
-168107596
-1149897647
-1043486402
699967303
-1259575954
1753329540
1673423725
863261977
1262084270
-872106986
137552448
-2123932493
1634180165
574071974
-682842657
-1336394683
-2109603043
-406864286
1393565096
-1724231670
-2140363195
-1347580536
750122083
-1959590812
1188359757
1091823146
-836559942
1841137220
-963768877
1913595185
-2011622681
279877071
-555677347
1829830051
1620534446
1473273662
-1649088407
1338332712
117608590
954760709
-333421629
355007177
-1137454285
460885559
372745493
917710587
-153583058
598470696
-482481212
1593781212
532606695
1139515987
2106338041
1802745531
152700113
-1262791298
-453315331
372866014
1319376608
655433499
1420773321
1051412862
-568553416
-863277583
-82899235
1887815446
-1222411226
822027515
-912560560
297624796
-365881005
68288656
2008820520
1480933263
-543757258
-432821821
677954795
-1401291661
-1940192054
1149901836
1548817525
-2037390951
-90870911
1636581671
-235895796
-980177308
688056695
240117564
940848305
1501689927
-251682838
-247564993
1728947384
1206980563
1045373674
-1003093607
-430920805
1074115056
1212091212
-598561017
1624563466
1328220522
-1291045916
-621382718
-276843195
-930429777
172103154
1214492384
1063123118
231359446
340719836
1587621881
382230681
-597810461
1006561565
-1381722867
-1845992602
-803888055
289057405
-634772827
-900753966
1972617135
2122783106
1164933687
-588960887
377739511
1200926758
1333318350
-1038979841
699687803
771105225
1709086698
-1980746113
1394734489
1594901096
-1734634844
373609603
933335153
-1329287921
-885915370
-1568485050
763437037
-2072257140
1023426553
2070841239
1667331841
-1320504987
1711532686
1795788528
1358777395
-1858436085
2144638146
532698311
-825951651
-1434822066
1670218636
1489467171
-1318123087
-1900883693
787482521
-631524239
706331902
-2011315387
-880910805
611353751
-493199567
-794961143
-2081866690
-91836599
207252765
438403637
1026058220
-316312676
-1762871426
-1805654526
993592338
168170712
-24204997
-1045036545
201486898
2024464529
-1705255445
-288037304
-544412006
1125646840
-900885351
240233720
969099974
-1628064146
-1502082357
-717565221
699099650
1338554202
-409730111
-136452248
-1835572141
-664343237
1023606778
958646253
1066103703
630964224
2053171451
43571723
2117275371
-1219454825
1318991186
-2103838363
-1887315892
1975740355
751421657
-529134444
-289193856
-828488142
-748546761
786396509
-22674122
929071566
1450786476
319279142
889122156
683322450
-1552922356
-42748252
600860688
1183088417
1321832715
-1472497191
1725624554
-83056558
-841804356
-532084931
1389649848
-269495025
2062374483
1802661179
1956808090
-1280996065
1681639474
-682380578
1305984176
-2033798208
-1512560350
-876480820
-25801215
-671432262
846344672
-86177422
-1930833506
-826930000
1943629020
1197733504
2054417670
1824829368
545731900
994324888
775689164
440592686
1343955494
1671584321
1107832439
-933428795
253518399
-938030303
-878818392
2050887902
108448622
398944363
-1423065214
-1036635620
-716004636
-1549049451
-1541384891
1083572279
1481793888
417126990
1754953532
726034705
-1473120337
-1549291857
-1023708967
1711353606
1064785778
-1555839312
169684765
1551870855
-1684257757
35433693
254092093
389719785
1041608793
913267784
-1666307198
1907317114
488450891
-1373472319
2033034864
-875894315
258286226
910978116
401871914
2019490935
1093205042
-1105327950
-817108460
-845731695
1217809626
-1927297852
2101312698
1938843167
2073865835
-1055218372
431563760
95471929
-33162570
937778012
1245642041
-1771102552
-460263798
803292572
-1010962324
941571515
1290041581
511330198
669899412
-2125388965
2060597928
-373838523
1074987800
-1784796579
-1111295480
-1206153874
-1937817829
-1650395881
-309326109
2079416157
1232561957
-1349919691
-793179431
-1006389292
1565000450
-292882739
1461002715
-289644224
1520324586
1735659440
-1475078415
-852409554
2078868705
-846717950
-90525385
-187446020
2060876128
1763378956
-1295844056
1201657811
-1875111371
320857936
-2021073378
-1493027884
118298791
448590045
1810871321
-729918319
1321557981
494647524
-1665787458
1738395838
-1324458881
-1258185076
-1049035101
-1574196953
-240414051
-5935870
1182245321
627608293
-1994031664
1626639059
2000564329
-335249204
-1736943714
-443856259
-90895117
-125974489
-2004983774
-808898494
-378600877
1431026854
-920417044
1646477631
628156277
-13103209
-1125465563
-1117540419
-464423157
968343124
1529543159
-297305913
-1275568243
1949858812
-387121621
870303484
-466628735
359563877
-1413965805
1478897318
640418300
838467153
623532713
865081098
-194998424
-713389345
404318968
1147069697
-1638693242
999977027
-760812870
-1741702457
-1868918346
956471737
1644620098
723968274
288271478
1841526454
-143851876
-1321194138
1611083048
1791900512
-813370127
1829697959
867510039
769471552
-243129296
147685615
1573152955
-1579081418
-1906940949
876918178
53975612
-923481172
1179367294
1091757246
113852468
-415806450
558504054
-664225161
-856447303
922792569
918881071
-960922622
1901983897
367789746
1675798974
1683262129
1785530087
577557337
-1423380207
1386972223
-962952010
-900353955
-15033259
-1368812435
1948452
1729659058
-84850025
-608842803
1922890138
1004558146
4663981
759402460
-330348975
-1221576928
273516886
-1519290282
-2073423081
-323935485
-1587831392
1407724998
-1137771950
-1215483919
1752381322
-1892672164
581552197
-1319334086
940520681
-909240830
-311470959
-1333476441
2087313551
-1562107216
-1364070401
-767986189
-1347969111
1146435071
-83334532
-481190790
808751464
692026108
730920292
-283448784
-412482334
545939263
-1276549629
-1350518572
8055099
897755707
-1022714793
-579149212
-839607297
491795926
581767707
-150192685
-921454126
-1330242501
-826747392
-262163719
402838859
-1085837585
1570993981
-1693574710
689125403
1766312738
-1614633654
-125413174
-10612107
-116367545
1858242535
2117367488
-1153516374
-1857604122
1541084003
-761556055
-1929580782
-1413490256
592436506
895614191
-1811409870
1656334036
-1434831810
-2003971878
-1886185189
1956732304
-78282022
1914955078
-1200463856
1455475210
-1719518444
-498997866
-2045527701
111187295
-1590438734
1038605288
-1954380096
2039321596
348298974
-1053517430
1944611906
-17554131
1239575085
1343992491
-2112015259
-363235341
-2012524835
-908918443
-891369019
-1109145319
514986846
614523802
-948671675
-2082476407
-943589613
-1399609075
1427013243
1304675291
1503782233
-79830156
-563698613
-15578066
673928391
-669348165
1329198033
-880829125
228153015
-1812511702
-1234075772
-1627396186
-1076192507
2096229594
-1301575529
357445783
-1407620074
1333438309
488244386
-1708355447
771286812
-1834887972
30497153
-1117189279
976680087
1443201277
-286493828
47142338
-514407138
-47146587
-803628632
1608588191
-823142818
-1972262525
-311057268
-457991151
-914766749
156633614
-1781433594
-2081771926
1697475350
1515307192
-1445463697
-1397324663
-1894245370
887847779
1619568381
574275183
1141238890
-280535020
-2049057431
-1290099950
-306946202
-1604148251
1488668369
-1018195343
1074720909
-520282816
1739314654
-282327832
-1941224793
-1790098102
449092649
-373380156
-523045197
1248746652
1584669402
1877903130
-1085968593
1161799480
1700538770
635569364
96207766
275182522
550367114
852524300
-232822743
1134027213
-1369478404
-1048666212
-33206798
979672032
-7204159
1453041397
326729477
1140062234
-991289797
1799250992
663091977
2051290251
-1570807948
1981708386
1115805686
1449181859
-973137017
-1424535757
275180319
1650775527
-1524071106
726118065
686456434
831236577
1329839612
838463585
-938109441
1428861783
-127041315
1487812503
-522352202
444674240
160422939
1214331143
-2079983756
-334770701
-1207788365
-591435877
44126528
-1597878495
1532252231
-1197630842
-48919599
1871738629
109510982
-1089634152
2044637523
-1262838695
1360662857
-1829407532
-224306070
-51273077
1575802304
-1116174273
247160694
-1780397648
-1868834099
318035194
278993944
557779385
-1347096465
1546350226
591023861
-1257313053
2034001379
-1098480745
240735162
87498100
-1581246650
1084720235
26486111
-288220509
1792749951
-1867488421
997629614
-1069889321
785895515
-1386724877
1014611718
1892471060
-1974871304
-1559421043
-643565732
201786290
-196033945
1751735595
242402178
879014479
1088685709
1381837446
-1863445589
1579037958
-2140625591
903426150
1506429486
944770784
587978715
1271467060
92656010
1594582410
121750147
1375826125
-423915862
-1983266744
-544408984
1236205720
364098409
-756465111
-23198277
118502618
-1043286697
-1116351620
1479031324
-2011830712
-1894880067
1238822530
1119591740
-1926542627
681943006
-1354693788
164211651
572488941
977698431
1514448743
-1862981005
-499654790
1199624618
1069876061
2032887180
-1693191226
-182918226
-1170066082
1460109938
729838633
645162089
1291557304
1860618125
-824129500
842714568
1211707171
270466672
-2135743051
-1996944242
1397393977
1815499836
1730474988
-1622118059
-155382748
-1425122234
-1259191618
792014290
-80588648
-404088585
-1155240936
-515841443
-1705310461
-1085198605
-806276553
-597557329
1462348547
-1856985475
-1304629450
1333330156
-879505384
-1464082662
1851238888
-1040137756
-1133513574
219584883
-642374681
1458533781
1785270253
-67421313
769996013
1943142644
-253734926
1583264481
1611073377
-1241793044
-735528512
675649934
-1626404299
1421929126
-552623725
1955889330
283814894
307382539
-2023739900
-2065725996
-216911100
-2127252858
557800058
616273463
-1092728981
-2101894130
-987681568
2069234819
-1028390543
-1753610653
2062488216
725439653
-1075670582
-2042841449
-1174234962
-107978254
-685058327
1664520911
-938020016
-1317583982
1150972816
-1961488566
-595130243
-652504293
-739689814
1561892770
5566973
948697468
1512113240
-1755299758
2043882128
1934698012
-45793207
607423608
-1416177046
-1187474366
1479596366
-563917861
-589433123
742113975
490094124
-1832725202
-1928648360
1051771305
1450615732
220668053
394572175
1482373841
-1264397295
-735082903
1482864379
1086543832
86581088
-513071560
942456197
-2085999882
1022968197
-290571761
-55758467
-2016838180
-297774788
777181690
-1579335984
-897111340
990645358
-2033978421
1868195706
1931633701
-1243212347
-900105446
1341820217
-1486647877
1231878018
1064899981
-383098237
289246471
1777991565
39765849
168654521
1381610276
230705357
-31103992
907432347
-1770674886
1371702714
366921596
-280997378
-1844648153
1103257647
-2063066317
276579261
1715334235
-131759484
-257512501
1283186924
-1485516029
-1778803236
1277039305
2132259411
275000681
1543635386
-828852075
1666056986
-797540966
961452250
1005056712
-728704064
1516848968
1267031870
-1236188502
-1560004527
-1217602574
1040491910
-233670666
1051520472
-1422768831
-258624124
-1078019105
-660344047
134410677
-372462577
-2077046697
-899088285
-174848128
2108398615
-335622258
95075084
1275167153
1005342458
1225316280
1636425629
-1938064491
-1145752043
-334328045
-524279895
619859545
-1716297316
217701416
-1922390343
565470452
-220426066
-1808028080
2126740098
-239408573
-1631998301
984928889
-1173083559
-1903118987
1229672872
-501952470
1172275686
-242149207
-2086728050
-315419964
1273443096
-336431660
1011201502
1807147785
395160408
-1393176
1799867952
-1803094814
425953280
-310755790
1228332988
-964850340
-1850515954
390815747
735012145
-752188173
-1042953964
1776041618
898135493
-197350893
1648555379
-485411040
-710181747
2109753307
-386524728
2023610205
-1520463602
771282211
-334851163
-895234550
1354319123
863506368
-1765696637
-1816280609
-627508288
1937049606
-426064905
178664110
-466674201
-645275506
-635914204
-1173829433
-2036416615
522667576
913239408
-1559316834
1672252160
1618535539
1407990906
-1524821845
-1829698452
1583765947
-171862709
457588625
149060523
-1643089821
-2147269941
-1000476542
-1518584164
-706568300
-1984532107
1605445600
-1232215802
-1286793068
1738796366
-732276184
-283726427
-356785077
-1429976301
1178840843
2126419078
1772344579
-374804303
-1738026275
-2084623724
549867631
2055778553
-1711015374
-878408079
794375662
-355602797
1920203718
360138377
-1093638896
477067827
-409230179
2002611301
-556095400
-1875075061
1397664363
1808972092
1912342595
-908584832
-1487216587
1954301903
1229703817
497340447
-1007775433
1536565110
-109272670
94550738
-884005368
1715854453
-1866870645
795420238
-1770883076
1392445843
-62110007
1716469711
709850825
-1394934035
-1163462482
-794115833
601949292
-930129401
178911194
1763178579
-1155519667
-154442973
-2015358972
1547542575
-639036767
-76155946
1970465786
-474859028
353391887
1590342359
-1966209306
785375136
1109695893
2112796953
363392466
-174145187
900902573
2038559772
-1447717523
-271728220
-1700776021
-214705792
1454884879
-852237029
496245864
2092384219
-1231622150
-1647539842
-1918299356
1138389195
-699678238
801871827
1880210600
-700069810
-1969255506
-1702484511
-1792828757
1286894928
-1261753472
2009021154
-458192778
513814405
526381810
-1448105097
468490698
-1248725383
1103428259
-1508163365
43549697
1339502052
1949805041
892641115
2114385266
779856706
132544263
959750149
1360363290
-1889630045
-1431756007
815862175
-1634208649
-884944705
1548351214
-1266019110
-499161673
-1509271475
-1467497570
-1530624057
-386656238
-1770891116
2100341661
698037386
-550756237
1996398401
-1154353161
1138210636
943621213
-1104844933
-59146788
-1667281034
-2024995572
1670066228
726227039
1705971739
1331493082
-300473406
-1436091782
-750378059
-421931292
-1892817747
1822088533
1925453587
1094867181
-2079599670
1971736263
-152281198
1651201921
1681204104
-1708579812
337612939
1741800541
1283673225
-1127656167
1995305995
405235470
-1900234892
982172476
1970174665
1306279895
1595715593
1629860167
-1023396012
18920663
-520161931
-586240257
-2050238324
1056632171
-2092729369
2085289265
-927082670
-1345585199
959722338
-61297163
1795771266
105370893
1056958420
37881142
-1697735647
-2102597873
-1904570776
-1217929872
1249935059
-1019790059
1392808984
-1140386629
1263860367
614222414
-1082130043
1580811785
565666197
-1575775552
-262961142
-110013781
-829720930
1045052010
-1696019442
-2089254887
-1470025387
-1277304148
1695842457
284765682
-1380198906
1323137511
-559142871
1089497153
478565524
395632992
1467387590
1143986689
1845109424
-1143829143
-1730064044
-1599216669
1759315271
623150018
-424212953
-403055795
-783450820
1249664060
1773591260
-1459178074
1285344087
1350576031
866630502
-1075928112
-2077180036
1606967501
-1550952857
1576428022
190236447
162090022
-481389888
1409236871
1553264375
-1792513746
729172587
646128513
-1298347023
-190522771
662199943
-1450831630
181370727
1808000918
1232894132
1763504059
847334033
1923153387
-1168568927
765566359
1991995
693293791
1301443810
-567768229
1564085176
-1681027844
59976198
-748918146
1504442390
876877575
184453864
203992796
1634712210
2007564641
1312859973
1558440118
-767777458
-1760455249
-1315768945
-1657324803
2047098689
2009333949
-1864957696
-1995410993
401633902
-1394362721
2032493809
-1044349631
1566173528
-146967271
-922703509
1715491935
1724010420
1541834816
-385821442
-1598913424
1835362912
-948357792
1455802321
1540878461
-206620013
-1410174944
1112257530
-376273644
-921395114
-1596768796
329139983
-1812405175
-2018561997
-93688974
-1180935939
-114668035
651440171
-1538164521
457651223
1329743970
-1528172564
-2039357557
-1187657103
-1514156866
-818024381
-107604269
1567976559
1420557422
-1278112305
-1831077274
1520882840
-1274502611
641344247
-90933421
415210671
533660566
17618205
-445209823
-1547341820
709609191
-266501869
1288347959
1348046599
-1473449721
-933528883
-40699266
-666863587
862142409
-410119080
-1107211452
662358454
-1672977294
601759754
-168989853
1581363615
126870136
1211687419
-1194036062
-829784684
-1281321332
2053907635
-1470674086
1239032089
1565600218
-1448975068
-1417245348
1466614921
1256322447
-220116518
1405356818
-1607290514
951261851
-459548304
-908054813
1467822099
-706883145
-2054347707
-1214515492
-927258024
-1950074967
-987277968
689857676
-1220892731
-753198650
-2144444688
1366722350
1875998432
-14317896
-103500504
1395753997
1886951362
-720230527
-1272722039
748568868
1402682343
1709614272
148984976
349083140
1169518406
-446325711
297619187
2097161978
285982369
-736105862
312777238
2014662256
-1375310051
-22393565
651591620
292075667
206576405
201105638
-804040421
-1815309002
1249953834
-1718599640
-769311546
-2093972491
-48510306
-114866745
-1956391823
360160925
993528290
1384036374
2145777017
-340113973
2089777773
1053417509
-937621277
851809234
-1825840946
2096451909
1875889808
-765158942
800338436
1888773322
-283498578
-48379035
-71359219
306458130
-679832464
-137282644
-825964100
1803233990
-1706206976
-397766198
1368537295
-915590305
799047092
-1650207040
1455403328
1730113516
189472384
-1283161638
-1512392997
1312838929
-1645888085
-333813929
670762512
-988549806
-286749243
-899650225
-1735233270
2114253457
940566232
555821777
-1313539585
1466923989
-814327075
-1587423925
1897381577
1212302156
-791208590
1187258414
-1881503306
-731920238
2120397512
-2009861422
-1273422949
1383650099
431692258
1226840214
-1384217809
1890457966
1296819707
-372551861
921048469
-975237316
679869255
1714771922
331013178
661135760
634249950
-118362877
-645952543
-1099767329
-630789643
473810128
-1980344069
153019873
1855225934
1442840489
570506555
-1426956391
567183857
-311907806
298353258
158183827
863803420
1354970323
-314661257
-1920105620
125255031
-1977743745
-1779045167
633019031
902689163
131501176
1236087033
1969421149
172177269
892038465
-650195374
1818629669
1624767446
-856899211
1526051131
-1189477131
-1797628403
2138863334
-822483617
1607540024
-1636083544
-472956408
-708364981
1932220865
1932655895
-884948592
213233472
1828544783
778712738
-401360808
1019552586
-2136265774
-1922545508
1621197189
-245764463
-1314386002
1915321304
-473292054
-2002081810
-878300610
-1331843236
1080598959
1937998272
438020187
-1759723436
1738898733
1325233408
-94124643
-642384567
1262187548
1175751059
-215523295
-1490610030
-1017055248
-873869345
-1256256372
1227574794
-968166785
657645473
1760466512
1336586242
-748437018
1830940668
-1811335122
-1570975879
-1063547219
-1154556716
260200699
502346634
-1226481623
-1663390372
1873203366
2080592933
1581683490
1242329069
2121726328
122096641
672437940
-1791000807
1037701534
313898449
-1722346630
329810944
1021817060
-766285643
503505128
-168310303
-567519549
1101465587
-1708888840
-1280002317
-1214622563
1584863718
-698975736
-1365803403
942184518
-2130142666
1665947394
1006854148
-1087038778
-717472951
1661269437
-1844115412
-690423972
1824115448
799966114
1088284224
414740166
-1994346875
1587046546
-1868657811
-1128703297
1093642701
-1962160121
274687757
-22096439
-1538955847
2009145464
644379704
-2085545172
-809604614
-534051582
-1290949471
231007037
-791904780
456518980
122639518
-52051997
-1498503942
-240834678
556430472
-71615145
-1276106308
-1591412436
1885803333
1819855658
-1933021955
1958435128
1299645986
-1545293428
1813801864
163000654
-774805019
763533002
-79810716
-807909173
1130633506
1755470104
1100324934
-2107097558
-1267354675
47988880
-199137465
-794873178
-1679291376
-1517302406
1618336214
-1540027358
-663483298
-1718966578
1858805743
128610637
-109745464
-229544714
-1039464052
-1729960959
-1972519537
-908299049
-1763555492
1515953644
281789689
1110880018
1658845874
467735409
385678952
-192069754
1172951231
1163870416
27055271
-2128443111
-2114315004
-1719196285
351666567
1904193976
1921033985
1019613675
1732244650
711713435
-317317326
-2051953876
-129281122
1709230285
-876777669
-1865037484
-1762793683
2057837035
1290623329
1627362242
11504114
2143691051
1515199292
1089699781
-163648465
1234278560
-70383702
-902687357
541999326
93934267
-866956281
810131227
837101573
1300002836
806376602
1735468558
-399087026
1608670570
66552913
1108042458
1641896406
-2046085656
724710321
1769374439
-514855867
-1002232407
-1670239481
-42473305
-711990754
-803899266
-1381757981
-387888648
-101281961
-256507666
1541037510
2080297164
1469847852
821224318
646984218
1681138187
-644596433
-161394127
-203582623
-1909952841
910685603
1000078417
-165203023
859829073
-53178614
-342739344
108400223
908298618
1120797437
240328361
-1606749958
-620941346
1984670779
-55557845
520953723
-786781107
1191421955
-876117769
-63797318
-887772118
279607461
-1136899864
867383330
-1967978744
638696790
518277364
1184959912
882968465
1490686788
-1037286480
1297599736
5693098
-96898070
1287499801
2013862641
1473619156
-946297692
-1556728944
690686035
1278053845
115313541
-1806813146
1805067447
-592432490
-613319320
148644634
9653439
165877070
1129830725
536211359
802989965
-1999387680
1965720773
994783713
677414776
1235303554
-1742004713
-1729247670
1389765117
-349931362
838924036
-1101025024
-483962125
-807648772
-1513018048
-2128547406
432398082
1675540000
-800099325
-1151316076
-1779570347
1926568944
286876376
-736206425
1554878606
1177350042
-461939275
-784181443
-1986730246
-520927052
-558142902
336872636
745585157
-1367474524
1160218269
-1920403295
-2035950352
-1655165119
1556763862
-737698616
-2115376448
253627322
-1621479337
1074898922
-462310535
-1974595658
1979973648
79291237
-209926004
1658062524
-1817945584
341805379
396942477
-344685611
272026718
-974209420
-705762776
1803923312
-1750049015
1530391902
1742165589
1674350469
1144497021
1107543191
1016168906
1629761019
-1744968425
-1214128655
913210801
369508686
-752726276
638341558
67491739
-77382804
-12510426
1922742836
759607475
-1213078816
970858175
-1662817413
1915130934
-822289870
1509640114
-1861098652
-1111310046
439794060
690020221
1340454358
-52438227
-1920754016
1176938316
1744664900
-1795213576
1722898121
-177594045
-733644935
2030056836
-721057936
-1072719077
1385834135
213344997
203126961
-944714256
405450332
1229737012
-486447555
649406296
-551027289
734675145
694123137
-188936265
-686738374
627012265
-1401890809
-2092252719
1052140737
2089364029
255415580
-429357152
-652807405
-1222442683
-1830236749
-1196068761
80810679
-633710325
1342648201
1866388486
-986961495
-1662615589
756196489
1092499344
1277172572
1517894066
-1242857615
909666074
-1705525245
1432526900
1593822900
150198485
625806348
-1570861597
1642248610
629779807
2021764076
976291982
1293552581
-940187307
-843114463
1251630854
1219400334
1824556076
1031103860
-192745961
-1968033487
-232585152
-1946135169
1894367414
1018744524
-1280704467
-1626444946
-954171530
1131381454
-73081506
937298185
949117761
-1236294762
-1866824734
-675227663
-1610932413
86088538
873645958
1687552809
-959580631
-1780635830
854730271
-1360001832
584871562
1035396340
-291089625
-610071476
995056293
771707370
1953982602
-1564131262
-973330611
2002362785
104517826
-1761975964
1078699552
-40366693
945962529
1031311634
-1467562241
-621444152
221397869
-1312014236
280032441
-1538730199
191979953
742230895
39782665
-2019043657
-1566990510
-686193465
1047858114
-974492030
2091121760
-2109328059
-341561016
-606324964
1999001646
-1917823990
371575874
-1007872201
-2014208989
-1366426941
-1043913075
-484975732
-2048442414
1633802798
941978995
1841293566
-1164281272
257864412
-1623696100
-1179292417
-440224602
1367545399
-482560188
195145778
1841959406
-1161710650
838373678
-569151662
1646010401
487241391
2003604695
1904041553
-1853487480
122615677
-1130999441
351746500
-1170553518
-52558301
-349563132
431229565
119757407
-1660137407
878860672
-1121550471
4972378
488564645
1215155925
-1577680388
2008806669
1515105555
1055177846
746153978
303697903
-1366498487
-901699576
1720740025
-396461566
617573948
1205657433
-152619085
-1898701349
-1186250072
-558658672
1657203136
183660290
-748172857
139871142
-833648524
-25361541
-224510625
610357781
-282265659
1879749284
-1188806654
-1633934898
135665
417287489
-1217317487
1979090543
1896816030
1260405461
-22929407
-971648075
1934033474
991807539
-172489631
962033710
-1873223996
1877955411
-488039397
-715780301
1919542883
607879273
1056790137
1935220245
328574935
-1930382285
825421419
-404295530
1980310197
37031826
1991252103
-1808578405
334450455
1814661212
-1252848304
10278174
-1599341701
-1299891344
-1895697478
-1944673175
-716430101
818629642
1018195949
7996800
-1763627682
-634461097
-1888953783
2056293598
820941918
492710731
-1107074390
91041892
-429386262
581321650
-1340759060
916893326
725111709
1802479749
-1773573199
594851047
1025928207
2050194047
-1376667039
13924798
-9231238
587174638
1705066354
1911602458
1189906592
-1347915826
-1695164952
-346790678
-1497291540
-1390064365
-83835617
372123777
659177175
579075909
1458293192
-396427456
-1583960179
312959826
-369677519
1265911444
720782543
-1982040161
-1930600248
-112602333
-1788883941
1954509407
-638776351
1746886977
2055875593
95119656
-1976415818
-1397745496
573779959
1367629251
1519690159
-2037246104
1318382056
-950746045
-2097212444
-183551972
783601321
-1716201896
226233311
-939030690
1665527861
-1618786332
-490259546
1686183036
-896927142
1692152014
1089708791
512772459
808637851
-1464582121
349456085
92165627
-1308552104
1602980906
-1397072573
717503052
-1225159124
386700407
-888934065
1540492416
1875824021
-1499379646
-584957103
15930801
-1849609254
-279894345
678390132
-1809202651
335738665
-690435006
-39914379
-1730289472
1222336255
136085789
1577950379
-1947540039
2039931596
-1961059031
535837510
1111696528
-586674474
1101780226
933401563
641217855
506942301
1637139533
-782585313
-1211631441
-501341697
1373456723
-812785678
1448145005
-1574175395
-458521133
-878676065
1359469981
2082103039
-616982253
541726306
1655954222
545167220
1652713272
-743705814
1674929999
248974525
-954007081
1924095391
665849888
-1312589077
-762214965
1679731045
469088172
1995315975
75727432
-1203041886
-1957846249
-1775905743
1718304048
-1774837571
-270481133
814209803
-577476443
-1185003415
-407366760
-1248238761
1205738974
-675752479
1615890644
-417839138
278475070
-1638539660
-325808289
1599327379
1408185250
1625112644
-542588494
-2025005320
-1196968710
-993201334
1525548249
1945073857
1466342426
157083292
-1786653081
313329846
-589846574
7138802
178324907
1876559325
1860726075
270893926
836783136
581898455
762537811
1614569850
-613320407
502286218
-1311511604
-1520813729
719529213
1061400320
268704032
1362037108
-1892409633
342480782
1013125609
-1969825780
-1896674669
-350609608
-1672275602
2131285620
230023436
-2139736492
46425472
-374919117
213665897
-1910584724
-1782924921
619055763
1045100322
791509864
-1809244457
-1775994784
-243427714
888569580
-1117761977
-1761974801
1982847048
884381183
436313860
1252704609
-1519012927
1920481516
322014882
-1353096407
1982201304
214244716
1826764403
379091658
-1652961128
-1905820924
-1128316388
1876526053
351696353
-1848594004
231357285
495585138
-805385894
-1829685583
1380925263
-1687900851
-3914330
-1297617957
801599595
-33332748
2065641685
-1196604206
1136638569
1095210127
1817746460
1614864061
-1020282129
-1325805264
1885874888
656829995
-535436373
894581594
886232176
-941021386
-1595201109
2016390343
712447594
-30735387
1272042987
937131109
-1754904449
-1875407662
-1987556561
2106864034
-1481504542
577243148
1533138195
553232361
-1072696483
2036412990
-1458252705
437872235
1688541132
1443948048
-665920352
-1165873118
1433265103
1943295436
-1242261773
1454510098
-674335814
-1131037883
821853731
346187217
2099412688
-96820748
-1909405706
510244425
2145604273
111816547
-199880765
153306301
795709968
1044712909
1811519048
-993478647
-321410392
706665734
-1039979846
1370116141
1021654640
-2115809896
1733562652
-134844405
724745229
-1219540433
-1879213612
227114863
477659783
-926362826
3038842
-229938864
-1602589633
-1809420095
832690163
-739231147
1931873568
-396271955
-648789570
-1018846310
-1228967916
586929925
521584269
2005886387
1242578874
-560521561
-1577192937
-737089552
-1399568811
-1580517338
1461847084
1895989218
316242183
1108107506
1760772361
1612000542
2113471038
-595018570
231205613
2106576192
-311296147
-1867853055
964497644
1983712306
570811903
596886311
-1857192190
1611764910
499237768
464147049
-274785430
1004946689
1214172477
-712361901
1891124528
-635802608
1121448614
1383157093
-1504442363
-1766960480
1488545681
-1308721163
2015705426
-475622191
-1400219319
938521427
-3812722
378343403
-1241496824
-1731072722
-2003755820
-538154916
531535273
-530746059
-860061265
-168858623
769435297
1345702657
-1444145864
236836004
1951865391
-278292943
1170025827
1237593797
212942034
1771369686
-141387116
-1121130339
-1128398853
828296209
496194936
128765279
-2058383868
1676148475
814069266
-639274816
247966048
-1816350780
842958868
1556369081
-84784366
-1204424930
-973303696
1189979019
-1656277918
-197362213
-2038540243
-340901885
1128687566
-1824291628
1009340542
243260927
-1989231297
2002544397
2071372815
-320882384
629998972
-1649208810
-1840559710
-437293024
-1206554397
1507094707
-148493350
-665554569
857746773
1511449535
812153431
-1421182599
29192050
2056709452
1101625346
874636242
-1796973818
1320696335
-1974969687
2108347797
1199800002
759059707
-393998387
1603961730
-1871653074
1729417515
1082784443
-787998585
1382190302
1057695236
-462815271
-1225588599
1459151331
-1219167846
166687041
1721539427
-445316476
2060629330
-1824280429
932944942
658484526
305938633
406362630
1664063683
387835304
1652688628
-714732352
-507540099
-350148726
-1336497784
-47766424
-724149949
-666645521
1192625820
-1036453896
1872524740
1081710185
2103735435
1300623831
-637636604
-1945658059
1647007775
-171567834
-1616648936
1282801839
2135324907
1632486489
1137903405
-1247730169
377993207
1844043018
983101134
-812160715
804064418
-1723777783
-28361627
223050282
121564100
1260455095
857460226
-1343039161
-1844740846
-2087048557
-1064333989
-1066719470
1196769990
-1909705707
-1202349549
-1770505433
1049761663
312616890
-2009836482
1012414060
2114037349
419695712
-642381019
1263142024
-1489976944
-649033261
719803462
-1502216044
2112961194
-824738137
1710575261
879735059
1348739538
-347627705
-648653271
260230943
2016317123
-1408339378
63695785
-1184035611
-741386187
-1899282923
-952839002
-2092347565
-1517396605
344636300
521320374
1434996495
300172941
1753915981
1276557566
1360909482
-71049761
1671520750
691854072
-775355371
404515090
710384790
-1187633291
1288792915
1165927282
-24758574
-664935195
1996081264
-414957856
388305065
-797549610
1392818865
-1087107334
-953959443
-2077364038
121033484
1939554936
-538524717
1094030828
251967450
745950936
-761701946
2092816885
-170700854
-288722371
1982626679
-809495030
-610588647
872083348
-1277565384
986546393
-1549825537
-1443665672
1922198410
-730453628
-1686310036
-1296892841
-2145092876
-1779032339
1557784307
-1537604011
-1772030699
-1879619788
-1858058490
-1600737424
-263087108
-1055216771
1968484452
694855524
-1057639241
1776565238
-1845196850
335983312
-1490112983
-1445965800
647671552
-1222709479
1792008481
-1878366420
1765151967
-354094963
-1302217305
2075192592
-1021537042
-1006428469
1499068823
-1811282118
-417867258
-1564019869
-795896716
1959374333
1756444742
-497156423
-943012747
-1781950965
-553864633
-203172050
-457301788
-325603782
-1678598764
742217344
-1296589400
1095251338
1297783385
-727725711
1143811104
1799662950
490852953
-630655578
1295127857
1721838634
-115231963
-1512629806
958357666
-216673307
-679766134
1719553043
-410329690
995258719
654382155
1783290523
709730490
708740957
-5776369
-1632202093
-1189868879
1679313443
1619226268
366022971
1409199372
-410431687
1546520389
-1608940715
259825551
-1091570318
-466780511
858420931
-453174512
-1064777431
827855741
-1038179729
1604283793
-2062325554
252202771
1503643754
-1629119599
-1673351776
-2144438149
486479447
-1797307746
-989848389
-213824671
768124938
-829976273
-108600235
469165559
2050625643
-982882384
1692068164
1523196461
-216134496
-1907231011
-1939560253
-1713385953
755877226
587165522
-708644236
-1474136113
104481487
-905537949
309313192
1168293907
-2031684103
-1727179735
1625662686
1656056016
-236421794
1747816157
-1043876214
354914920
1510541088
172549992
2137375254
-1082860432
862320053
1392716602
-2095889875
208821670
1123068618
-1995337894
-26772170
563914530
745970788
-673576771
987863326
-1570355510
1060313160
926897628
-925653158
1657240843
875518365
-114586240
-1021055700
2116491717
1859900623
-1288419617
279178276
-1396722554
832036277
-590303508
-642715927
1411625978
-1148515339
424353515
969547321
-759834462
-1383726681
1964836931
889479725
-1055703356
-2032764872
-1443018345
1493472193
1657211810
-749422704
-522829546
615301779
-1066452498
1873730423
375009298
1362203371
469580156
1784187700
-1019100209
-1625753605
-1019980231
-1261697161
1302976413
-1712075161
271784539
1815327352
46318633
1656232710
2062819289
-1201572257
1750388751
-2101743126
2089157918
2120986086
-238905934
-593671779
612464888
-1348635844
-177507760
1434140333
1312788950
1071806764
-488811952
-619082901
2093081650
-1766534530
-2123993378
347813871
1566641227
219499421
-1903374151
-1359100322
-1855086824
410860153
-1510298549
-1331273874
-1589987720
-1740445522
2110515961
1115079466
1321766061
920124389
1411020220
2002387442
112777995
1960542330
-496233232
-659209786
43905004
661617247
1383987564
883495875
458272742
2145132607
-485014830
-1647043092
201913920
109651174
474814247
-303030995
1924597921
-520637729
1714954149
-357661795
-1764486647
-1209139618
1690599119
1724528387
-1999972091
984584544
-733834298
613954459
-1871108834
-1943292400
-2047861029
-1548151014
-463632494
-2118278292
521575268
1831458798
-66290874
112218152
164946643
1880239305
1791168506
-562950190
-1720226556
-359438240
1771869374
1870814774
1319354837
-2067608209
659813796
-320439037
-825167877
1294376705
-1664040778
-1315453010
-3138285
1304260845
1162544682
-1423384170
-1731886345
1527479459
1573947348
1695359592
-1088197037
1948384808
-1649873957
1723851972
624824951
-1219437218
113108655
-893412576
-500677011
1131620233
101158970
86691564
2096529230
-842326770
-1622386603
-318018057
-1719231535
-1200957572
-2138616195
356452880
1606440228
-915223600
1061073093
263253744
824928510
-2009092876
-2009074162
830812759
-118107915
-1087016311
-2766986
388113012
1498782476
-1217558555
-119562994
1576515209
64436112
-1016436897
-75894321
-1782913585
-1847439325
1733502409
2069971661
902105238
1959558168
1952297533
-1171698260
-1146771536
-495819262
1513541148
-184204717
-269001201
-1580910969
-1599930028
-260776992
2087628973
54745209
1300500192
821400795
2082734251
825289254
337816980
-1508480339
-611845187
-69898257
-1303082726
-532683694
981741252
-867591145
1125306167
-1335275443
2000658108
96026589
2090192211
386887132
488213464
-1364543029
2119066167
-330304147
401261290
857634128
-1185003497
-1588546480
1371545864
-1301393524
-1732478253
-900714579
1061629292
-235014805
1564687993
-467074377
-279974500
1699385077
1773767182
-1896846303
1918195658
100223971
1136777870
-2064924976
-2110781572
141141364
1689563696
547334611
1043142767
-62297727
-1458747411
-1183347825
-1090696264
435544783
-1837946045
1538409534
-963716307
1851175588
2144591926
-115000422
338075394
747909020
-1800685673
-1405252140
53701046
-1596695108
-456300664
-1062038581
1302380079
1581700039
15476798
484194938
-1357102044
779690448
-1708893944
1054006705
1285818
-1250783984
1274737040
547723783
1399228785
1991193849
-452181151
172968462
-81567935
134215050
-1289302103
501326536
-983404544
2044041957
1612133695
1977688922
-1799960570
-707577314
221674214
641977343
-437170670
-1511210155
1427913171
-1322266561
962419567
-1391189754
820669548
1488369759
1852584530
-674727778
-104798894
-1449351653
1345779334
1140875346
-1421692255
537047186
496307274
2116099628
2046292342
-2000254079
721355129
1900168294
-738536015
-522654285
-1521195797
1562263291
335997435
-1041274184
1830629403
-1861900678
-353514486
-1324502060
1346742025
-365663204
-1444615901
-626166726
249418338
-1304087783
-850133280
1628126330
1951659997
-1720685770
335832115
2123510070
-466373401
487194786
-32678230
2009559324
1844027265
-1098271486
836372468
-122591729
1487245673
1603761610
812222371
-1060735577
225706359
-715766834
749905202
-516832036
-464974006
364740632
1092613706
-1292631299
389948707
511291899
-1582682816
-1471057946
-1746054128
181082728
-1922413598
1180537201
-1276916148
2120853632
1876278899
-1417130964
14099429
735781737
-462249229
-971549876
1977558431
1981914468
-1208827741
-1397611550
-1901030888
-42630113
-477629497
-891945140
-420286164
-568335801
858591661
-697657107
-1735507558
-323049887
1774881006
-771265760
1718836455
-981073190
1724793331
-201005207
405550466
-508609700
-196967494
-730597907
2142196520
2021028706
1659363546
650737699
885272969
-317828594
529690820
-692927796
-973314772
973705017
-1437935285
761479968
-1054889329
-903365172
1085795429
-1392852151
-1306049647
-1351358643
-1705124302
1168572948
-490256620
830000316
42751806
320508389
-213203234
1396170912
698672898
-870436116
846327744
-1496494500
972528304
-928965482
592414713
-2005097786
470531120
-5563
-938119205
-2105087495
-1358496411
-1736368318
-711587665
266622570
-599419980
-1115589134
-818240043
1929954617
1834616773
314142279
-2071106513
-1334070327
30653835
-1817653383
1920418752
-1736344942
1251440770
1171001590
-113721457
-526589643
730161207
1443552919
657399761
-1433575472
-1243854579
-183620589
1709494854
467640723
1048724797
773819320
-1526786846
1282088083
-1890139618
-1608860585
-1819238736
1550897885
1244837286
991273599
510882547
-776171314
-1149263824
787620078
801784462
-546620254
1234593406
38831172
-1561591899
990776138
1638090754
1032877562
2130872195
-183783807
-1159957159
1308207761
-338721091
513658912
1236077335
-788218098
1972960152
517631665
-1907460919
-1706034779
963705511
-2028081341
-1721336777
-1219305037
-2145216072
656668796
1038125289
-576789775
1313350897
-1888851212
1167905772
-223711258
296550965
777718464
-151481387
1241995165
157279947
-1485984180
-404855546
1471955608
1694516033
-465697171
-1606520273
-1551594748
-1692661362
-72526923
1304568087
-164043731
-1138675338
1138334985
763840412
-405371597
-776429774
1849244529
48966904
-104740098
-812232625
851627823
606985029
1362920814
-2061176106
-319360494
1262126402
1893163991
221334188
1428306699
1785332823
808006828
-1139013317
-1232902400
2128655062
-829559687
-1134625966
1097513696
2088314499
-1285904362
-1097027255
1277489911
2118225750
185802265
473957737
-2796670
-357974402
2030056332
-333241206
1686613638
-2352727
-28399649
369884412
1794929372
-1818493310
-1361572832
-700041302
809375888
-827827589
-282625688
746659708
-1741652372
1716091596
-1704019304
-761652483
-1505751857
-1415751494
1496833349
-412967874
-413158974
-1750735332
-1645584912
-252007687
1541540428
1766923802
-1711643782
407334136
-1146401531
535486008
822853078
94326967
-1593914904
82103186
-1917215744
-63193528
654578541
65063017
-783340243
1083863670
911025367
-206651939
600613187
1811343405
73931210
1723252220
-1621672822
-1633258471
-115586272
-1722498566
-1729465692
44562060
362538236
-1589933886
990592186
1499613092
1290816030
-565683795
1436425976
1637532076
-1166485384
-1551257712
1930662202
1600097730
-524754174
718737404
1713749767
2100795066
-1054149430
-1233612096
-2019700035
-962312638
-1432571570
-1623138894
541474830
773812294
-1611143667
1248106670
328384938
511840405
-1701666469
1032232415
-757203395
392609476
577331829
-517969347
715655324
2145713234
-1857833260
-572353963
1245720378
1362149645
888461509
1226915664
-570962208
1031530931
-1645272263
857536557
-1952244579
757951707
58355417
1345862480
604510970
526154261
1665838173
-668029887
1764437618
-658774192
271929374
-865412692
342623520
671387772
-929471767
1558437807
2002568634
-1766617744
1106725909
1505520213
-2107065923
-86285812
-915232553
-1955537828
2080302825
-921334622
701088980
1945804350
1162365936
513021585
1274251255
-1389700754
-1514621847
153684787
-380768892
-1545657374
-398174198
-2146174728
1649694829
1758912465
-1158432490
449044690
880171236
1326994365
254965268
-859949100
1109178161
-247415116
-171113791
-1648238827
-495724604
1527442642
-1738769337
1967601114
-2005939059
-1626599415
1914637485
-18044429
1659873163
979296548
1731105169
1819372133
405463715
-1125036792
-370247147
1339433033
904720562
766063165
-828043241
-11152909
-70235163
1104736940
-71065436
1533498453
904631623
2009390506
-979093587
1998188197
980982171
1887876660
1572528891
-2094656450
489049963
111991164
1789112416
-1909106493
2084840032
-658060892
794155822
-1351417206
805707732
-1712774968
-547889939
631824182
-1341728603
38744130
324490567
-482197851
1613040716
-1075785688
809696583
281622541
-1591185107
499589913
-634119742
-770663071
-1938149840
463688249
-816307947
1082081528
-1846355569
1957070201
1289914384
756511088
-1131867919
1157274651
605678129
287297488
2076769976
-186685067
387121428
989914092
1437491351
1020819956
-690020566
4002573
-1946164378
562275427
-417652311
-1281434416
1390667833
-529470611
-936964669
-1709997490
-783022418
-438799520
-1726100199
-949585027
2023088262
-40660941
405257586
7626453
-751494538
1149906890
-1439037529
-1330503882
1466142271
-1424612233
1040183777
122668040
-111015428
-1594747964
1070244103
722206628
-1310379846
1348603247
-248054415
-2059384846
1066356813
1822428853
-973033759
-1291627182
-2100215711
1467413971
-1821088846
549071807
-1374576945
1469753801
-2006788271
2135822897
1914371377
-587957664
-610710548
-1799349181
1975964600
-1106838418
-1376031894
-1170658794
14961980
-771955112
-1096432742
574587508
1521959060
-232083239
-1304473170
-1599509704
358411047
-335347712
-166473494
-1518967828
1311326403
771364991
-889732969
-768678222
-655825748
1859446049
244471102
-1861954712
-1239343112
1805930652
-1430730478
1273817351
203974937
1433794441
-1656111187
-494145205
-444116805
550467247
-1230065409
1045987992
230352848
-1634084473
353668994
-17007588
-1251020056
-596185860
365698482
739221552
-774406459
-1982694799
-1202346308
1190588675
87468590
329101064
-157086091
-2041924743
-233522941
1656959777
1331063949
501169232
612222097
-45697503
141731588
1235938180
-839279321
267055732
-1638481956
277215733
-819482391
979725780
1798556175
-194577082
1848773603
-86541878
297318851
-1031191033
1894237537
716716149
1236173755
-1927775211
2105568893
265529737
-1175306223
1271864640
-619751944
1002374042
-404601822
1470874159
868660557
-2090672742
2083416008
-1178907264
1956125443
859827360
793438670
1144285491
-2134858174
-1004840470
1338550176
2047014472
832890793
1930163493
-1446208446
430461605
491354974
2142357227
2081151619
-1891657411
1290973286
2012596108
1800435313
-591183761
1799803189
-364397040
215945743
-1851540821
-755768952
1647086460
-1587805883
-107676325
898819443
-2024839596
541735191
-1468853761
-1953495627
694995553
1596816921
1148982682
1921000787
-1953095500
1107068450
-618640820
-1262371741
1002005482
-1004076737
-40952000
617614376
-1874312016
-985743893
1395806919
1301086303
-1450274167
-913154948
-1615424827
1480020440
-1224741682
-251968033
1783840587
1711783495
-1363083274
-603465337
1794716549
-3577509
-1892625641
-591001950
-1440040746
107920144
1534781869
-469646195
1203570753
770002753
92487065
286137994
904265226
-998192512
1560892779
-2006530384
-687938660
-1233278935
1710226147
1474520098
1871672237
194663860
1785419188
1159008387
1103264927
-841601205
28274316
-1359365975
228050217
1900753308
-1529520560
1723356304
-1606609098
-1626311441
1515040172
-153867632
1060279565
761316730
1352313034
477401554
-1619215183
656534772
-881480864
-834541568
-261571190
-241270425
-1490114320
-1758482885
1653474372
-636662454
-1924827829
77005138
-1191042826
-358701874
657494358
-1652301521
2053270407
-1183237000
-1858240496
810220436
-2086073779
-1466608401
-1280120877
312798727
905527030
-1929490409
740099033
1122448139
-2065097301
200278877
137439745
-1379783024
2056065650
-574203052
-1220712237
1718554027
-1410606893
386606209
-2098888255
-2035323511
-909653570
811011442
1413399471
195820961
1360307115
-1283967467
191924661
736006441
440348930
-1197350842
-971546077
-737717302
-1998688066
244192681
-402316859
-1393289834
-1396955828
1840469689
-489134233
-321134023
731704760
775792417
-1484106853
1686132590
386813195
-207910070
2042198201
-2056687947
1426277358
-1000027340
-479901914
1386720834
1399742610
1265241737
-1455588903
1137964344
-661493549
337225199
2145208091
-1983686890
-1045364069
-1705568867
-1987946099
14203505
-363790716
-240634575
1045157231
-2059063581
-1379129151
-1569457985
-1089606114
-1658638781
91145278
-2093205715
-393556002
1114127638
493949956
-1199767107
44687834
1986764356
-323643678
1836146922
424846440
-1720185330
1555880265
463899256
-350179440
-573982657
2062156151
-2075925306
-1451584050
-1514611295
4291032
-1786811546
1307422487
-203105102
-612541016
-300201745
374149145
20615575
-655782948
826456593
1546793415
2062303569
-1372355518
-471233047
-916321004
958432302
-1535610137
-1422731371
964800253
-2122259583
-1969353288
-560421621
112298189
640163477
464070763
-237514970
710344860
1157319390
1385112223
255866625
1775240728
-998751375
1563268161
-1271200632
-1606111353
1287068597
-991568846
1960688203
1200038668
-1123841702
-1693420250
-2122698091
1513246760
-1957791350
-866765617
-1081550403
-46383741
302466399
1580980537
1867233723
-2026311956
1173305748
403605623
1985882877
869738398
1198613886
-1440340353
-1773257093
1525714117
-1657543364
-1503877806
-2103823095
1612377152
-281601235
-924339361
-197290005
-901731417
-701854558
196373545
1470023342
1453499278
-1192864300
-1908740313
1835470389
939911947
-311203560
1790574826
1826397457
-1644931211
50072912
1848187525
-1208555242
-1323387794
-1851699292
1144097576
-1545905622
1163655204
1942576242
-630878194
-184988064
-139397165
1564865410
2146862745
-2116433084
1803575437
1324444542
-140927814
-1675071368
96139325
206829728
1381802902
-641695873
1273260777
332016301
-501028762
685903064
-549377994
1942017569
-342083682
-1604276658
-1631185615
1881791659
1745251921
-1478608242
-2069162420
898664667
824982995
708406778
1393407397
-1167363815
1410991519
-561936196
-1776195186
-2034952743
455862139
-12764644
775896905
-189550836
614889945
1172598038
-1057034733
-546579239
-1304576896
-967718361
-1432381853
-759091316
1308898155
2095710823
1621537139
436386510
343297009
-2021378084
2147480831
1523656726
-134975451
637540108
-732876980
1462697055
1514171519
-1456769581
-1612619925
-2124217061
2058947515
1583516535
-341668418
-94363545
-1369895679
-1720510983
300034235
-1897606017
-1087580091
503054509
1947986415
867723891
1849988336
185098252
161974086
898793498
190744255
-667035959
1639560329
-661306041
-1293953813
149141537
-1011533529
-49162182
-1284497526
-1484162185
1162944055
-1093569191
854492981
-362261217
853883069
278228512
-1665332503
637864057
-1015114709
1781209940
197746738
1582581570
1282507051
-1953481090
2139662725
-671796698
-2026419045
-1636333929
-1634881811
1480248984
-859708711
407120895
1505197290
-1258912282
-1152392385
1418647476
1517325717
-1451032185
-1552947215
313870783
-1823154168
-290457417
1854539221
-1558613263
-15228420
1948566341
-785200926
1774974415
-337162318
-1931950677
1710960798
1739145930
-1676055017
1922959967
1722118369
665830323
1708475170
-676619160
-908166434
-540489107
1426534529
1171945267
2132316771
-509266205
190616691
-752803930
-920423585
-320206788
-1146989321
-1761133963
-2031957083
1324895565
-1763804890
1049342901
-934540049
1902061647
1679783133
-527610962
-656352476
-306325039
-1098773858
-1519477516
-261383459
264701679
832104375
514584504
-1021844443
-344609084
560946852
262827611
-78062208
-1718123748
-1156389967
2104332099
1319879470
2128058478
-1692061725
-933705742
-362471760
-1531993848
330509848
1458625876
-1147440501
2136287116
262870637
-2081331881
-315990453
320568474
856579039
2051034561
2096463562
1310346190
-1717415884
-409830339
507678386
-747369491
883728923
-1070474314
-1502180545
328646234
1635195282
344353511
-470163127
-1014713906
-1473759609
1762205746
683927169
-338019257
1261737410
1684059825
-1286724870
1780523073
898056193
-1697269621
-306958613
-615673565
381503332
-213099896
-1412618062
810683132
-340568309
-1647837978
-497547492
1284665710
-2073421571
-278567572
52710371
-582145558
-1456433589
552994496
1085594231
1737762077
-1907231372
-449320715
2138240769
1540426665
829831947
-414513304
-144461404
-921501160
-860098409
1790851019
1337082373
987772941
-1416964679
-1181028734
-511305971
20231867
-1434583148
-1686604755
1774427885
-285531493
2026244712
1611948165
-1648161950
-958176167
608846208
-780702101
905483834
-1807323890
-1931878066
-1299514050
926812694
-49968716
1814878163
-394996884
-1205496976
-716768810
-1299863740
-2074872245
2142903775
2111356295
-256094486
559065897
-1768832615
-1524773228
1922326089
1303311777
-296024775
536426748
-172059004
1838950192
1465251779
-1351760224
-1526153729
-101362681
313943780
-1881132490
574917190
-2082356958
-318982787
-1152051837
244892717
789159832
807868002
1742931657
645794359
-1626691275
863317854
-1037788803
-824519365
-1212059067
1637116026
1744647741
-506944700
871728306
1319857022
633273856
-842634055
2017695825
-1172334664
-839963506
1069205437
973241464
-195596805
1170845235
-915776040
2022999763
862533866
-1787044689
1496160214
-597648521
-1965722250
-1374054544
519742447
516629047
-564084828
-674288894
1149712935
-1959232202
-1357297773
1007008710
-325598473
-1482173251
-1211100483
-1739118623
1724367917
1829653583
604933501
-477522825
-1284392944
1233646841
-1240125232
211425817
85635783
569708781
1710768223
811680891
875067898
854555729
565961916
-741123734
1290728121
-1553117356
480323052
982096636
-645133923
-1021112957
250186277
-1570703096
114784556
-855050663
1869569240
-1999772200
-1474424191
-259241188
-640884240
-1672723939
-1363776468
-1020355098
-827524772
1196266530
1391926102
-840794623
-595331381
-109642172
-1175135447
-23718536
496480694
1260628129
-923711890
-2075030550
824840611
-1791520240
1791559543
1012417185
1225366182
-1751516080
1195024958
-434553374
922730027
-1167202429
-1379058482
-206811258
1053619187
2089963740
-1062139423
-228665655
-1109467300
-732223337
627653066
1001138529
-370342684
-250662103
866751893
1076558290
795661295
-1413068359
-1261426580
1018842880
1352009928
-2147045938
1510316859
1271783685
-910382363
2134336584
-1835719017
1650650948
810953582
-118961260
-105431333
254010302
55797760
-1806442213
689462932
-2083367004
2110887341
411298298
-32009442
578047276
2092980295
-677022984
-783372402
574272167
-46429730
-1976509516
1823492562
-521895213
2017162886
-1084890850
-1029315049
-1379723667
-1054437283
-193930456
979039338
-1330021622
-1409556533
-324427332
1762100385
2061099815
-1115835381
1063734512
-2632580
-1662942338
1748522986
-146586505
-1338237946
-1291554405
-994521393
-421965222
-1891746751
-494905427
1979964922
1685695720
-1171180543
361107873
899540496
-191026197
1978171160
-227047572
-931639082
206249244
-471612493
-847751000
1478596413
866347991
-2000850429
-1406849694
367076254
347541522
-219071969
-64045007
-398945211
1191442571
-1292272600
1137898891
-1294458317
998827072
-1005513043
-671116205
-1783877601
-1816600796
1641625425
1552905141
-1786362434
1574786575
-654765653
1758212662
1346632516
1458632181
298295405
1517013510
997890345
200067674
-1301424953
-52259176
265711664
-702263547
-1275996147
-682123404
1221143972
2128898291
-108903530
1779579979
1746055140
1364490894
-580750617
1914005067
459546402
1977091871
424104977
269372085
-1609216409
1126340992
-217687465
-469699925
971024601
1444340245
275674899
1517753422
907685696
-2052767749
-801293095
1738694920
2031765958
1785538946
-257912612
841278757
-1344441858
640165849
-1210610032
-12104536
-261752537
1142708743
-1215594095
1720590684
1484615344
222278434
-1180427838
404510248
1481075455
261384122
-337101383
-1721584729
351257197
601505429
418324314
1535179256
1004168341
641185953
-1359251775
-1615410222
-933532722
1228489766
-1433073819
1032828634
2036474101
1169420090
-1051536519
-1655247560
-638978193
1090276730
-1819631211
-48987033
-357513875
-1665563402
1338030229
1478446412
1306639474
-1146636691
1258091969
1449892234
-1302796783
1276916921
1004052782
1651540500
-1944377093
-1085194356
1164616803
537035523
-1764025799
312882524
-110229698
-988053336
1579359925
22835355
945346328
1685424613
155295998
-1725414357
148364327
-1033966664
-409182389
896584465
2022031652
1401121304
-254011968
999325544
-1946513107
617591300
1538394352
-250360681
-1900367892
-1873717032
437073058
991039686
1918545911
1313275105
-89316648
-2037333619
-1046500487
-122070220
844934924
-56121362
1052377874
-466653509
1929329084
622356357
-47012100
-23270256
-1874915287
1450886397
1996574318
-2016693875
424938586
-1623040058
851722564
292943139
-1589268121
-168176892
1702402015
-2108664470
-1954789389
1952084426
110892361
1671434362
-1113014535
-1750658425
-258998371
-1377108232
977491148
472096192
1655085733
-1944837133
1281182808
552227839
-189060924
772859376
109195949
536542987
1338938902
579880259
-1758889794
-1418755496
-1172229675
-1162959968
-1778293403
1065647808
1239685630
2036723953
1785242537
953941363
-702333644
1527992681
1157361987
-1169467860
473110243
90738904
-1603161762
350536869
117148071
1857091392
-1588238433
-620732083
925596655
-642362711
80830308
-485527241
1576475357
-888387023
752157519
205537620
1505552240
-631943578
-1882543867
-190316316
1527509477
-2022327593
-1141385934
302731049
1531438937
-304153368
-691061808
-894078882
1926092211
-932850714
657195177
2119785958
-582563392
-2085355941
-1293812710
-1762187832
-704402530
2107041954
747046936
443764059
-1374683810
963784893
-1978295944
641018685
945774565
-1892281499
1346972010
-906204023
-1336671726
1202132578
1570321222
-580044472
-1038459355
1740997661
1119865483
1607838759
758704478
-1560769422
-1174074077
1520865642
1316526564
562699979
-765921813
-129720031
-1858771224
1815990634
-338078861
-646535016
-1753995510
-543266299
-1191581951
-1358407917
-1240633093
1598217111
1717628892
-1300192838
-183279005
67423604
-1544902970
-213519662
110260484
1831862174
527068617
746166317
-450123234
89333847
-1377257418
1316431075
-83295211
-1798314249
-1098322198
1551612482
-1500338607
-1613658113
590533843
784624642
-1487516827
1479399021
-489738318
45233085
-788520590
-14244271
-811615966
678766493
1448529101
-465156960
1849072600
665315414
-115183393
1189812295
1192362283
761231959
2013324108
482590851
-1172016426
-1111294405
514288983
-1849801617
-1864690435
1820458117
2050277253
1124214750
-725681043
-1313392499
-667157633
397834602
1591682344
-416203084
2119956540
-590205492
1795476767
-1543953954
-272358305
-1371120530
-2121517247
1283660833
1077586653
-726191810
-807920972
-58980679
1733148130
1022470085
-1711914399
1457642815
-325833739
-1969659017
-1536155466
692371482
-1384144039
325794124
598367142
-1158600139
411387830
-1322893681
48403700
-1617211918
512196089
1190555893
-804588879
-1305555619
-2068442504
1633242096
-1346950141
-1494924891
-859300520
1579540293
-716759513
1324959175
-641382094
-1025033508
-1011405384
192084107
-221618188
-1689173034
1128200240
317073844
361710085
92620516
1936398767
-1765169550
1580379052
660397014
-1461253381
-1282254565
-214799182
742846066
368597960
-1842073574
-1715669435
934019207
1425853752
-1789525977
838034206
1502345537
1364267172
-1482369608
-1702797850
190387645
1159605916
1183214006
1096976853
-549925153
1575475756
741453172
990073244
1158465635
1721119841
825205212
-2090516347
1412635954
-1470512117
1052110314
-590525993
-1207001866
611362243
-865081250
117744254
1432145648
-1279248337
744622253
530256107
946392584
1587988612
-773917896
1495521081
1703367205
60621644
1011127487
-1152083056
1597602494
-831050392
1588265240
-897584434
-1793511759
9595224
1511393563
811299171
2106271059
-1942319942
1934998496
1419470460
929033415
1062816272
399591212
804037987
693010835
-481840442
-130356441
427229477
-255308944
1302812018
618853715
1419337332
-380660895
-524780451
1212872377
1413119951
-696858874
754405441
-1460033180
18345951
-2042618575
304210772
1185102099
1932439076
754610105
-278566779
-406789335
32473552
1882283662
-1181672700
787358184
-39119118
-1860956147
2131859976
839964382
-591377961
2031559318
1415560396
-1548408674
-623295315
-87317670
1958355673
1885145011
-1909828760
-567402887
-1297021813
-116486447
-2005954072
407772235
109053901
-2123648434
-711665573
996122621
95034662
1565586128
-758806048
-213025952
-2079872775
1067452230
341322092
-1929606147
985103624
1287041563
-1444685583
-1327680148
-1989712327
1046558121
873211580
-714494747
-1301196131
-1340400661
-1049506530
-2130384361
244732845
946357623
-33732530
1435980088
-504299306
574321578
-1012767091
-2138871203
-1119027658
-1224818140
-871745909
-2007090678
-1247171672
438682486
25360393
1685851917
-2088091650
-1317522150
-2123631937
974903687
-1659513716
616529571
-1253222529
1158176586
757998829
-1016041420
1210748825
656925034
-20183295
-359795658
497000065
-1058535666
-346235084
530098245
-1505723985
-2063785594
1959564550
2049610090
-222594362
29957538
345754566
-1810014321
464408568
-1154501055
-1726323808
856486959
-114356568
-572343256
349865690
-856743860
-1593750448
1519027988
1525729114
-1214984794
-1081515612
1893458961
2027556971
2138572585
202259447
300815628
-852987712
-2139253594
-419667746
188265895
1017381048
1384652230
-1763506158
-104162996
513632483
119932986
-1324453990
1153955460
151243972
612533559
-2093953495
273642377
-173531688
-11173343
-289568828
1405806617
-667673897
-921341818
447776935
699000972
-1208254663
-999745203
-675943831
-2016317911
-1909315845
1996943150
457459550
-387108684
1618619042
-250440603
-1031905220
-326859445
1835612031
-438270047
-204015616
-1887578511
1691658293
336800834
817629714
-1512502933
-190307976
-1971084860
356302503
-1843764022
-721242345
-1751376267
619692390
-1939551159
-1617765061
2029044078
9821773
-337943080
1323936240
1010765760
1095698646
-305136648
922888933
818647276
-1426706091
415543625
-1732127889
-73908583
-1046836061
446486881
-620542253
23444352
1146302976
2059537118
-1257438524
-1038318166
-65785035
-1749041474
-1268142550
-1051027491
1845138169
-1389817619
187699236
850734675
-1208566379
1606514207
1210381136
1292214957
1930651594
-199591201
-805209783
-1844210905
1376843762
-1671045144
-1160994191
-1638020853
602660196
-2040748109
836701679
182882922
1516665373
-1492063919
-283888133
1476363018
-1961524581
-376865670
-333665192
-1218719590
267909132
-345779483
1310268194
1282391596
-778952536
-106327335
-841085495
1066846947
-501931430
2093795075
884786781
-505309205
1301488549
2123806602
1890427659
1745336745
-388360507
-855457696
1971116007
839444531
-443706604
1656731867
-748519189
-1647557886
414867631
-156778365
444289087
1824758758
-1482384807
-1205369555
-836281158
1787034937
-818181729
2089506376
-1750543192
1403248471
-1280532165
-1179018890
1555339469
-1136475827
960575933
860320862
-381484118
-1683679025
1548285031
-531775552
-1945149186
428526959
-41097127
1211209673
-1357325937
-1584024820
-1310327315
-202039896
1902106409
746108808
-2007819164
-36028832
826746086
620738493
-2137911871
-1150643489
-273657936
-1953812560
1325939957
-1013666480
1600064260
-1399178745
670478907
-1933547604
984063480
1236308664
1707536837
-1027537001
1193843838
-829583101
-1695244136
-1952101527
-191860502
-1568387935
-906882125
-640502646
879983025
-703307203
1118055798
-757423358
2118106995
182848291
-671863486
1112348239
-1482193094
658734135
1992054108
532031353
-1884535548
156549159
2084473622
-869232540
-1794657666
1359118564
-1146989264
-674704284
2018053650
2092397645
-773202821
-1366172138
-354892253
-192978899
-56372545
1778722413
1987384471
1669196135
194667486
1784002827
819875477
-2002345361
-2028104392
503228881
1838279823
-935129860
-1249265839
558550969
803180162
-2023062789
-1584345679
1562171618
-493649796
878394054
-1713893109
287050732
-198802594
-1042097515
938012577
1658538629
-1894064669
-336048332
-762892314
-1764415164
707459552
1871698422
1014241636
175190197
191762893
1120766441
-557791264
1022598068
-925126013
206148682
189795515
561653502
132060487
-1956822981
-481656166
-616708604
959944198
1067866547
1414379337
1081757954
1316211170
2119851957
-1740009508
-1126530992
-1356269075
-673062460
-846378217
-1420310280
1306592819
2059911317
-927480305
375582344
869594365
1502561798
928311056
623074856
1059762772
-1430304689
-1305718079
-756504850
-170867772
-996160394
132370310
-204823696
259716193
-334832632
98171685
-466999142
-806404849
-158825979
1816409771
-1987228222
402812157
1459168027
-974852976
-814767623
-1684515215
-2138004201
693998873
1800397476
1442022346
1628969368
-1133372163
633997130
-807618365
-527245307
1321833035
-198854994
1156236276
-457215296
-737002614
-206669536
582444190
-910470245
-1691517663
-2018755569
-1235859289
-912995446
728379641
-114820381
1580164835
-1844678246
-400927648
-1643011831
11418004
-1519145694
1480273968
-1457948337
1598790964
-390813897
-239771856
-706691471
-1450158223
1885560676
-265529671
-2092293902
1091209848
-1333864550
1420514716
-521382352
1041274998
1367640933
402120003
1513489586
164641627
954705504
-1422911211
-1292656188
1691407584
-1642025493
-1948395489
2061308998
-839107893
396464666
1208810736
-774229825
1437696881
1598380528
1316915139
2047500984
513382012
-1819156788
754949859
143464263
-886209042
362105635
-310494901
-1613906711
-950340763
-376418193
2146127756
116354197
833815968
-29800346
362067699
-2027843571
1398059585
-1301039761
-258012438
-1436018314
1368088532
-820324783
32131230
-1929961429
-1943591921
1496662317
926023906
-1008011571
-266067365
-1143817810
753157202
388173470
730517139
-550193538
288927163
831994895
-305457142
-1745532421
-1966920006
-1864093546
1131462866
602366506
-363560286
189087173
892298555
380015595
-2135659613
939439512
1965619098
-2072255122
-1428152793
1922923534
1782166603
2057325541
-1120305537
2057674234
-331296264
-281227142
-38136642
1351811354
-1509068262
-2062315389
285661925
-1280540312
906728895
1975258356
-1133491904
-346353744
-1236985202
353402133
1773946126
-2017745566
2064057352
1120372
390976871
-918806103
1169921296
-1268937700
437830234
58745787
1401814444
45354758
2098037333
-976341390
225747213
1105775055
-1383327287
-535568100
1837840332
-4225621
1009963278
-1736019570
-1401531786
87873177
-1622678397
1184639
2099118154
732116184
1447793401
1286080786
228957760
-1180452456
1865559633
1293621428
2120421965
-997100811
60559971
1408533544
1391982309
-1964932320
-1185176031
-1699160865
584284865
-1959690530
-201864453
-290109044
361494754
-1867464906
651910789
417534200
1626049748
1382062694
1875423831
-1661436398
1786455863
292206614
1228021301
765161801
-2129926533
-888408880
445059182
773534494
-2072594454
-1215985490
-1281933176
1113349108
-1362721557
-2006096556
1042540573
-855972566
-92180348
-254673120
-271505921
794015595
168421664
-1204488800
891809698
409487940
-1269263726
-509391036
1048261819
1940138230
1876708441
828980308
-1081534172
-256544627
1029560357
-1320512221
1826318594
1462147888
-1231493991
1275627397
-864507095
611921083
-954957741
2022713213
1823045054
1734743178
-438224600
1790236475
-1985222371
-1881024361
1954769843
-971720124
-999721731
2127551943
112494353
1056221170
1457605586
-1825480320
-1609676571
2143572255
1631332466
-1437468546
-2074135134
-1747808995
-1834726917
-29579545
-1382559480
-473628184
-850998798
-824056420
-1154196754
-102392930
328315055
-1341642543
-1560341438
-1903458514
1343515641
-442123297
1044598862
1460446288
-2019652628
853280344
826922556
-1224760652
143845923
45715036
-1854187812
-77185410
-517759214
-1905701846
286128803
1155158000
-1567790669
533406457
-1846588426
743416424
1873767780
1658491656
-1796472408
10995341
-473535985
-788137740
-1976865343
91509701
1088475787
552201800
489460865
-535343895
-283941567
-1609982118
-53530716
-684155844
-338941166
-598332844
-1479335450
1552079512
-971243400
-974890096
-2082660663
-1459038743
-139653909
-950969559
280464020
-724006177
1151257733
1649156046
-1082992993
-1990752801
-1528393752
-557663527
-1250370098
927981370
-1973578145
462410144
853214554
72631968
-40622525
-1334454263
425403863
-1835740714
-1961670753
1207623779
455835761
1906672295
-1188231914
1838224500
-714980231
-1185761257
1175803652
1587882958
-1092523744
-928055586
-1392763676
-1393724570
-1724129407
-699861740
-108869391
1927887462
1915576548
1378825512
963551759
1512683585
1103781184
-1437369322
2132983786
-352665592
-1881027071
-583172392
1652237663
1335022844
308474124
823206685
-480994021
2002220131
-214618113
351473464
128138369
37464223
-300894275
-1810774693
817082577
-1911801477
315261993
860405252
-28198267
2027818440
107930672
-1481230922
1565555454
1376293416
-1179534835
-1795972628
-1483245472
2136946985
-705954872
-1473511094
1084324793
-604346219
2136094718
-1588954347
-125260440
-1441699833
1669866216
-1875967515
2072875964
1332487361
-1955500139
276688281
-759375909
1158471357
-1100973702
779796618
1177679076
69145345
-406355412
-642937854
-122473128
-1120258249
1469679467
303409135
692429493
1356601980
-1663830686
-106712621
-534918301
1776811895
1635432748
-2132801794
-1019444524
842318766
467957658
-767414785
575995878
-553277420
-1563628493
-284105897
-611582581
485396197
75478139
434748784
1366671787
425575094
1036913528
-645227571
817049160
-921527609
665205105
828790145
-2031337245
-412512101
-1035224072
2016500453
-1612143586
-1478780214
-946116053
1042955909
376256418
-359145195
-2101929674
2024626522
2140123714
66854331
1999144219
-1780351426
1855963744
1847672842
-1941732939
-717033316
1205293199
-2131286984
-1484015623
-542436762
1459210361
432239731
-765299841
-425034420
-282817533
-880474314
-393919424
-831030486
1754330286
939413213
372144289
51515841
-1305835712
-767644037
439661488
2137527721
-706593374
-525613077
-761846868
1471346822
1506937612
-888596700
1421352138
1445447289
1406271070
-636653871
-27255754
765789913
1934796497
-1627706847
364869463
-1466862557
1013358286
1806247899
-985318569
1977204526
1495228701
330818228
1485177058
-1440034398
-771765182
-1349567772
1909831725
1265189803
1569257507
779535606
-1729908423
-818022168
-536067602
669233631
-1579654056
379263145
-499666375
-634084270
1718140656
1318835546
-729800342
2143618898
-2025129858
508868409
-1445020072
-809059832
414528477
-2142151089
-745678030
1743398102
1749971144
-1596461156
1003168927
466226091
1786679709
-1764122220
895723303
1888596377
-929924765
-320566
-1020246320
1672028580
1022723598
-1751736853
1408208140
-1684229925
-1491997951
675619309
1850994898
942804397
-1988251693
-2036667001
-1930691318
586051700
53630805
496453347
-201590483
1500954966
-1813417260
1896759441
-491325396
-1737767091
1821943194
-2091986753
-1883278959
-856574845
-1012147013
1622583207
-1263154972
372483042
-1186676979
151550279
2015192911
204004331
649238903
1248898647
-1639494780
-1360336185
499534702
-529551240
-1954860066
1598615451
-2066090051
-1197455959
-1450785082
-1355438816
-878936700
-1010585858
-1284743848
-1401749134
388824450
1239711378
-1453239227
-1967685849
-367857770
-1610852163
1206257402
-1581882462
1784908930
462951554
-1128277759
-2143971671
908955634
-1464275125
-1908411993
619765557
-1336895812
-555169833
-1295544865
431200649
-696935063
2002949235
1243941990
1645165190
-936221964
-1500542873
1181947943
-1364839364
-138824751
-634610509
953521376
-1519906876
-1843994320
1920167931
-301583868
-141242292
-1743591294
584888766
962381795
1831531378
-1245311172
499223758
1226695432
-1815829802
2109798106
411354364
-694410783
-1038226710
-505123546
-1690076142
241125541
449252107
-1213236039
714658309
-498192527
-182242603
-1405124158
1526649963
-1207505228
-184205134
766920453
654995754
-765268531
1413567924
-1468633306
1265066098
349878258
-1079815515
-1226396120
-2141963796
-1671972013
1193775707
-26175697
665725235
1363170942
1901360463
-461897075
597620098
-596846587
-2006412688
-967553029
-1409855313
41571421
-822435531
807733542
-93675176
819623433
-572165904
-1276139411
-679429029
1011723254
2851178
-2062776343
1986347403
-748201431
-937226069
667237549
-1677488225
-1080954729
1022669336
711385678
-245791891
-1509749677
495174339
-1875961179
953841241
-563214610
-1619439874
-274545197
1046425607
423991322
1805598001
558478981
129417047
-918327920
490918381
431679096
-2068353390
-1913201357
1177739584
1318645567
-1343338784
-1786112651
-1923137206
-103363773
1610536701
352284665
1617187344
496575243
-1934872276
1981729402
1772531344
1166584510
1285510251
-1151006230
1783651092
1554928613
-1852934937
1254501342
-1430125365
1094342516
-1700014158
-499873240
840967829
102980618
544880050
-488229691
-1211291875
-1919206281
2089802204
2088470009
1964950572
-1691667841
313585314
230184120
-475111620
-249468451
1245490857
1874028872
579403596
253116298
-1368363841
-663349213
1534925810
-957370050
-1128356084
-1119869151
-1894677066
-282214089
1638373766
692216022
-1164836964
-726478280
-1184627798
-1914406344
1028873730
-806928428
-511044248
1003564677
-1306902868
692565739
1054848862
-1303530141
1823256093
-1402858891
-1106468279
1661990728
1397247528
1312604286
705821112
-1374084068
-1791241787
-782175375
-1886102014
-649031653
-1803820504
-2038422632
-748639879
-319489280
1425588495
556901603
-1537028897
1454941535
-1694811045
214783207
-121012456
1405016146
388286178
-97213143
2055779361
-1678261417
739756675
1152091549
68685632
-104737672
-326465671
-839453847
1651098748
495316652
1775768820
-1727057938
2146016592
2021007997
-1605871899
-2096110585
1562055835
-2115187478
-1467941607
1408283539
2036907481
-362528626
304013193
271910192
-1457099880
-1277338367
-1147646993
308937290
-1612003036
1678620797
1149114524
1530270547
2004638596
-552321084
-1841655672
-1725080493
785980842
1811771457
1506446507
1255341475
-241226779
-850489235
1541295754
-1251533580
294662809
-1184789900
-241897452
647887510
290493490
-1093579497
-1210155858
-2040752393
1008630358
1255200468
-205650037
-732189591
-917748135
138760003
-1553575103
73007399
-418573067
-1189227838
-591339879
1049843097
-1512486598
1978258516
-224892250
-641633578
932991683
-2074527290
194858520
876682603
1530667818
-1302358509
587934161
-1421021094
-518125891
-77191671
1729942200
1574724709
-1353460623
-1248955605
1056212173
-1126856821
2002233622
1220657369
-311708802
2015635667
-890527284
-1905809490
1503595320
2016508999
2098612661
559973161
1715501120
-513574077
1183559403
-1333357170
-419281214
-1141144337
-1252109644
-1933375986
2097917994
-1440742647
902981876
1290935589
-778540622
5576423
-522118430
1067737923
-34994117
-966487364
195084542
595625390
-1161081504
1341506329
-593344446
216278438
-850218552
-1323709257
1889744535
-1465911863
1133691068
-870735245
167182986
42846648
2008815865
-820062311
218214975
1367702523
-1809963322
-232730012
55113125
-484454879
-474944697
605299397
-717213717
1459922731
-1700567789
569508195
-465099726
-848014294
-972067323
1997159139
-1583728253
1167175463
-1565711793
-193852568
-680621566
267210818
-177396524
-645484963
-1235013276
1060121885
-142453579
-912087439
773099165
1439058554
-1629960148
-1617886749
1798663390
-363830238
1031872665
-1774575873
56444862
-1750225144
-1418425382
1002026215
1308237494
-1495459410
260507359
1623598230
1304923091
2064101064
1537389948
508384802
-166456922
-923009506
918578049
246130241
1312347262
360492982
968786695
-1423595507
993473241
1195550001
-2072429556
429244171
2125656342
1555385717
194732354
-1781869207
-1430852497
-2141057396
-288793053
-2044349818
2115864871
-463083061
1464103496
2010559928
-447393793
2055913014
305516027
-50988728
-103977234
-284439261
1689674762
1103897025
115151120
1158374684
-1549695778
927096170
1085522397
1073600265
1670223563
986994704
1477463966
-219407986
-1356365912
147269384
-10559203
-1884111182
-2132634718
-1609272973
1387672220
-74965056
-1179116211
816404675
-1623773689
-44113039
1187959547
-1735596674
1859211884
-1402453430
-57422511
-1015415742
-425615702
1531686211
-1806445802
515186440
1195963240
-1109411159
-84079026
1889959596
-1024319415
-1114997436
-643924345
-1253760852
1670320221
170764732
-1547977614
501751087
-1739077158
1155870264
165733044
954153289
1527592203
-584769465
155955198
1401184637
254598791
-1171380989
-516147622
-460601214
375531686
1352513395
2094050248
-1133466038
424976433
810676529
-1300942839
-1422322881
-1447401384
-1339115188
-2127979590
-1918182449
-711921176
-1915978385
-311645021
1555114026
-1563594307
-319366846
-1665326256
5825610
167365236
-1872506864
-191453727
-1464347597
-1404445339
-1066238807
-1982235618
713138300
704673488
-1739957367
-1528203058
-146626803
398084437
1000510265
-1497258936
1785762857
1068018857
1242226420
687832138
956106670
908923782
637927310
-809378551
1226230427
-1696502557
-522201455
1298458504
1200249043
1730733157
-1104703575
-18515668
804963104
-584600044
-581403583
-1857288048
691547514
1824000337
599950701
640154518
-1886818936
-757266681
-1771218934
-1675507010
-1877832346
-493576415
-239096029
-1170504262
450508456
-1896107717
359030934
-1782805183
948717982
-1379955557
1418530806
1295947299
-1908923175
1762851682
-1892373581
471812509
1613586670
-653505282
932321400
1778063086
235013241
-793439262
-1071534380
923470377
1761178724
-1704228231
-87920869
-1719092147
-1951161240
1690358615
1760956302
-1227313006
-494908460
738101425
2140227769
510440197
-953539955
1613844239
788136988
-514519978
-1647678891
-1153605825
1120358669
2039521008
1920288847
962411404
712066012
748241226
630436546
-273021904
-1493359816
1051388284
-1228409059
1137712902
-2123069488
219774485
-259646406
1917462147
-1984146883
384983083
-648436506
1076319207
-2025153762
-1989934414
-412715359
1822546095
-1148649084
305603345
122349729
144497485
-89982064
1531606770
1701134109
816384794
-111800997
-1883577511
1608455879
-198574197
659819029
-479227656
-1392147303
370529955
-1809464464
425882048
748482004
493602472
-495006914
426970043
-397681595
605394713
165227352
-2061853416
-685223222
1974678750
-1841678398
-264901241
791111188
1276040641
1886379788
-1853202233
-1796792915
1877696284
-1272439558
1525751420
-1152982724
-775552044
-1153797273
-60005563
-255658489
440356229
-1600811675
1025003278
1691078842
-59833090
-1883148119
-1037450078
1402617702
-1331057169
-1710694106
339947139
-1081233461
1400211937
-1771906313
-812630787
1815221722
232281701
-1822472575
412545400
-1260439948
2030451344
-253211944
-272790770
-541369736
-485648474
2027676258
-446027683
1107799548
732082452
-946367047
697971357
-63123495
1256808355
852132053
2031937012
400708973
390743018
-1417673110
293440264
1047807643
507784196
177722767
-2141243946
878040598
-436100989
-486136416
-858448446
1560336863
1837485220
-1786688412
1851777774
848676875
1858287043
-1812983183
-1494657842
854080457
-1541278191
-901879346
-660763141
-77576541
-115183997
611609306
521763144
1405686276
656712717
1900395373
-363588589
-1297509127
1261157392
453887036
1244201436
1280074299
-1292350448
-1316005759
-2000665317
1013437037
-1639223127
991212507
964178253
-1851257183
1473241027
368505458
-290198961
1987100448
-1488623100
-1704827042
-599653136
-347839894
-1218535546
161445193
456400065
1369149563
-1803056183
-226636462
2017030958
-1311330736
298302699
1945778228
1813769169
1217975720
1163987478
2115325351
1746926085
-1753025265
-1024471752
-816595450
587027386
1328704535
65569785
1237783089
1211071880
-858347544
211422186
-821557836
1606059013
954565627
-1164251655
-42344664
426866267
1051620130
1828416813
1824549593
1368487444
-1039616821
-167949170
-909608024
777875511
1499011716
1286439012
-27453901
-57420903
-621796927
30097060
1396812338
-463939476
898196957
-2111102297
-932446684
-154850021
-1866355106
410802205
729723178
1190272090
1407786365
71369024
1531934513
-312901512
-202685724
-349549492
-1504545961
-1158604809
341776057
672918573
-344566649
-1748103330
-1469243173
-1088296838
-1617749915
-1198074804
-430288790
-220268382
-1085826959
-69827120
1617577869
-39264668
339756390
1839633912
-944496786
1508602756
-1079790365
-1973915481
1571874953
1505910459
1208477005
-653116501
133917478
-935025682
840784882
-1427176434
992799779
-1627618397
-1905557134
-1822167892
1849358839
-491168336
-1504976806
-1062129146
-1418295821
-745501900
-1257756143
4134740
-812855863
1337811915
702096887
-1875636000
-1913726638
-1755323908
2059595466
378716049
-586379125
991730422
-382918068
872649157
-1206080032
-1869087364
1977345826
1180114276
1878724781
1760693276
2094591231
2047575857
356201473
1174865574
1227475713
1139837795
-484127324
-292768036
1176723546
-1716847756
1244453210
-26520474
251665203
-1433287368
417174633
321664008
1733904844
-1351887056
-532402855
457684502
1854003687
2016900639
-1524421638
1841244198
381889126
1352194014
362075563
-318337529
-429731021
1595348844
867766744
269321714
1164085087
-701770167
-708930876
762690559
1985574285
-912580861
-1437645176
1928896730
-723989871
-1278321392
174347354
619009974
-154977709
927366622
-1224332782
-491057280
-501632263
1290178344
1723948522
-42779816
473800261
1243180683
1944152197
1565679164
-53783238
1055546969
235830066
-280142330
1530243589
1968280491
-2013530511
813470104
2104863771
91427260
-123124555
-1074463148
-1649407330
-1080072587
-1215357589
670267602
-1897678588
835394627
-936414149
-2050188084
63683066
1948972336
605984909
-942682019
-380095355
753943345
-822064818
-1065695638
-1245628565
-285085252
-1772371725
-499239840
-1334325552
-1606151010
1809186237
-1645498593
610291747
-355921910
194103870
-756030667
1594556474
778350068
2120829468
-1292133297
-212961349
-691358561
1756172053
-839823381
771320254
451400309
-1504642493
-2045501614
780644528
-977472746
-1523618400
-86997819
-299842182
-588099150
831492555
155590646
1524892897
1993923739
-123489269
-2009246279
-555129041
1575337493
478216340
-2002077957
1738771987
-736289168
-1788732151
2139972338
-1514517307
-761367720
1226467138
-1592469354
-2059202963
30797931
1136122958
-489821361
749649605
-1292112628
531491771
-1973563665
1813715196
-993766538
-1060914412
-1957859615
-651198243
1353542932
530881962
1607894179
-1416902096
-1786863601
479839383
1372004721
1028756064
-209915353
-2099221760
413638466
817303645
820274373
1937769113
1150954743
555515587
781352529
-88595347
-1859491374
1376486459
-692087615
1180060127
330744868
-2095432159
1466543474
-1178627605
1568968522
1394725223
-1326643654
1719342769
1697318105
-103635528
-1535927363
1909298996
487630104
-2102481184
245776640
-507545250
2021239470
-1307285398
2124356667
-1443731385
-1386379876
-896833654
952540402
-1690561866
1512345964
539862845
-29278394
-732967449
-355566934
-938020178
-1524256632
1176051854
-334166125
1551241691
1628973326
-670729701
-1540999156
1232182392
945885002
1201379904
852226261
231511827
-2073937897
1470327984
92710398
1515535992
380590166
-1643553496
-1434208103
-1226136234
323189689
-657168462
112163760
-510916574
1033278686
1245079848
-491907975
900660027
653490847
372405239
1468377544
776460110
-1046485336
-506647259
1098356420
1170343931
-1955772087
813135252
-584215331
-1159978824
342001292
-526130297
-1673850627
-499786763
-1197739894
679202917
289546237
-660838271
679482106
129040061
1158596186
1946396972
-717413366
129309834
2079491880
-287225172
-1569968527
-1737448009
1221946950
-712453180
-973846332
1629940452
286329298
1970672546
-2045153783
-2083700630
-595786017
1432720008
1615317897
1626839452
1868326245
-655300433
-85616662
-1277356976
1666545528
224337767
1451411324
1964718237
-527556675
95912066
-799067693
1879503077
195625752
338130930
1454701717
-1245282795
2146935210
1823632305
1740529556
2069883947
-1174369542
1261219296
608900638
-1734620424
481829233
-219091661
-2027220588
-179032281
-557997813
-875444341
687423801
633618301
1138056523
1673487076
1697284939
887935585
-587961744
1102262385
384963415
-630792289
1572939237
-1426964988
-338818615
-817575320
-592489987
-774325837
-1146896190
-1607481443
-233457441
1399294904
-864210386
-1174477748
1040616126
-1997067623
259367700
-975605638
-208475315
-2080305784
2121609263
47108642
1706386034
-1390190325
-465563714
-1326840707
1839604793
-73866785
-1420321640
-446216316
1192715275
-1181154790
1366851202
353813426
201795358
1521663119
-563969084
559883790
-491304401
1031191157
575406074
-637568920
-1137463697
1609281354
-2077506521
1373616610
-338050630
1351749364
388105231
2083781554
399758862
-1704295894
1777974469
-1322383835
-357696454
-742081263
-1052675966
-1565144602
1582388693
2077400105
-183284808
576790912
2081297009
1012247402
479332198
-697850080
-2094298095
-1585742934
1000414381
-1814584673
-1023854889
1012886081
-793502301
-987933760
1037195265
-1561411858
33179495
-851567435
-1154369514
878068732
803774837
1044205800
387040348
-1309754208
1618361915
-2076660745
-542583924
-66069083
-1618775828
589739263
660111816
-561533878
2132675731
587305500
-2103289908
1005479786
316801130
-640872400
-1738329756
-538091811
1708582252
76473060
1220155165
1091656990
-1491054296
1815896300
68583231
-651720915
1491075543
168902798
1932863993
-240265545
990263216
1677138020
2039614686
-1362193805
-1698836613
1440589919
155779472
1223715022
333902436
-1671418096
1220946874
693833929
-1242796271
-1475064030
2067941955
-1945463518
1030557686
-1146926806
-1273600065
1305062833
-1577876761
1368821155
230006313
1011731221
1468835310
-1110643917
1322443215
211138703
817188190
-232923853
908330893
-1535772627
-216672472
33865326
512916029
-1521730262
840114028
1048962087
364729197
-1048205164
1923197523
-1776556704
-1934111917
-482759633
-1522460901
-593784231
1781150717
836089753
-1563217805
283205718
-726993972
-1510730834
543370760
-100446811
-1618463966
-952463315
-500761761
669942239
-493735590
-20715621
1347262437
-1542967699
704738552
1398865255
-1110776765
1373467470
-2053944543
-1976739250
327315703
241585174
-257275315
1204062977
1580737056
840681785
1877462074
-1826863868
1019657368
-413001335
1586402083
-857639464
-74862521
1070278653
-1102180815
-76242852
2062070710
-1883319885
-1575423694
109325423
-691469086
358742071
-1482615928
-603353894
1016161106
-1922698235
-1103246749
1431854957
-492103829
452864844
-2069810638
1279060839
-1472488701
-674115340
1410603862
-2011586022
1534572339
-912519198
-1757966824
-943094321
-374723727
-1383258502
1992694237
419928806
185938397
-1717356955
-675388520
930727745
662140122
2052705427
1862510463
-964705309
-613266976
-881105533
-1776803328
-1211300653
1821918607
-170888766
241210358
266255174
-1496810232
-1659134288
-341879272
-691186180
-1293154184
176908169
373862321
1644897258
-361719051
734343843
-767990635
681049368
87311244
1177452276
1098100307
155981260
507751322
895280599
873862311
-1067819032
1611490906
-1965165297
-1308436174
1347231376
-138271297
689186059
1860561516
1371901967
-1832720252
2062970731
-508390951
-1905143302
-847547008
2069121475
-1802415750
2100978582
-501696450
-1609037667
-1261853562
1239083638
-1536175411
-48369980
716871513
254811496
-1738278701
-1630114625
-72324436
-71370350
778463208
189682843
1234482694
-912808489
-7532256
-526383634
-2108048014
2012784766
628213737
-964897257
-1042747790
-1539484907
2060782104
-38913846
-941115341
1928104083
-31673027
677539019
1625633537
1332429244
-1753727682
-653217543
-1674163459
589853641
-554092509
-1208138355
-2125635060
709770567
-192392402
-786055772
741711122
-2040627905
697042222
-773692166
-714518433
-857786218
-745041388
-1626227209
2034122601
1671262647
-1513212986
-160474129
-1062624325
-1152166290
-49316813
-2146984538
-758567123
-1092032489
-1900067674
1406012433
-1547862699
-682327561
1682751071
192176483
-1388992451
345170409
1405188191
-839091129
919794773
-1450928324
-1596297597
-1453341847
461817771
1559821275
-541428268
457882938
1820090457
-1408427090
-479815139
-191635468
1162018365
-1954075072
-1674428228
671145436
1594127343
1430095522
-2041961283
1952313798
1826575087
-165536370
871006244
-669061154
2033919774
-1082517042
-1161955703
33169060
2120250735
-732235042
1302861034
1785273400
1661301214
1912424912
488078012
-570666025
-1457807200
-804326289
355008579
875677605
960091803
-64112985
732327459
-230149460
985746712
1934898724
1837144630
697550628
1066646710
-880102344
-1257374306
-43381516
-853822559
433486337
357832734
-1441880968
-1966630140
-495885622
1412641957
1818423685
-617930821
-301651791
-625908949
1438053033
402780749
-600025206
-115688512
2017052855
-41283047
1689586179
964312802
1131197057
1717245902
-109062904
1330636558
-1260158745
1631793952
-1676180120
1688059801
-859191536
-301346888
-983264328
-1951460161
-1621865737
-2021452437
-47615369
-946204420
1220180521
-1067534418
1130568307
-861054054
-523508020
-3159991
-2131003030
-2097116021
2045907171
852656459
2061608691
-1049130632
-307298353
-1716504003
91620254
1140203545
716009496
-1229914982
-1535728038
-1115524665
1585420653
2112711549
796572695
468321358
1802883305
-433392996
852606380
-1218016248
-507081833
-1160286091
1921359865
-1426275546
785745208
1591267270
1871536720
-215948720
-301985981
305677377
-131096816
80842353
-2010067924
955784832
1785397907
1091784651
1792891625
1121872694
1278528585
885253713
-1472940367
-907161177
-2017739228
-866250955
1634553606
-1695980199
-471851465
733712318
-846324747
-405315829
284667545
1819056479
1660826268
1531048166
-771833969
790158085
-992305684
322218482
-926564375
1322242992
-1094025296
1474829515
985460652
-1787610555
1057340878
-1024148077
-1443489551
-1749053791
-826097717
1275145002
1695445772
-1155258383
