1403344130
2098076791
-1203449239
439419840
808286249
-1133464351
474429470
-526712527
-76819256
-29205658
1412133386
-1586460300
-2102415744
-1068462385
-807790853
894567294
698384922
607826903
104765473
1269464553
2029063043
-1933361958
208724140
-1878655038
-332519401
-1394665268
-1108948045
-1657040224
-501016287
-1076322965
28087383
-999990791
-1830753630
-1518706504
1458676776
1651657648
-351337903
-209078877
1613325255
667049457
1913068259
-1373650940
1708519883
989281857
-1080086644
1844138962
-1425218584
-1070537264
329784260
-447409266
1009022542
-644964591
-196086962
1193443840
-1913008818
1380077708
771970677
1372322597
-1473827517
-1945296654
-2024192360
763676775
-1467265873
81381489
441007849
-818691058
-1863244636
-2137382071
-1314679439
-745652234
-2101746844
131258783
851470423
1517167490
-1235163829
110702737
-270951584
513242320
-1479813139
-948676470
1942530489
414236973
-1965593733
-1160459050
-1540796428
1618286795
934491754
-1142318984
-143764912
-1671589455
1386590037
667194427
1904599869
1097565682
-1728356062
-784600570
1736404510
-1180958431
1936899428
-469194380
-109262256
-2095050493
1470640384
-1182361180
1314200170
-1275269754
605839122
-1569426355
-168830010
1886530546
-1482119663
945735188
1120070208
-1380748962
2077512496
-129847263
-1069122499
-1587128220
1941907463
-1683347729
1205754606
137133592
897324658
-682833309
937941718
-1249056203
1543591609
593341216
1569740937
-720419175
1518418928
-614493927
-1575993931
-896624141
-1991152991
249468774
723702374
-1913620038
1857836455
-1828245157
-1923916155
-1077352608
-982309540
1677716695
-516137055
138562759
-1525388042
-580090407
-77736207
-886813709
-643935698
1221992280
-319032423
38491649
451480354
1344124243
331849004
2123251032
-810494341
-153412571
-635002254
-1255262435
377803218
1490821406
1795788906
549519340
1415729743
-484663216
-828803695
-1890838588
-887446637
2026480550
2028475748
658721090
588992727
-1267802311
1567707172
-1718882287
856644693
-2020663578
837075673
-1295404384
374474982
98400539
211477400
290497302
663886316
1716935409
-678879737
711195522
831434097
-1059798656
-876825567
1881663831
-87747440
-340708243
-73636042
1965038614
-1132900845
264066503
-944952011
1903954764
2147026781
449321747
1654027821
-586340417
1351829386
-2029780059
2045167121
-1512936476
-1682102060
-378937295
-371087685
1506279315
-1921104840
667418528
-1884539341
-899620099
734376792
-237578969
-692202192
-604252963
32689315
1286171542
1221507550
1795418093
1424686514
1851865581
-86611231
914389915
-1178048523
1718758709
977823385
1272941564
197337998
-969081972
-337806681
1828752640
-877572996
-1416424320
-182677584
-1221245721
-90685956
-1005010272
599649632
-2091820557
864788523
-2102439344
-298829135
322471775
-1111675921
1213878749
1060552301
1676062095
1080707352
2108702417
671917041
317469064
-847058239
-367512441
-1192146893
386686881
-541635076
807104513
-1950493947
1817363835
1397784237
-2094351112
1868865690
1339012909
420595382
145039412
-1841348791
1031500740
-1784714412
351163166
-65534575
1187159274
550067400
-1690770286
-601324452
825619940
-1663124423
-862907654
1662409096
-167600703
-2129044520
1978839959
-1718868318
58144976
830381381
788904738
-375083020
221101394
-58371535
-1329448045
809134017
1018746736
1504084803
-1644827841
-208803378
1596921966
-168214209
-458061528
1658465060
-623024863
190309477
2018357904
-1634377196
520968094
1569676822
487587279
1468656251
627279923
-570457923
305819238
1944234567
-64687717
1528652268
-1578723757
1090173497
435283052
615987909
-1581844314
-277326100
293092820
837511835
814907731
423058965
-1249520252
12222424
100607562
-838345717
-1493215509
590768928
1415382469
-779522678
-573638233
-1446035274
25466336
162822579
-148779720
1734355999
375372142
-1758558122
-712930314
1621457412
389991945
781662324
-2050741948
-1343300516
690489194
1355782911
-173437178
1030704330
-1116689413
940963299
429080144
113127747
164955818
1156330313
-582432929
1395894003
20783616
2019524889
326585548
1225004897
1302962289
-307501887
1741260286
1855814608
128271861
597608245
-1286015776
-284495128
2018313943
1523039542
-2112863533
222923925
298430412
-122220587
-727582490
1271099439
1144224582
645777722
1698039620
148160731
-880203766
698042785
-802959379
-242228176
1005151488
-289363803
-717903704
-684912867
-1261001143
361916097
2085488696
1944796425
-533022826
2014655250
-1055534387
803665211
1734385591
-1610954399
-1210156611
1338868347
1550887282
466627681
156885619
1553563897
1399039382
-295780300
-2039134041
1592780398
-148915634
-408549069
1086558159
2021845121
1338135482
552342254
-1984514091
-598579861
54528443
-524369039
-223385335
1777840861
45911822
681615049
-1931162792
-1432029408
311033244
817872582
1503009982
1851682942
-1176497137
918422273
-333792519
1064718048
-1890502488
-1619149536
2004653182
-1480981576
-1056156337
1633049944
-611044176
1347038240
-1319640853
-1605835981
828170063
956594499
-1448891917
17045139
-156602578
553204476
-162253243
1711590646
1708256296
618426556
1011076150
-65093894
158403668
486311087
-467502871
-444681693
-158329737
1346835745
10463204
-1409352996
-1155740742
931557406
-539156512
1773378235
1668576924
-1048009383
1616148704
1227063049
-1700917975
1753961038
1381326724
1643684736
-449503124
1901431978
1792293278
-750183082
303637281
2132512490
665190405
1580683898
-319026770
-891417791
700408233
986177821
-249137836
1806780606
-187005977
-1045431437
-1921589599
1165389486
1179120670
684145594
-1861979351
391356990
-1276862846
-1863043973
-1725588875
1490934373
2037898800
605765903
287659578
-693006848
324663937
-469018012
821162445
1801822270
-495671902
-119737344
-842877738
-1969868995
-860598172
-235723450
358190403
1065036021
-417700016
957326072
-43981696
-1990669740
1359858942
1592675581
1270158308
-732533589
-1266145882
1692750947
1433152622
2133476680
1637074935
1934835110
-1872362064
-1546716317
-831035609
-915127502
-1319516150
-1922942915
-701904310
617405478
-1644861925
-1516661370
1568220391
1827629914
-84493963
321752574
-369695544
1748982435
-2006108529
-2039458721
359794962
1874077269
-36803585
-1270827910
-489204076
381885704
1266073832
266822304
-1628439197
566155167
1658005168
1685019971
-840137818
-865620603
822587894
-739228452
1731398061
-1403475654
-860729661
2035011086
1489320776
-1951350515
-441973761
-850546166
-1677491626
-1743759318
-260146651
87015733
-2082976100
-1660990505
-426067654
-864420856
-508590377
-1487924998
-1852222982
156292664
139163411
358131166
1970497108
918685718
46780477
1981963318
2064074009
1589809719
-801075977
-1405239455
1675791599
-745089193
1921241003
267918063
-342422901
-1870139270
-836563486
210003299
-641546722
576167763
-71492394
880907066
1837560848
1125548778
-726666427
-1738238420
-1364149013
-115969416
1612854407
1424788657
-1114500967
804070037
-827205405
-1389632058
263715026
-82216812
-67860707
1796832496
948903631
773861421
-626298029
-817302911
-253855677
-870664355
-1135225080
-1399208935
1108037515
989684874
1542084225
-878646929
966335267
-1014469911
-684660913
-1014433455
965400668
-131518173
129764397
-949937432
-1301095093
1229450806
-1122403829
-1483520191
-547793404
-1630031719
1388280426
1807654664
2037440776
-205704285
-1363304726
1773852821
2098462459
-100456659
1737267744
-682227156
704465306
-182923915
952258989
1169052800
-1051220501
-1815997627
-47415925
-1021496967
-194845259
1680770644
-1708824406
331508535
20745266
-467743253
-115628357
1427701589
-1742493182
1935051211
-1031875766
-958369167
2106197091
-99435699
-976179694
1867077612
-1816921185
-1239737141
649799820
-100920850
1556866245
-913896642
-1409206071
-444789332
-479933797
750052904
606700929
-1327366163
1186187730
58526132
1243561835
-385882679
1485208699
-359151846
183942094
1483853235
-261084998
532676424
2059969623
626306234
-384915784
-745389122
846188589
-1030437877
1961046493
163750329
-1742529982
2104318650
1464506687
423721875
-1431975700
1384370113
115573589
-1266019223
257841843
353585224
946387183
-656690690
944557164
-835813850
1727048554
-1278707490
-1529435002
1450275495
-1344099810
2006148806
1223724963
1372916111
-1996129509
-628551869
-1634616726
-269299617
756173589
571801240
1993872539
-1289259562
41035932
-904927516
1208990051
1525069242
393969295
568392580
87210224
964410583
719864274
1305419445
-408232120
1469925704
-1651194306
-1853569666
1986565206
-252900620
1461874393
1536406988
1258236230
-269612965
-921129658
1458832094
-5757167
108399506
919733375
-1857295389
-2062257573
-44409972
-1825963328
830767328
638277756
-1957149286
716990150
336146903
1447352795
-465683660
-237706183
391031845
1122878851
-1235056647
1530018661
-971003349
-82216465
834724852
-1078552528
334797105
105799464
971531808
1917480008
-461031034
-862491119
242719533
-304727909
1494326507
1331058945
-1921203068
545978892
1037182768
834087314
65831817
-1493684893
919893279
-597727304
448886047
-35021180
1602571673
-553640427
1736147312
-352946461
1099301119
1695764362
350086125
-330416329
1215158995
1182970385
-650694764
-1343764371
-16873058
-1434533175
1651430256
-603901985
1767678227
1739229010
-1446517914
-971017531
357276276
-365850534
1778460973
-1246804757
-8456396
-475852424
-1502166626
-1823465820
436759005
-356113864
-1050031571
955102718
503654707
1481145462
-1093213513
945510198
-802500199
-1989522449
-1198749827
-781725586
251033780
-1998658796
868124528
-594025316
-666446002
1229154593
2019826350
-1071613499
223653244
-922102418
-2088608436
-1466370453
-1786067711
-423113723
-144887211
2037482052
-1125042699
1941843828
329569043
1908416044
1341510049
1516731363
1414958732
-1011693733
781572013
-181911704
-1402241713
925112794
1787517308
119423897
1104686448
-172808654
-1318916137
331365474
923568848
1469476455
-628840760
180949017
190023585
-1351795164
746931144
-1308160817
-748271320
-674115017
-356300260
-950493463
1719590085
-1969093826
1051025787
933584110
1181923632
656107426
-1123679500
-985957215
-1289908220
-1941757756
-357396466
770114898
-152489087
-1881094282
-392021968
10048368
-2084072307
-1831392339
736841795
1624031587
700456188
-383984780
214171797
-1942386280
1250028048
-1723751134
1699048704
53360092
-192894141
747473103
712424266
909062126
-868603581
1754844419
1117232079
-374978738
1738455357
1292118704
553138269
-2086387621
-1904795554
1056130146
1277603166
-314326884
-951669866
123395252
-1256689348
-362927011
-892305506
72843269
527977984
-331855490
1163093308
1876465004
581423420
-1479165050
-1811966523
-499709208
-91400661
-1409307394
-1822536733
-1391587109
1429605910
-151242244
-1063576424
1965004985
149269240
364474365
-803513214
-1468691716
-1952214939
-1358432520
-540011168
1535895643
-1410355545
-491866193
-948744236
2086619706
1481075753
-2032004281
-190204566
-1744931229
-893042408
-734101477
957206232
234158582
-1515460282
1376755660
-189111673
399507358
257445970
-5627236
-583157934
-1856121595
-1507615738
-1926231044
255311757
-1285827703
-646907649
-1954796446
746680392
-1387421649
1522077075
2037048416
-1847867181
661911255
-1709230354
2038662386
-2113319291
-1836550991
-1405422466
-681123561
-652410695
-616098321
1015162257
-1113791326
234227993
-1557833028
-412680901
195314769
428846110
-1054718100
990302333
-289105122
809582038
882488308
-881515870
391416021
-125690136
1136172699
41980908
1428858342
1099040213
-1898482191
1082496624
1510563964
-635037568
-52785664
1321012542
-180152627
-2097178128
-1979173695
968047044
-2116746573
-2082918317
-439936559
1047894899
2097990267
-339474619
330235236
1020044706
1756744445
828265042
-863970695
-155160653
-1509396756
-861867079
1933246543
-2013936781
-546887825
-2078651534
483446551
-798806586
-1281762832
-782732686
1565854698
-743180925
-1896753357
-1012570579
1994457085
866720924
852340649
-1185159076
-999172334
1042730882
731216133
-1086056704
546894129
2040456903
96295183
1054015654
-596436073
40853252
753232313
1075362027
438691055
1674963708
302729839
115126594
-161382209
1032324097
540209843
1679841780
-2124878300
-32433002
-1624139288
574377832
-1333176894
672061781
1939785837
1783404452
-87764235
125662227
-1902320147
-1713064941
1988369483
-624644799
1231804660
1884064648
180731702
1398271893
483232710
-1089245054
1945690877
-373126680
2087545452
1658242993
-1545812236
-350018719
-939971058
2062422713
-333615124
-525873709
2141882760
-377068747
-1291241236
516840035
1306954550
-1512867330
1598176032
-264055698
747685906
1738348204
503955729
426788521
1878893569
-2100085924
116603158
-327799159
-464499863
1128032435
2058312458
58147300
1371943430
-671279581
-126388930
257714903
-1573180674
-2065175956
-1045687119
896605674
-749834702
-1065715610
-1397130114
-722702734
-1102962986
-1990032388
1653055637
-2134080202
1043605315
1101271931
-1008560211
-1465885355
669548043
-264711924
1772337273
506850150
-112580530
-528121729
-1707944423
216077025
-750154421
696945993
-595963949
1668419004
-1139544263
-243206961
-1428166654
1513630297
-351724201
98898149
192910926
-52952162
-393104575
537200272
-855324388
847943525
457800069
1933630739
1548864072
147644183
1192672118
-1199144663
233585425
1256050323
-218061249
578041998
-98509996
501407059
1562641722
-1825551932
1262489597
1013546449
-364449918
682417171
-310911814
-159504601
-41862458
435901392
-1226357520
-1544039179
360236896
-792547614
1473398770
924918150
2098067877
-920607359
496823408
-187277771
-297405314
-1200254143
-223932627
-2034086387
755329335
-1256756145
545908980
182019759
-452456297
99107577
2094235596
-87180424
1487806768
361832819
-1855228054
-1254885662
-1644538121
-102089769
1955591398
-1431042518
162553878
-1859797395
-938440271
707156787
-684932352
1675803692
1465407943
422111402
1133285830
161612161
389542176
-1849344918
-179536215
-2073112754
-1536000917
57891872
1005331951
-181812684
2115590398
-1671739342
513515769
-1140561387
167522311
292636892
1388754581
-459254316
1394807047
1730636188
-1666040687
-80963746
2007711617
-751778096
848658064
-1274477586
-340350994
-931556964
-152912352
1244050572
1302933491
1933635089
-1911611382
97618646
871257557
2054164363
-665085204
-435765758
-2127244500
-2028193958
1713748741
372814882
-1061865770
-2116585053
1583370064
1637919658
1542695470
1900965000
-1606331437
-1472005841
633099646
-1662048890
-600593096
-254616207
1847400369
-617076449
-101676644
-907069541
1075217740
2081697976
2072869542
-2063493176
1726571167
-426644797
344562907
1906144713
-1249571529
76880160
1639276593
-1445621723
-907114346
-653217344
1752548833
-2099660960
532619813
-466623093
714942337
563054976
-480976791
785265028
1830869841
-1661148724
977154421
1241308713
-1668003372
411238614
-267547489
844534047
667371682
844476604
-262603914
-1345858290
1886310012
1737091498
712293875
1937619914
-1600367455
-892618078
1488420333
1025113778
-348554913
-981239169
1326040530
-1201782435
1929557996
19825974
-2107003245
1937136242
-808105610
-131069601
942078176
1310967510
-892238985
-1096635917
1999308181
-2121618675
-535541938
217839703
1659068787
-243071271
-1512089845
1943997081
-40052717
-782827737
-1104043126
1653322232
-1970781674
-520003029
508422082
-1809050199
1971421857
596494793
-2134956706
-736447016
189032456
225312822
-682633587
1649875692
-1623039032
-793867553
-1268651754
-1476414193
1745309115
-953254007
1667421870
873181165
1061856902
-1768093767
-671584627
-85475653
581832021
-1186908587
-1606933442
-1404754822
1426119882
-1346956406
-1727793226
1100643452
283910962
2098660080
-1849341272
298452775
208235001
-827660308
930035479
593067768
2073690207
-1801016234
993475372
-756827702
-1464091284
9440603
-2129899959
1596758616
-1588368095
576443043
1371648861
2076448256
1702124783
1694815157
-966517638
-1498590519
-1466975379
1220767642
1787098020
-515169881
-1297236156
575822528
61922538
1495488765
-1466054291
-1239947487
1912849850
102683490
1086977694
-103208284
975050097
-771483993
875418625
-2112968765
-790375630
1279715097
112667431
1732795501
-1633168136
-1910027517
-1152181957
780753709
-1628288019
-641809802
-849812102
1130451594
-718061061
-1019037877
774327010
1309451953
-1431905117
-1297127064
-773838551
2034893137
-407209714
629070659
-2072391440
220101574
-392235679
-264011100
-1071882440
2075117433
178633557
2134294958
842325012
-1645348731
332095493
-1488491489
-1659957088
-851650914
-2001998582
1865735382
459425841
1340528686
-464902460
-2046337131
961310925
505555904
1641309178
436138760
1308249821
-284003423
1210501797
-316823802
1777514529
918034372
1114899976
-620553451
-1561982493
-513256986
1987758596
1260577075
-1774039441
628578290
2017441705
179816659
1793050049
1517308069
-1968670960
-814590427
522241408
-322126219
1959664231
-1090459238
1998267435
-405263186
-1834344884
477387687
-988765295
998861534
1042455391
57413832
551489158
-1948315021
-1599111918
2116078023
2020081107
-1863216478
-417607230
1729475645
1853585518
-1799872887
2105772043
1303084889
-288365846
-1951671913
-891343529
-431392544
390394416
1648813611
242516408
-1752369548
-262761105
152255099
-811862793
640651032
-209712304
1440178103
1589141741
-849811214
-1918986642
682458989
1715442960
-1323753645
1483113733
968057646
-2121824432
1226114292
1475641321
1036536434
1442135587
1648215682
-72330056
-2001225032
795330526
-1409175203
1129688914
931048945
-1551183033
2013012635
1028290185
541770526
375504231
-1358503342
296861717
229201207
236267683
-739283178
556109770
290888783
1377464589
-818479680
99669516
1333476596
-1418882569
-932433551
-700030590
1999170011
1712017609
1561972694
612939785
114097085
677560596
1932916140
1669466859
1968841595
1632794086
-642674810
1990900304
-1051157880
297202783
226499278
-175105036
-1071745657
-1999291516
946598665
-1672185575
-1217921742
1413838163
-913592482
1432123327
1554133374
28255510
-1854843816
2026726162
-1246242052
-739678468
-831234582
1086523172
-1722560894
2066158820
201582003
-329575460
-1500428534
-1845500804
-1560385148
-1155581139
-1740801575
-995831158
1289811486
1563852426
1415301347
1570729865
-529024449
-296132712
667957101
-1855921801
-2133441057
1225517093
1177158900
1893641965
1459485110
-530858664
281186893
1757980527
805137154
932164138
1694692621
-1346077435
-457457786
337218836
1910824234
-405740790
1649362389
770831625
1860808930
1991984707
569298384
680638887
1024262875
78672435
1115784556
842721960
451266187
128038828
-1412866632
-1418235234
1786504921
-71472983
1482701854
-2066077473
932061956
-1378697893
1216379880
-1603629379
39736772
-379160959
-1474984954
-168645638
-69694802
-1564552964
1461286157
-1326858630
-1370782244
-628973918
-2146356349
590197050
942645708
-1779394478
-37203367
-1805087104
518203272
1232158023
-2088590920
2048811348
336692487
2090259377
1374774784
53688878
871171539
-1815847295
-1953072371
-1837085968
-1967590933
-168977276
1159718843
1913277974
2140944106
-244357965
1307223468
-757420757
-409796761
589362120
2055446856
-408937858
1876417695
-608960748
1391080964
1498583574
428041809
1250074767
1221044967
2019685858
581661929
-1622708176
-1425837238
-776619724
-767993376
-13803905
341063647
1480019824
-1388266910
174728296
-35001357
956846592
219607088
-814785455
-565349641
-48197238
1728386247
-991192979
56007228
-1910536603
-949151038
-1382675886
1558276861
-2132814776
-1663264388
-447442999
821565602
370332996
1779314425
1609906404
834080579
1259692019
-360408059
-1011770538
1837426282
713964785
-1569128803
1178830590
-611304420
276430731
1518849678
-541593660
-450773990
2135897526
807305308
-1415176024
-797911196
1596007235
1466298981
-314668008
-1349652482
1800830031
2021918788
-1375351423
-975373067
1122816767
1792088186
-1085951961
-725095772
161000557
-1958473653
2089242425
-1929364685
144535773
-1037930011
-687430881
1629203296
-197678285
-1657827129
1346441239
282058625
-920171607
1902686304
-775566849
-1513268023
-191962692
-401479434
193470835
-193310006
842531175
2024928969
-849277414
2010249530
1100760979
1255757688
-579958211
146114041
-199904819
-1586275934
550802329
977796946
-846185159
-64617776
-1605573259
1321102976
1480720582
1680863121
1932509173
-962447756
-1299302750
528585190
-344895312
-2011458859
-947197712
683766240
1354010753
-793345208
99104184
331437191
-112350566
1651812081
1903386143
1575251198
-618970914
958581816
945755351
-548078620
-1799413394
655440079
-635584552
384434428
389300612
-591794700
-1322147505
897835791
961089920
1976593651
-819848233
414265872
-1486717376
-739590161
-2130410010
769320833
1935487924
-72627488
653934729
-2125870827
2007495856
-1051514657
-521337517
-313732713
1460345859
1159141793
-1175609454
2145567754
-46228791
-1024376000
-1322744636
784813328
-1800337411
-993047487
916914249
-454666609
821531986
-710635054
1380640345
-817991279
1283980610
-404062637
-807534025
-1402635669
1490730598
-17742825
49132454
1064360737
1126512648
-1740963733
1136553884
120918024
180386806
1563921110
1663703093
65426093
-2109019751
-564693854
1761042410
-782332171
-1897929147
1389427867
-563631102
971703941
-1029552431
1826224918
1083976264
-691648925
-292864406
1556482612
-2092298755
1854493405
876144292
-1096257945
-2025773040
-1054265943
-2003520303
-905084107
1086803596
-222029235
1557885078
441954364
-486652079
215237825
-99254342
1955080821
-1766774266
1049865810
-861430975
1023149500
390163789
-340294456
-2020523591
-785753457
-2026171591
-496547894
1517255379
-1493662699
446343420
-1867095935
-139476940
688241250
-28897820
-47378564
1925717901
-2053141255
-2048117368
-145238829
-33101336
-1859845742
-226272962
723695246
-975338427
-55157988
-1750577969
-566752953
-374395547
1131138308
1000532589
1743822605
1231408356
590192311
-251213340
1423802507
1218191245
1324122982
2017113872
1825674345
357422313
1587620360
1180474255
-271329039
-1779207655
845564325
1695403958
-1446439947
452529637
-378491440
1996424904
1882070256
-690210284
-673380492
-1227732379
388638059
405712381
931366355
-463685313
1842520994
1048610398
-1803715636
-558301932
-1024408729
1879977579
-1643539108
1798745047
1580368197
-1891940822
1145004390
557975600
732943335
-979035651
449524662
354604327
592349115
-198410368
1425515331
237515035
823505105
1291856789
1473915060
1942137848
690738953
2074990012
-1731419867
-1217590104
-1605812115
-925778777
280344874
-1705543222
-98959909
811687949
71205907
-53479007
681680359
336036798
-835468431
-711033522
476883455
198496247
271950553
-533075135
-746958385
-404118793
-2034177049
-1793139475
-24450843
-1561139247
1422456453
518521786
-265938280
1218250372
281663853
1951623488
-1334446042
2042446152
363765483
979304113
-1019067108
-1557982422
2103411175
-178638955
740926970
1627939802
-444041438
-1284412483
787256598
825271491
1634240192
1242815601
-126336576
506735452
964606469
2028124395
-140657242
-1468638019
-873356957
2078076425
71572602
-501580171
-1025853772
1920011581
1068132817
-1808514918
678371267
1565177543
-1304913586
-1045539552
-1466723056
-1605373146
1370281215
-114120594
-1811844908
-191483957
795135494
2013597486
1191127618
2120078096
-665259141
226131300
1024377103
2023660391
1499050897
918821570
-266805964
966671830
813509367
-563689415
1019455218
-1917978718
-1431443840
791472851
1125161750
-842856630
-1741579515
-1192652865
-95625346
711540918
-553060471
-884916819
370400219
1338912944
-1669859937
152962908
-1881400649
1888912275
1108888584
1136243568
-1719486791
-2112445631
1288562591
797052296
-641083352
-794640294
-418410887
1556657296
1342375597
1295628970
1785991496
2071001683
-798600356
34708706
1486270207
-1729910701
-1289511179
-524050550
-9728325
330939868
-1924431770
-1237260490
-1421380639
504134486
-528380012
228094455
-2022961021
392842971
-448653222
1848240148
1058839047
-548047351
2007071185
-479706118
458523658
-1440061160
-804538927
-2029353616
-428571263
1503224622
-454101832
-1179130866
-573027295
-255878159
-274464407
1696609519
-1685487104
1470236254
-1298923113
-1807190107
1047202172
999598296
1758129731
-1629569427
1736545115
-1086922108
471502978
1105716643
-2052263116
-1101123117
-420870524
776785527
-1602759156
1573802079
235541713
-1410068255
-2066104509
1026996219
363251668
-110077742
773943217
148563205
-286053987
-1944395093
805051147
147581437
313790434
1978977010
384831371
720316507
194725446
622929218
1625797584
2088190620
1521785053
-948629885
835976962
70359965
1144685295
-1430639013
-12857543
-228853971
2084603388
2064866276
2063581727
2044399580
-1526895360
-1145415265
1341158355
-891013607
1818230776
-297214809
877611024
1303989371
-398660700
-1322364119
1026564494
-1237863074
-1341333107
-2112414189
-1405834329
-68155982
2099131465
-1943981557
-41936322
-410676977
-1366461443
-150645854
1078756316
1248994059
-1853042910
-82091319
-1619445221
993753552
1757035404
-1315739261
-218381241
-890415640
-893342808
1201955292
-1517068223
-1568394406
-2122263547
839706393
-1246155354
757202939
-876460779
-78559696
197486385
1470587645
-63578829
-1109024390
1541688925
1155623371
1704908519
-1289086042
-956584626
2015669785
1434974057
336215536
72094449
338446646
1363059043
-412086893
212282721
-1566299996
-1541025797
147752060
-1446582644
-13920279
-1626391024
1695441215
1994860310
538317735
1047084482
291734094
1971217277
-1929528854
-1661729736
-717209497
1745835901
-258217023
-90608227
436173902
1607504821
-1114508273
-819036822
-147500100
-426983031
-837498974
2140544746
2099360151
-1494695606
168571524
-1120867845
515845474
-2006251884
-681113967
1140715537
-1784943114
-1536043273
-1704255671
-1081289344
575767410
-335786279
551636711
-903759111
810282095
-1778102118
409634994
-1334854827
568277624
-1452948999
-682828654
1599537553
363760056
-30295114
-857991195
1549777689
2002665461
-1626173577
-57991277
628845129
-21576003
1582286831
1643140959
-718643920
-1325648674
-112228548
98085504
1975209110
-1953326310
728033168
-1171650192
1429694272
-1404180453
1536246291
-854626045
-1142076047
1044879268
181960712
-923414854
900841652
-922509047
539417134
1468159576
-1038808103
240212193
-1782011288
1059069110
-1774688452
-1326695943
-1185205345
-297006125
64937292
-441726582
472351719
715359279
-1190562997
1649478318
-582560544
-450150568
170302034
989017360
587337310
1586055108
-1025954664
16032483
1272205132
910563809
-19170573
126102037
-1550671667
-1797897622
-2117652835
1899910339
-1397147741
-898691588
-1580006597
-1950012177
1661003732
-1044505111
455318811
-396587153
962965130
-557517238
-2023948355
-1358677464
351368762
-57222822
66480276
1801980284
-1523812087
2043184130
296391181
1267865856
1564927338
-1203331153
1954194128
-1361986702
-64640757
1262550379
-430289595
1661304297
800490993
-1037701589
-1694506151
-425350578
-7481887
-1551217563
-1178901887
164625674
2115149826
-1550841114
786676734
-546536960
-593238849
1747344609
697949539
-728838978
-1603517454
-1885615286
-1466614444
649461742
-112762562
212585316
161869967
-1262397422
1684974268
-71914855
1339329328
563490160
-136747559
-1603542135
-204975568
2110759242
999695997
1595682916
-2053078738
-1365284270
35787888
-227938692
653633650
-1098222500
-1843092743
1516480277
730097453
1478707029
-516120889
-1501703809
-1085078011
915368307
-218778091
-1247927706
-835209775
717500589
1724636936
-675546008
448624289
-231032979
1049903195
952030696
1170336512
-73275260
838434877
-1921210335
-855204996
51435102
-432824967
1598536574
-778801562
1219154294
-385763625
-644061913
-545761323
-573967861
-848403262
1299483103
1397523953
-455341805
-1773303510
-271582708
930188653
-1570165648
804043179
979237655
789535317
1366970977
-161634322
-416968202
-399644407
-167137221
-1437324209
-1211145466
-2068706424
-57814953
705156800
537738013
-469057807
-1588882610
1344481772
-574056993
-383789753
-1674932125
1858659487
2055386448
-103090316
-645232320
-1973813916
1692802731
-2085600368
-2058361627
892154991
-1590521743
1260129122
-163027491
1427333053
673826244
2002745126
745050034
730977657
-1347118347
1881018512
1467314082
1416534177
1541236570
-870680047
-189416302
-1715459095
1664458853
1332794968
1820361282
594357983
76159473
-1601068005
321833921
-1205458609
-701859873
1177031190
525926691
832973032
-566385439
1229131603
-1868567438
-2085808865
-2132385131
-1631020116
1640798690
2129714514
-241678635
632233102
1712424775
-311368399
-634471859
2096151039
1055577803
-2039917735
-1990407091
1625884641
1170372827
735716929
2082861023
1410170743
-1655144095
-1267715239
410842652
-2030727896
-499180488
1625060464
589814203
-1213254013
-759376676
-712489131
-438554646
-727081853
1818174817
-1084521535
896619104
-733028845
1135771814
104041331
4363954
1811619539
-1875620918
-671565667
-1012062490
664188444
-1897497891
-835596674
305811269
586533442
1882440922
-1144303537
465589621
528473112
760128213
1002627683
718351558
2009466552
-47935888
835000713
409967563
534181763
77738899
97410228
1970841389
1351344742
-1868789413
1371913438
1371035067
234485343
612238930
-166533336
679354820
-1847060929
-552180767
1990104389
855026600
-354362959
-908155646
515842073
-1495957076
1131747962
770331705
-1635182436
-986509042
868454913
-807785276
-1458173180
-282061735
-308393198
951296785
-3026909
-1389292806
-1175524386
-406585233
1560350989
-140917230
411507782
1491928584
-843456259
1981380237
1654295640
1311001359
1538363768
-2112444302
1475632921
1372441141
-405723981
-1025923204
-942539388
892162656
-374078927
1274726634
476681683
-1716400482
1951060400
1771206291
63097596
-929523369
-1894342587
922113852
-1779672962
429280962
873378757
-844093395
134327900
-2112499046
1183166567
806362113
1361037673
578125072
-1249315673
109433534
-1030173754
-2135579901
-293646484
638074661
-609609303
-947196563
1769632876
-2121921206
-84869537
-1191562208
-1308568881
1440570982
-1458168429
-473247821
55292434
-663556629
1088959696
511153846
-1471170258
-1855065128
-1516048060
-803866068
2091140088
-2061543346
-2136547898
1529738554
2109745867
-378532765
1622387993
922010651
-1974935453
-174351306
-838441870
1141347926
-1852110325
1362710083
2094082615
-2115850189
1317139963
1156015096
-1030046455
-47927446
-1752853510
1745964936
527423236
326428446
-1685269429
-2055015682
1504772421
-1411447031
1963757766
-1861731180
1860934572
-521829897
651781188
477738053
-1915413278
-1481676936
-969599936
-410268000
-915681635
80585936
-1542033222
616569054
464554530
1449058610
775212638
1815384630
1134639371
-1810339539
-582058266
872334960
-1236001206
1127079270
1538517947
-91914824
714091373
1433966727
-2087242014
589632948
-1455495646
-1948581769
1916438038
899143640
-1210539522
-85248309
-1575658448
-1369644808
1555305081
1907612795
1554752719
-1628606946
-466716355
605084888
1398232628
-650534243
1899099295
-1206291523
1726991725
2011372390
1207153261
-1083710715
-1756870475
87876505
790366954
2099415868
1597056026
-478306721
1176946710
1471241112
-297943968
-1844839946
-672522959
1682296105
1766530085
-74792947
1377243778
2047532367
-1411262651
-1344071855
-26318508
1043708781
-1588610945
827378247
-57590720
-1467540005
-889445032
-968251556
1812258738
-732401120
-1539023809
1598443065
-1720334683
1011833953
1767567601
1910242908
1086156720
562379283
410528542
1720466148
-1158963642
832019447
-111203508
-1513465941
-321690567
217181000
1494612476
270812057
1939914624
384806445
-1527978742
-293788617
1510199353
-1350951052
2060701529
790468226
1305144048
1086000513
1405245103
742828289
462752545
1185559684
-102632484
-1372462311
685402619
-254179351
1165457698
1580854688
-1004454554
1010310932
-2089053488
1217179823
-1139743929
1506457934
900214319
1048640187
-1871315710
332664057
2008738466
716637414
1349402432
1138120203
-1895106296
-2100533101
1864038898
-1535453255
-225243804
-1646175689
1621466260
-1576843918
1215710912
-1934213770
206682806
-1112258802
1695625549
755361390
839668919
-1813541817
-1525266737
926030925
-224368428
1013392231
172462391
1755132201
632623200
681248579
928338833
929350415
3779924
-1641211801
-846996192
-1965098404
1965616138
-1235815022
876145350
947706187
1775476037
1431332708
-1984742743
-1010208561
1248898164
-1047768235
1530213908
1936133795
1136637495
2061330921
-468331110
-513230690
-1486879966
1031472161
1958290304
74942795
307620544
-9313228
1722024028
1578680761
1549066969
1737739647
-1342894599
-1436375922
855949048
649340857
-389618563
-1682215326
1658643495
-1641078422
-157420083
-350290103
127431932
-325319267
-951663824
941427121
1290975705
1516419284
-1548793550
-729097618
-1383380626
-285765317
-426719798
-201257453
499496322
-469762527
-395494209
-1343305853
-1284456461
-1730825565
-55157178
-1684980793
-851616773
1845839785
-1859537936
146253601
-1362231372
-1732212458
717764546
-1138163872
-341112355
151773755
-913458779
1476523893
-856604706
502373772
2137962240
-1195956154
1465624585
1081928597
-160855901
2144367297
2040153122
-202775250
-1763570970
-80744652
-1174704095
1184300269
-1186126831
34078172
-24778443
1461162971
782486782
-1765192517
-1879195380
1250862443
-1200914435
-2004162898
-1892761263
1215544999
765211127
-1409572930
-797244554
-212618068
-745915947
-452103498
-1940602702
960613976
1400687138
1149281268
-399073715
12932417
83878126
679329156
-350356965
593150440
2089472502
717928554
-1631651003
-1000409298
1275252481
-753342658
-1813877938
-2052177658
691212940
1974367742
-1462133931
2041055851
-1547005783
1736938271
1022679447
1206091412
-1022799325
507024869
531446584
-2047833754
960880102
-593775116
-1107640766
994306858
-350923619
-85317595
-799275027
1311003519
-949542244
-2104904547
413483808
-900089966
-141595647
-388687332
1543496504
-1598072949
1078564629
-239676782
2078101255
1810638666
-1452369673
-1068299017
1815787550
-1456697774
-1347360645
-2106134437
1454678607
-1723616507
208288591
-263160772
-724770963
18466065
-1851428513
-1638688233
682492757
1524628266
1716605562
1080439873
1457755186
-1148569607
-1372650955
-189372938
489585403
-100038061
349785615
1195055282
-552503232
884079790
-378521131
1041277631
-1473666778
149514192
994471496
-1746388209
-2094847824
149175496
1571057148
-1042655669
1247476031
-1106216414
730838146
-2040970965
960619099
-736214955
-2101206071
1157794824
1537105587
-1818707584
-1998560319
-1478288466
1041643106
1123633237
499390528
1605038967
976847219
894054997
999887145
-494203756
1675415207
-1928513219
802871498
2051591853
-2044169611
208525248
1899119750
-222822995
278872657
-1475472011
604564403
-612028202
532627505
590882322
211986629
-867686629
-2046625204
1647200218
132876459
1098288302
2033361700
-1393191596
506121337
558171606
694166982
428850749
-1296965306
2047709958
1792653904
996334526
866677335
-1515216341
-418201932
-171060255
1535441276
1338990917
574281658
-1931804607
-1798082118
1562322489
2016910923
1609174017
1189220393
-382271516
-197829397
-364561154
-922343649
1546372211
1179099527
-198861752
-525756530
1784164593
-757422224
1055699405
376665258
-320868831
-465379929
1351731031
-823870002
1100844685
-406319782
1873536695
82596512
-223749666
-1721899858
-228522174
1199801714
163314030
1544808895
-99213700
1352069099
-1081648613
1164122596
-884799469
966094310
1412781918
-1491093193
-1886881522
590963353
1231422363
-80079276
1465217606
-1463899142
17080761
-706656673
860677652
-587601827
-739138571
172432716
-1015839413
-269749663
21840883
477423194
1580787560
800503565
-1337260010
-745234209
586056200
2122762805
-2077767152
-1408580277
-848157798
-766026462
-1453256004
-1275537818
-889658028
162298737
-1780097238
931218140
-314390422
-1682329029
283517691
-2136384773
-1454476675
422151542
728210415
-918659398
1143455057
1729910682
639355580
-1880168452
-756871741
1312532359
1817978145
-1927662314
-578640391
-1104623451
-1125198535
199956366
-1767741734
-1067681460
-796419564
-110327003
1989784769
-419497114
-1591894653
1503803672
394949484
1385599827
1298682675
1385130913
466570554
-1629187828
778220796
-1296353853
-794117739
-232306806
1658155131
-597109945
-147097940
2088343144
-69346851
-1398307583
1825729125
1164896711
1316009981
768437591
1292967570
-1365977999
1177894321
1277505795
183979106
1886496832
252036193
30302231
91826969
-1893093184
-114746408
1884089153
1604285955
980087827
707822430
-1824249520
-1362272858
1272552981
-694968314
-727830281
584570934
238385599
1474626627
120097487
-1772288691
-1206706992
1041177793
-1514438750
-511600421
92907945
1353881202
-1433303322
1898283354
920669048
-2051239450
-1463248506
-1744814778
1834274969
-52676641
-782275352
287871948
-1933113544
-1444642012
1100798507
1938990273
-139804614
731927445
-219155024
-817200171
1415355485
1449926271
943430364
-1226779897
504629149
-884355023
979922971
-1528688549
-1032911143
-229068081
-96164057
92834507
221952950
1407479397
543751561
1801728634
1625670339
1658549822
961462623
1236449327
-784871458
-1213302922
-868557216
1540730880
1773939925
-1331716914
861812509
-33838259
1610808911
-1247691841
-355742071
-1293124112
1974956781
-1756053807
-1494645317
-449305934
-1916321621
-609361620
1644720625
1376449280
1153045644
1286573935
1881018072
551626206
-316811146
-545390144
-949497591
1350486554
2144793434
2035999523
290905303
640724933
460449687
904108559
-927341241
-1280445217
2005267360
1939015230
-185108641
1228482897
956635
-96417852
-963955293
-266650081
178007244
1214604131
186435548
1954657245
312072306
1217124381
-1213234405
1751956578
350857713
97417737
-2116678147
720454587
-738354064
633742954
231048495
-622979998
-23152060
87041277
-1160256460
554863280
1124187469
-201307503
-1161447835
-1865905265
1205522848
-1428541219
1306219577
-1845841293
1008229990
944084877
-1477562170
791341706
906426627
748634781
-618988665
-212015311
1646192250
705227242
-425878945
979054506
450744079
1991249414
-1382006818
-745229812
1679132717
485279307
-1544609342
-1169419910
121837706
859233330
-1319988289
2075206551
839867016
1459668965
1881770626
-267366088
508354782
1315791378
217762547
1724567131
-102956681
1322147585
-1152169542
-1199186600
656419481
237430504
-995328251
-1087467178
-1842092470
-1647386754
-2139245945
189973504
1854091246
-116868403
625443779
-651742601
1364459572
757391180
-107400567
10352009
-2092485837
1458240812
1577282497
309315875
711863503
1135797490
-572219802
-349317372
-622076063
152810309
-1724441387
-1801914189
1397561495
636053000
491359816
1607902387
-165791593
-696373589
432960668
938146548
-1576880278
-387574338
1127729754
1986176139
787815576
213959622
1595931892
730757797
1218202894
-205618348
-1412315314
727591097
-183676088
-2061316014
353677440
386285052
-1826683477
1796212896
2122068698
-1921949158
-572051662
-1333456417
-1563177177
541303074
-766566835
1815021707
-249393098
1278345921
-1708671483
1270762575
2120532629
-1595940686
-1409049245
-1903198828
-1346181985
1368830069
-1835038446
-1032961958
133763769
1547973694
-1610048701
-1690249141
1678930904
1249265456
-1439111728
331936269
-1815057851
-1211451190
-1361962332
-879284777
1095601316
1706879905
1680856665
1108623174
1978182450
-853398705
-1249808094
693876337
679765325
490794411
2016770538
-221133254
1458311993
780038969
1090469821
-601973785
1912014880
-1906214172
-1335816857
-355525648
-703631270
-614466326
1345059674
1216616474
-1471000593
-1009180393
-955221036
2123780804
2144494937
872145973
-1150745279
-408493184
-1965034355
1433280706
-585466147
-453455643
1842593340
-1332810013
-1107536995
-1511394398
2080089942
-311783527
183783247
-1766951210
2016138447
-1054517455
1813031423
1775471007
425672612
-1761195263
-2119375459
-1958537744
-1124137696
-2120128944
-1235983908
483102888
471332699
875346581
-1428174244
818689759
1731867139
-586490140
-92749046
819416194
-969492642
474505893
-1191086393
1898000417
162224526
1383151494
101968967
665606151
344814615
-1325513038
598164795
-191918965
-1746388578
-857037502
-542684238
280294309
-1559520781
-1459414028
-1649610308
390447555
45417553
-411437542
-1613977776
1289724893
-1299478044
-327922732
760851055
-1276234042
-1042471798
-2065351807
583775624
676601797
119743965
559859314
820424734
-80438684
565187185
-624474912
1629111719
57118599
1716088154
1918739744
1141474999
221219263
-23840784
-295310828
-880215971
-714466592
1415784917
-1401250588
761509325
-286751024
-1251875529
152511982
505317439
-853031007
1367911250
-1933950726
888805653
-1015267614
1937265976
-650182478
-1159486909
-1271486414
1033278676
-117566128
-2028617493
-443735787
-1111571925
-869250408
-1004450234
-2090051062
-1143228187
-349802231
-1859099957
-1694350116
-100431348
-1401280945
-606869623
1209324600
1727399442
144584955
-1731307048
-1572036481
40592152
-1217633419
-1537956560
314869213
1706066797
1002060336
644364120
-978546790
1323475028
735881504
-595873086
702530736
2046057738
664194153
1086710581
-164517476
214074886
-881430440
935123116
590449528
-216072062
-94591850
-546485122
762243145
-1860391366
-417345894
-520047426
-651458410
89082227
-182980769
1829153252
2048728633
-295797442
1446842455
-314801492
1772715128
-411320835
-74773602
-1395111363
690339159
440313382
668803954
-519408498
-1924011993
-1033643194
-1582883613
-658770683
-238031518
-47792311
-199700026
-758867104
-1611789382
-357666313
2006216175
1462754008
1762259567
-125114687
1932446622
-1595646077
-1554828064
415699646
-931880135
-77261319
-989273243
-303991057
1730576955
715688250
1605852507
1363970762
-1689731732
1533917903
666415231
-1809003786
-201076142
2000935214
-2054481537
-115183534
-2002457625
1793882210
1001814478
-162983109
970292875
1041641707
1580390071
544718606
-484692165
854051042
-321964619
1215314411
1663597059
1353861985
708405761
1750369468
-1014117455
832746017
1782359915
-542779531
1638531787
-38664861
-992612755
109092253
-977368126
-1482877420
1847240060
-100845812
1107463270
-1583663573
-2048986207
1406501109
-1528311139
-652373163
-87117752
854289190
1462991439
1096226772
-1534788520
21831054
1931902628
367457700
1549523075
-216567297
2097261169
939409375
-1905373986
-2006989259
-638346257
721106529
1088222644
-413505001
1479987117
-1208277073
-1072821866
-1417466308
-1391401273
-1131541228
681520310
-1897802064
-893150120
499467532
-1404000907
-472091145
479403564
-393670682
1133954617
1017508945
-921912134
-659115356
720871556
1769424703
-34331056
2084791333
254301505
2091261254
1559011728
-54630267
-1237412255
462684658
-145294566
-95486268
-1400885850
-1449312739
-365684086
1710294181
2040765630
-287377296
-748195164
-1484950312
-185455981
-1541383638
-1212956466
-1254481062
-722669087
-1348289504
-411054146
-662807524
-954481400
140058628
1461203315
1404061666
2143681315
-699958807
1090397288
-1011270802
-457016744
-204567034
-987555833
407721181
-343043215
-458135879
1106478171
759499600
-22510933
1760405199
51054858
571315406
-634410546
1129331714
1888946049
1562330728
953276285
-1572588094
2030840944
-155757923
1646538703
-588135368
-2144953223
-234583552
-2030859747
866100103
-1452034013
-53673449
-1058187235
-928417964
85961492
1301071494
-1106810321
-1417553272
-1699726721
-177473427
1856972023
694101844
-637958437
-2006122483
490601515
-2086782091
-433015595
823768241
-558217555
181845176
-187977338
402693835
1573437404
-1823432256
-1994619416
-658392996
975456806
1816331015
1367993734
-1870901351
238470881
-482314206
1798186098
-899289141
717690715
-659192504
-1614798724
963409014
459119407
-1247683308
255502752
927181501
2118238170
-436372855
-1778907713
2086741252
-301435507
-758720681
137374610
1735337175
30711107
-1295531428
674410715
-1880506615
1911014422
-1376609683
-1667962916
-987259360
2033369038
85061973
1646256141
591529712
-1350893381
-1029645539
2043756040
-1738144891
-73225020
-96309875
1358765768
961730630
1609488319
-1632422925
2010020370
-1452791978
1409838338
1383570210
1011267634
-739744195
120167993
1781963197
884240106
1463454151
968027001
1088428213
1738832295
-1975514068
-1384114027
1639112719
-1076895498
-1920814736
1493607344
1395526634
-1145289419
-1471173108
1204588819
-1539945024
-1578385267
1795953614
744464448
1920433643
-19631073
-26695427
971128391
-359710357
1353135229
1490652608
-1765488297
940951526
-1183839909
454579135
613874071
962979311
-2121108347
-943887350
189170486
-782889078
2119087124
1130893113
1574782400
1680340719
-518229028
-927333419
-853369677
1963774862
276472360
534701814
111715666
1123587411
1755012009
984406829
2114424248
-27359189
-850517334
-1092173405
-1349107409
-770298939
-302393976
1443258754
-1055849022
-1739635811
-744810399
1064771987
-493625584
224944949
-1898764789
-175097817
844614242
-2048165211
-1671545784
824669499
-1258346496
1059596118
1208489783
428083926
1412359616
-82064118
480784396
2030761910
-1158201633
-1529627874
1645654787
-931858389
1550329107
-1435114989
329670801
1425547585
1373284064
-1042227894
1505676764
-1613919708
-46536918
614225166
-621430675
-383932480
1026259467
1943993560
-1816305372
467943079
1587559142
1711256013
-358014356
-1643704520
-28053572
-537166454
2041099694
-571957252
2119388605
-133005020
1169021962
2004011603
621097762
-1642460054
-1791533500
-64295601
363670073
-616405652
779589628
1989929695
321554881
435356737
-562298334
-1216326864
-166148489
122177283
-685870937
215573071
1420478960
-18226658
-1193281672
-960121838
-2048630103
-1348366134
995666599
-1649094088
-1200479908
-1483879979
166112747
-943521585
-1466878060
-1572569947
-168147126
299560149
-847369341
-168420739
1812195604
1257316642
-419793645
115437567
-1360763117
-2037947004
1139169338
-1368583439
-1089549569
1575250987
485331090
2101569603
-1316062153
927887687
-149249496
1780123216
1058778798
1851633903
1259201427
430012260
1469271331
-630859964
332567880
2074124414
-641281388
-565981482
1830656557
99831894
904644340
-909143738
-513366677
-1411597663
-1321610469
-1492656597
1577447816
-1617239150
1723965437
2114452537
864933044
-1992409180
-1686768354
-113907552
-466041246
-1057682538
-586954171
286890161
1857661466
543531191
-206749585
-617336377
-96111731
-2036119197
1780921862
-1153934492
1451915241
1492998605
1119119954
1752371098
1220214894
1218482429
28992559
2084998571
-1827278271
-570489316
450334720
2022658803
-1884184704
-1351408145
-775927581
1877294598
-151382634
1825997985
43761958
606683157
1872067791
-972191804
-102040072
-1678622571
360078638
-1558893415
1899453027
-747497695
-1710433154
-1456443761
120702329
1670758303
-1526380122
-425258487
-1362415667
1085418658
-183269055
-44050588
-597566427
725703695
-2144323730
-792962504
-509180051
524915202
-1549430045
-1531109155
1536662509
608361970
-745044664
-1747410896
-1323310146
-437432814
949181634
1180186518
-137793926
-1462995718
761858765
1371171136
-1379099086
-1859967610
-1856439218
415879856
1355714468
194283774
-1346445592
-1978881668
505500077
289272695
-132978803
170442834
529244156
1081023096
-1667207592
-1760274373
-440068856
2103218655
887747482
-810794461
53413699
1300411141
-811605454
1238111384
-48134769
321737248
680567586
-1618118190
866592497
117106153
2119030366
320854515
1442423172
-2122840706
1655424229
1475995023
-1195615057
828006536
-973250539
2084226157
420573850
-105867872
-398433733
-1641485169
-2005347107
-925988114
580019305
-602348177
-533690246
185871635
125894028
283540363
-624415475
-702105528
-413909315
-1999689693
-284605631
1477636039
-1483464489
35959105
326690438
-330242199
939439945
1597720057
1959718400
-855096432
-64078804
1265015538
-553015102
595465030
-846509673
1611516708
-1887131333
495167654
-434580430
-1189740318
-2115218448
693113722
124566281
1298148123
558835051
-207347163
-1828650846
957760220
-450305166
-944567101
1731658064
-1471617768
-2024592004
1799892622
539441865
1898333355
-1635114912
373584259
-1712490250
706721948
-387251889
689197124
483032074
-1578931550
230564868
1684640320
-1619956778
-647763479
624721977
-1684920816
-899109798
-1015044587
-1424709028
-864567772
1976231838
645305991
1551508354
-1159064674
-500277053
-1719889442
-809159524
1250947965
-347741100
278600128
-1319581464
-369526274
2016405985
318611161
-1830356055
605036606
-543311154
804225315
646204697
1908899875
1313190504
-1383903128
-779832674
1723593341
1236331320
-1521544956
1797060156
1855613799
-1985614436
-1205761809
460724555
1224685811
-864603246
1565579514
8892009
-332429307
1200985559
1166206553
166289073
1055642495
-2093746640
-942385055
1662717484
1557635486
-20268282
1397436049
2009486215
-1445645405
-232853448
567161558
-965527802
-1921381451
-195419860
766168074
794127544
581659909
-1241694169
-1287195458
-2055832084
-1228916173
1279930078
1580554808
-472607261
-2122852880
-1570456499
-272767042
-1655380538
1374415331
1730489286
-2058534379
-1193028646
-291686448
2074319180
996276036
1779198449
-434513673
1327812385
1438017181
754169635
2092797882
1585864861
869442813
1648105662
418582401
-254730688
-1977491118
-148922758
73883361
896939787
-1084551843
-1085276687
-334579717
-1137927413
348442296
1277020493
1022135074
1336505141
-774308838
-699409086
914786240
348635769
-112448806
154090046
1476710265
1281393680
-893251407
1692056799
411023248
-1470768359
968867267
2000251301
-1206010742
292104035
-1946619168
1025064936
1554680848
1553798028
-14280698
-1284257780
-1283831527
1902243914
-312174806
-1968123662
2046455368
115077384
-1359241417
1314066609
-1199312238
2071469492
-42233001
1644272773
773362723
-2013393449
-288445840
1553755143
-1846579838
731496677
-1825209616
1782143902
2001942770
976889814
-1349341491
164258357
-73996773
1465267189
303332295
973401646
185296362
-705462537
981236720
-1238524523
858509492
1088872526
-449277331
1844102552
1138969249
351830975
-512128898
-831292106
-1306375609
790254897
581922491
-1768415433
-382786155
1685640648
1704218271
-713263269
-931657486
-971264462
-59641782
-592769322
527088805
-414412224
1574418562
-1934865414
1647893622
-1571796552
549577466
-1631364810
1203070357
-479792535
-377250601
-1038219458
-605897029
-473575554
-270941329
1575231115
-1835622769
1989032471
-1062974637
258331654
1812689994
-303397099
2032178063
57693439
-1869793635
397604405
1180641583
-1094017436
1391049937
-1668678048
-2041331963
-347335890
422250032
-75461824
-1736024662
539067934
-1297869917
-1807220714
-1755770943
602712745
2009020316
-335473718
-1203401086
-776658640
-1383661515
571726403
-1783975306
90280563
-355393639
-2073129224
-805720961
-454914489
696579747
1380840647
848251675
-1751113337
703440324
193683205
1250283497
1364612936
1654769705
-2053523499
1469061483
1067194703
-745980644
1478236093
-390650612
-585948217
1210819497
-829046154
-857789083
-772341714
1526230149
1146920194
1099557051
2058107792
2061739563
-789286652
1033874380
2035305464
1287710536
915050827
576812235
576575778
-1535640743
-1347505233
239215271
-713008011
-2050673263
769594400
344284307
1441614895
-890139137
-716491525
224849346
1481131490
1208806640
-1802383201
-445277838
-763696098
888621201
108253248
-470242516
725642095
-299140903
-792765446
1877460809
1857018505
1846076837
1012095017
1299234744
-636491327
1552380708
793568247
192901373
-957246017
-65843084
964013365
-1921520772
-1825123982
906267789
1294151023
-107778825
612719427
1644205406
-1457249222
1280634452
284504460
1204946229
-1805983025
-577615453
-3319221
488989283
-562545443
-2409376
588837394
-1772112609
-1137429862
-807941644
-1727416766
1705908138
-174151654
1254867585
1639743096
-205806412
2079571428
-502959650
1715951942
-1670551554
788831938
1222228704
-935313371
232404287
-906045736
-63954213
-2140760406
2058258763
-647395336
-1849323160
-687281928
1904925042
298913588
-764098457
-865886858
1257043238
84864948
-633350073
1640795584
354115040
-995813688
1388713092
1498069730
-1416382141
-2021601984
2105953393
1601736899
-1679048320
-1981093381
1392856119
1317170399
-1624877060
-1934616131
-420681187
-403022792
-1435197904
501567558
2008556553
-782941042
-143312687
257537695
-960163514
192212173
1350705456
-1643599178
1139649670
2078644422
2076158178
401843245
978631211
1437412385
-979004509
-1678437778
52711105
1526007954
-2082116745
-1902475262
-1831880241
-1615389877
1914663698
-786053341
-968697649
-349581903
621402745
-1044806769
864360057
1227738449
-2067523096
-1229984354
-50947513
968613653
1984599798
-2140775786
330460213
293614002
614266870
-1783980482
1292406985
531882852
-429143648
-861148752
-860921518
-1860391203
-1555539215
-568704141
695968884
-1977224326
362541903
-1220743991
-1050465565
-1048212296
-212220177
-1283897276
1401287789
-451793691
682708347
-347531873
-667541186
446181146
205315822
-1489496374
-541641889
164959336
360889026
-831622586
1961976959
-1970200496
-748888755
-1966184781
-1847716874
-2058237832
-96581784
-570350682
-599879418
-174658660
-1735222191
473422784
1652475235
-1522531390
736049618
539190267
-289831947
-120207439
840642210
284554311
-924024869
2135420835
1243984650
342351189
902180787
1685459257
1251542987
-1393473615
-178773736
265668270
1370611518
-1929883626
-1868791701
1056413007
-2115914563
-1546382083
2120603862
-1580251350
1462023745
1048217974
1815892110
733719557
-1751505844
2092441915
639362391
-342559342
1349012489
-1574065662
1429957965
-1110957345
-186417231
289531411
1111252960
-1325846765
327266607
-84296679
-559961313
-1760757929
-1868918010
176361532
73144634
1159138321
2089706354
-345269650
1295452737
867623255
1475069389
1866354180
1447593522
-97316190
2127515188
265758345
857729841
-396841535
-79846550
1885760975
1066318873
1762638097
-1092396293
2098843462
728978227
-386570005
1035203492
-1577923440
-785023676
2086647900
915640818
-642291884
843268300
641030427
-1412603096
-1218243503
1694258573
1480601271
1288882789
72043446
-1453387703
1833945360
-337789946
-1400091983
-1783511344
-1998286329
-1093473464
-544744890
-158339015
2121507449
-1318670798
-58118303
-1234008721
1591636584
-1320043599
-381798355
-868260369
-1128736645
-1164892156
703064742
-1226586929
44764328
1132413786
-1222088595
-1715871231
-1310416337
625557176
1684999130
1387959257
-1804555063
119520032
1366274647
1417635020
-544570079
-675371281
-1978411029
589449593
-1609179005
-741667450
-1473685483
-934006035
1045704658
-1370768083
435939291
-1462501086
1226602943
-2056526029
239312161
-536634935
1534731319
-1627054503
-240904386
-1376704695
-722837219
1482708847
-1180885812
-452541434
1001861689
158584895
-712588609
1861424614
-1519765393
-1075969878
-985632584
-2004771312
172016179
-147064303
-673491301
-767442698
1227738428
-981739274
402532190
-1538798955
562950007
682765538
-1454822108
-1773964549
24927038
990083720
-555808118
115058441
720859849
1721842730
-1062748865
-973629062
32939748
1240204347
2667993
1234788387
-377856798
-1195203003
270932199
-194076292
-1195722799
908102156
149847362
-1535109538
-1020813074
-827618060
-1351369816
-1213144050
-1590568101
2079593887
-1670863990
-280292743
1141534479
523255258
2076485924
-1679383871
2129778445
-882559303
1502339278
-2083714568
-1534107944
8407807
801823634
1339233322
1633444645
-988601404
-2137310979
-2118159456
-726242862
1098724177
-553713094
469008483
2078688534
-947492274
1605247580
142076926
-1399212550
-1693607138
282234874
-841257592
-1305460216
-1917898870
-1302004736
1463134689
-1441583039
-1502669668
-240838204
562748475
-1302601389
-642055987
-1371155369
1761149660
311097099
-473401246
815203613
1525912609
-1689911544
-375114734
1786478496
-1927872571
1731761329
-1031877140
714311328
836534371
2006003304
-48441225
-1359937938
-1308950215
-647951873
-1961966566
-198446983
1791630382
1235872874
-961071426
-66898903
-1815579627
-748967754
-2140358223
-1390522133
2008477491
3056185
1013834189
-918360692
-993094146
-1167606261
-1926408743
1235312842
1135548967
1835366324
-571648210
-1895745752
-1845474853
-996340442
1459138717
-1496333822
-593431740
1202320877
826355599
731907040
434240597
494999972
-1593177234
1355582990
116699847
1274837419
-389619900
-1696521365
-2002806690
-1693761002
2092833184
-629459839
-423809168
-685935129
-544733504
-1028814634
1346145191
-199120256
-445523732
132426113
-762074363
-1394702766
-614575329
1309597951
1611651880
-1059522854
187955693
1436804167
342929103
814961102
-830280032
743799067
-755087460
-1946102381
-1106585437
-1728860768
-720111589
80493809
611025187
1336177968
1210352130
-456697335
567346419
-1925726609
-1362266950
-473633659
-2145992529
-1285663076
501444637
-1367529711
283794212
622538281
1824083841
-2060412917
875205103
-2010393972
327188725
-473667210
1515433059
1587425623
1270942922
-1857147853
-1484408657
-1600718714
1774981460
-1581997454
1439627072
715991063
-1426868495
-194101915
-886630300
-562779936
2004869194
-1765981642
523120687
-1306854244
2030508761
1632946747
-1064532830
1855347526
-901278806
-531557784
670997000
-484912726
-720104347
1948306948
-773119581
360592696
1504005259
-106663776
-1256804728
-1148911334
1222634238
-1297898685
-404532025
-1391497079
86264775
-1660397334
1271437006
900426332
-1153122797
-1705888209
-1164819186
947196385
-1819564417
1621901383
146486238
374411504
-1182072427
121243441
371387296
-1598492868
-1392309611
1724956459
1487648545
472189676
-20575625
-2103181976
-1388268475
1103431273
-698641616
-1330312192
-1852192029
972078969
814066484
1934559528
504212974
-322362483
1206824252
-2100738654
2032159444
-1776192170
-1603346360
-1133734282
8276778
-364980323
-1765471257
-806384158
-620983160
59060564
-2104652618
331927438
255636145
-754598169
-1963479771
-791284733
-251250697
-2007702313
1886471809
986230622
-1099587619
-850258038
712830509
-1011667136
-2078691331
1374022748
1097282355
1361568776
-567225556
-681072647
-204230661
1341139268
1538722523
614260205
946009177
-1415544476
941036224
1331361148
-2143384628
814241968
-933782860
-251942994
1214817284
-202996869
1925692126
-732771666
1233196964
-1758794856
-759429615
-1209729452
-1198923447
-626974451
-417341837
-217838080
458308299
828817926
-525012898
1366236073
-1060639550
1330376204
2115303306
-865998795
-856780213
-664061834
1848128107
-85996278
-781396724
86625823
537208791
180108004
999417204
-1155022247
-816536853
-911486487
380482375
129218336
-1197536977
113665786
581347929
1104434322
-812224776
1116965451
1923610521
1143817118
1422069261
-213884107
1526766161
19701755
1714291341
1563882826
-1744058965
961090908
1778414095
1128014505
1048532598
-756540447
-1463058165
767229844
671441194
1896286160
-376456585
1144605503
1775377449
-1875320700
-1713320523
1197089258
-1237865913
70660773
1525466796
311508017
-632452724
-94678631
1862018099
-1409658974
1574545976
709147705
-596479818
-1544723312
1912959494
343972039
1907179795
-970836698
591998901
-1018725344
-1835418171
-1597904450
1084015299
-1851920339
-1414063549
2078787187
-1247511685
-580686433
-1061249366
721853940
-1954711758
-1393445
630204313
-491643493
1144847564
1912795697
-2138292133
2108180157
1953144197
186087764
-1670169781
2095622467
66395630
-92216314
-814551948
-2056506503
1235118900
-2054721518
998435447
870951717
-1327816536
120813695
1942583729
826287067
-18456198
-401127934
297895324
1910638224
-795669816
-1224674636
226249846
1026588268
191857111
-1623567100
-1260412641
-664772893
-1168006497
-924310034
-2140412089
-1468082426
-332098932
-881273236
