1485144757
-1861434754
896004023
-1980974727
-845483663
-473486544
-1116580561
-54991095
-1804537238
-1126307840
773986891
1257270007
-2010164107
1241783497
1914098280
-1407917102
47093761
-1848453932
-898560290
-778671788
-1680645200
-456745498
599979965
409356554
947138089
-78819457
-307938375
-270112454
-728813268
-313359775
1519815522
-2135853568
866384358
-1449296817
-444918889
-2032780103
409283206
1597740054
1970580284
132307365
497828111
90067408
2133043242
-1547527225
1306687343
-154874009
1324060519
1916519184
-342945583
1362894168
-371845994
-871859012
-403920849
1614458809
224533681
-933707270
2020365354
-145287300
557037556
1145109714
1663480861
-157643787
-210417892
-1015834813
-1851245969
-1280046951
-653705263
-1897801557
1921468456
672727815
-122731424
-121457301
-1308103226
1231879500
-885620052
1413772490
-235248303
391739490
235048550
-736603879
-700540499
-1265366278
-674813317
1683322392
-148353234
1483251835
884127182
-1809645160
-358301327
1459233865
-1635373273
-2005996959
-2118399383
-1194582710
-107674518
-1527647915
-820779336
1917582757
412492043
1780416725
1572973375
-633787700
2043867073
-409035166
-752844808
1580663228
1071137657
-371371385
-1006914558
130308995
-778544243
-1338103049
-634634499
1300780546
19691317
-554648847
625001367
362570996
-1202213827
-2055455253
202024807
561508142
-1915489032
1611120750
1464095737
1268907048
428714356
-142511297
338818345
-1097747013
-1618946066
1648725183
174016692
1399767596
-1406193528
906452116
1991398155
-1829848472
1776056376
-1295682169
154406251
-493010799
-433408253
1740378543
1869439273
-2119140679
-1014065813
215422159
1145570386
1650718188
749182246
660033788
625478515
871380339
-2012262128
1433727363
351028404
634745431
-856862623
-184340472
-1202671573
-476819676
1389230370
-759711758
1947183470
-665353234
488390108
-587572218
-686582166
280872600
2071372435
-1941437870
450113394
-1373408429
522360050
243133003
345486490
918534501
-1436511289
-535776967
-1543396282
-1998499797
597088688
-1601914669
767411965
-2116880288
1936686870
-1129065435
-827349886
-1297068641
895633243
1271291577
-906250715
-1158173658
619810127
-511434250
-205460906
170798812
-1973091609
1946397890
145640826
464980373
1598306352
-100335249
-1727403007
2052047763
-797041280
1957608915
1501249976
2142705231
424277231
1764958648
-834876837
1629254777
-241080571
-950757513
-1283618962
1985117502
1828368052
521642718
-1460367540
413065160
-723185528
1147820634
1010170239
178680586
-426176228
-513290670
-965100462
765232573
-1246683441
1902117584
-730181723
-1261917531
408330936
104030054
857352447
-270105320
-444945194
-1994737329
-824417047
-887662144
-479154292
-1109173293
2016293241
-262838369
800390731
-1372015888
1212403244
-153793197
1058014096
-1341424586
-618318599
-1329463653
-1562222063
-2134859278
951304354
-1551626727
1148548402
-590338930
154362956
1116557145
888071358
589215287
1467435090
481170705
-281198638
1793256640
-2072321963
-796291158
-1807822052
-1802424890
1529728663
303239166
1338191429
1213708563
684337289
425079395
2048593067
694580551
-210636638
-2039990808
-453929645
1255432885
122280305
-1350499362
-26925538
-743516022
387229173
-1054954599
1912938041
-908267468
-1447838932
1828607608
-1078109222
-515652864
-416893207
-1209927647
-334536408
-2076287483
-2031280150
-406175983
780424314
-834236352
1951040297
-2000647853
172117956
-2492672
337547890
-574299761
-329075891
-847713148
688396341
170936390
-1689358427
2035498209
1721947293
2115751259
-46105898
-1307523799
2031982560
711015892
22930649
-412983095
-865653288
785541601
2044084043
-118896333
-1157239085
-745519330
494292064
-1949480004
429328806
-314871019
-1891489513
-919176762
-1104159992
1330371078
-2108987729
172570401
-1414732260
-1334475287
-632633511
-418198866
-979418545
-1361258061
-36924882
63362373
1262654052
1161608408
-1741049245
-1130736936
200464588
-1824163055
1744246202
-1024783912
658160954
-224175009
-1166541253
-798749481
-620226697
-880264882
750205732
-1665781138
488493938
-679243906
-1521058531
981837664
-1900576102
-1540826530
904018351
1184628479
1673801328
1488729147
1168888311
-343906866
-1889320873
1863943033
-1315770218
-1987192217
1990693550
680179743
875713259
-491155298
1850867488
-1081746024
-1334611580
1740235495
-780796358
1737753783
-791692336
-1000311308
-753914819
288246267
-1094886630
16806562
-1530935499
544111636
-1691307854
-1729889771
-699303351
390407845
1778058092
1080178721
769329749
-423688885
-1855844274
-497436693
-1140017227
-1157618978
483619460
-1561796912
-984192669
-1287968522
139597463
-1636257404
-1144261308
-430988368
-647287586
919357310
143989182
773995954
1164136244
1040814227
-1419051891
-1821493141
572771818
1205227745
-1133624617
2046796959
461068287
351172334
-306309507
1043996450
-809209202
205991952
669625523
952636899
-248024185
1210343182
-69525038
-1064642260
-1420495967
196892935
-1351369108
-173802201
-516887665
-916452206
1023343009
-688599133
1630924913
-405014746
1780665520
1442375192
410731405
-2111271748
-1505154096
128780264
-901797570
-1530464846
1139259456
1954805991
851852076
1787905778
-926416995
1769924637
-1762547268
-1919707053
12835955
-1852340534
382574794
-369779394
-1987130347
-721024087
536691605
1465033620
509496752
-741497223
-1056902150
-1973936945
-1127178594
1587423160
2125781221
862000487
580020215
750903473
2106382340
-1186513290
1111044462
-1816461383
388626108
403205534
1590799705
-1784419147
1311790688
191477546
234762769
-627414562
1828994976
-1532000653
-1854737285
-1078625080
-1685589697
974411908
-1084041242
2139251615
1935353352
-1390543615
390653720
84220596
-591886846
-594837180
44550819
1862088247
-2028177694
-1517016632
-1860579204
-570944442
-1817968704
-1328407094
27351245
1489349414
-355879922
-541480659
-103629815
1618311119
-686695995
573061277
-1821508031
-78294867
-376029472
-962300937
730850230
1438916772
-1485475315
-1650779416
-1324926290
-1538863531
-1087352158
242911188
-1160483189
1148048287
1983654861
793312504
-240732136
-2046932632
12504847
443555794
-527728858
1673096093
-1697816085
-717601089
2000273751
1598675318
-1965174054
-1306231578
-458452423
-829549058
-341431935
-286105516
-1067644778
367791314
-408672731
2107588200
480062729
1943117608
1429922910
857346673
1251655124
1363311891
-1225034486
-1519367531
430562289
848547588
327721860
-1629128972
-857410202
-696618092
-489334250
1655981836
355500253
1217975680
645945771
-451446434
394681971
1678089715
1342650569
1090494802
22409679
-1173043445
-1263149635
-54204585
1409501559
239129237
1272375319
1383212878
-429856930
-1582683877
1392295256
-1841753816
1956970176
-1417747167
763505897
-1670041651
1578384178
1744670378
-1831018673
1184758335
547972340
-1310094591
-2109012835
-1847176449
262305417
-1167047499
-855050711
-582346321
1330706313
99241956
-1580023934
-2052017416
135573685
-1194062148
-666844511
-1344951635
289738060
-1676830145
-1211241635
-1625893840
-1405174372
975827781
1078535716
72977684
-1122996517
2106703815
660278760
-13695485
-895833033
951982170
-1679555242
729396706
-794542805
-1290524168
-1417269427
1968462642
77960467
1848815622
-739116403
-1642254407
1596139522
-720467311
-1077726033
1452159585
1620555987
-397675301
-1993877420
-1393185953
-814943107
-2045370346
-1435956575
-902803817
1435627180
-410044817
1224866794
-1237802946
86266764
-418444723
-92823636
607485889
228221671
-1459161638
-304123967
1076624613
-886503311
700821185
1764929230
-1273570514
-368925342
-725740999
1500438015
-915904635
2076204869
-1029690045
-681879050
-987659244
-1877932016
717489455
-1277734144
-1712124300
1877341043
1582949475
-1928162167
1804403722
-452506252
-1328795809
2101792722
1653672109
-1266760133
-1392835077
-89236000
534000524
1776330538
314193139
181447863
32917071
-513235664
1199455141
-133444664
403878523
1482753119
548235800
2059783079
1504842010
-1281367877
1909873472
-416815872
-982978406
-1135628204
1432178559
-940533045
-1225057035
955601558
1061563247
772361150
-643250670
-2064170786
400105182
1717495555
-172152726
-250694575
-1422116839
860141611
-1077109778
876926185
-67344531
-1079804319
780807464
1152075216
-1926973718
1738949346
2147165344
1646306032
-1658144150
-138829140
1917919360
426165194
-370967599
-288784523
-1642486661
-1009133689
-819697771
-1628156962
-788773911
359968332
166198656
665478888
-1607546314
-926956590
-922334796
1487092390
-1437006467
1544412981
-418551312
-1384574412
-1877469329
641883147
-1631149296
156752615
317419641
680161463
-105329958
1748649157
-95168218
-550238721
-708769289
-755763657
-393269823
-1285426212
686242366
-335624451
-1579044802
1795602321
555967800
-1296799
218633305
965474047
-1524750624
-1262776145
1601939967
-1558289098
1531836586
40400867
518277613
-738534321
-1032869690
-1005796444
1755965591
93503608
-1585938011
-684987279
-212733110
170590287
2047141307
-982682087
-1988961388
-1376106892
254698375
1869548912
97154275
-1342164903
400590288
615402815
-1314256789
504929883
-143399888
1075142268
213205837
-1402244842
-1110755370
1907681210
-1793105163
-1853208588
-1582925690
-1209466910
-463191101
-1147988729
-795064860
63838243
70333932
549952025
-2140528398
700846375
202095778
477569792
424688087
236777350
276994931
1763250485
-1858742814
-1428167809
43505134
1598819495
1604293069
1039177701
131630475
-933827123
324076613
-2138440618
-343823924
923120890
-2012773207
-1962213709
-849389921
2089689844
223615506
-64034869
101049606
1171048134
-881404269
421678937
534448633
551851220
679355073
257874736
-1419839606
1498962736
1930476917
-383304268
-377230262
307668780
1097954256
1965041548
-1159408405
1902506032
-1632119426
-1608900459
-862854106
1076370381
-1373017793
149650457
-1791736610
935964433
22226339
-663167936
-1111995771
-853393124
-1589956076
-956434234
163562431
1188102899
704590873
1250925805
-1542171836
-1342607212
1119071448
-51703627
-462687478
-1208910007
-442684707
-1758043829
-1538259550
846454081
254039065
1687698622
454662626
-100788644
-2140009428
-1480239880
-218381117
-936660411
-844023066
1057783275
-180406899
-614686779
868742923
1699347210
-933205967
923173206
-164488874
129871866
-369878539
167096055
-675054656
4663433
1447814230
1958478142
-1330091775
71674846
1527718441
131643827
98500694
562679538
1855619842
-301589414
-1341353595
-945210818
-969215782
-1194422639
884880670
601659062
-545346581
626282268
150217986
-1147480587
2132918494
978590590
-95708887
-442218056
1758018856
-1206102390
-799855457
-446480752
-2012035663
-1397259208
-1924002098
-659616301
-1816890442
-484299076
-1166375677
1733941971
-1463608337
-246314796
-737902550
-1245679790
-1527553037
-1890492063
775244508
-1290343628
1963739611
655703097
-920284261
-1599849610
1460142630
-905862085
1046959964
-70677409
-1882566692
-605025629
-977178555
-1731056908
153205493
1287702430
-984691530
995854768
406538490
2125729824
1235980941
-907256716
-1794728980
1643902197
1824174758
139263932
-628974747
-1702445290
825405600
-1365074157
214502397
86129981
-959929626
-1921921336
-1909344017
-905062725
-490950931
-3896094
927732731
-1776650359
-1157921350
804969808
670592909
500476316
-482564953
411858276
-1059571938
-651792516
1941790309
-747296126
98486745
-425479145
1823797316
-798156780
-1153246334
1166894034
-1466030159
917024960
-2018869357
1908703968
372726784
-907268387
929710759
-693644073
-1713258388
-1753147358
2001860123
1248586112
1494569563
-581711712
2013794802
-1406754066
1378805733
-1486210830
2141114617
12880081
-1020124521
-1790676046
2082237227
-944800501
-881767821
-590713298
-782101930
1280550275
-223783621
-1435355045
1702073598
522755897
1681956334
1501870089
31181696
-1666036069
188420242
186016599
-1912065158
206430486
-1419850188
-240341398
523787626
-791358481
842042669
1105207385
-180088684
-613870510
-417384026
1490436971
-230340311
-631599957
-1045783971
-9575292
207713445
-599280844
-423035480
531322331
1723830392
-2019562034
1351365306
546941168
-814805272
-506994923
-1673112796
-156167235
501065269
-1936920402
1618157727
-886966997
-2034733571
-1919504670
-1263338744
-1637405497
1089924834
660195696
2138092203
561625525
-2104162199
519687582
-426001725
137024740
-999632603
1808002449
-277577663
-1647773054
-1579166444
-1128372002
-184489780
1854379698
1831425608
1416456800
1905999369
1533561212
2040099785
1537699659
1986922779
-1763707387
360667833
929074049
-1479302547
1969295615
-2106137159
1945444131
1203272110
26731106
-536326517
535941483
-1685366243
666676827
-950086152
-1310726983
842477318
-1993672315
1105692148
-579192853
1549143179
-1867752362
773288447
-1373599503
-1249541977
-740779557
262871501
1269025951
1438675056
-975966809
-1717120472
-2065715259
354616731
114279688
41572373
1984075132
-272535483
1900107644
-735579594
-760830270
-1031634704
1560597091
2104607854
-1074542775
1232821963
1356532725
1679178186
942375819
-61219275
-1625624203
-1253136226
536693793
1648311171
-1035000666
793875695
118657621
71646721
-49578882
-1093913328
-517498379
-788265161
-53650151
341646479
587142250
-1676733844
1970608880
1918120273
143382792
1053042799
-1189749430
1889160955
1938640550
-1808839788
-910380046
-2048574317
-1332716943
879943677
-811150295
-528295833
2098194429
357798938
-110481186
-1202676179
831348380
1903938930
-1005395428
1696787307
-685074445
-150823518
1651183555
1798415896
-422302775
-335641690
1271550842
-2141836925
1101276450
-441680553
-282802717
-1824481932
-1139641204
-801624780
-1646187759
-947315824
151630776
1387927652
780202550
2028160769
1951141451
1355628795
-1063519072
-486458794
1174234102
695050364
-849518618
1562177447
-924518460
-572176738
416126814
-303200516
1128939698
195436627
-1408640815
-1186984210
343256964
1699392261
911179889
-1312705650
1539542
1775769634
-1245853685
2047047558
979622512
-1845451558
941571448
1167973246
1423247070
567093799
-1288721319
1222449089
-512148928
-1644091123
703229698
818203679
-1162125986
1878841123
-1934075210
-1329313260
-453839873
756346705
1813232405
1298324777
385402746
-409974054
-743698222
-1380076134
348333709
-738752868
-1904572504
1327978808
870698605
-714917738
-170698866
13811344
-83963619
1664711083
93291816
-9275827
-1009054461
-359413851
825079169
1951827674
1639057847
-913144965
-931133193
-149299637
-494776802
1265864662
963129718
379223677
-1047231561
1704317905
914503656
-603601029
180157236
669754880
-2085509908
1400144931
-1755814324
-352689228
-1735655227
-282551031
1618598607
-760891268
1490476692
-1086810726
-628264198
-1813423635
872343241
93534084
-15458548
-460571738
550540503
1476923477
1985117208
855932814
705862695
-576215710
-1240087523
1517528671
-701683634
-57114135
-1320211629
-552156056
1325952129
531399545
1064779463
-1023492466
855651912
-640415598
-407889879
1570821011
-1150191759
1061348743
-2085192988
-2096106086
-197002425
-1695202389
-685822353
632535018
420592387
-511652180
-245421597
-279325454
-2084010621
973132857
32662732
-791965556
-1809191367
1639070187
1188979011
2044754565
1950660453
1757310305
1544209212
329012573
-382588026
-1929203027
1857784091
2055087434
2112690701
-1399622418
-1994540659
-452809854
1045392212
-1282310851
932223637
700240314
364937165
1910584268
1902298597
1300941289
1460522622
-1145942196
-1034178961
1033299537
1284142764
-1916234097
-690001094
1983868351
942258390
-94594961
2063850361
938536976
1578339045
-545948179
-489981992
-239935753
-2140030048
839604892
1345021209
-555847938
1009211749
72589120
1472699359
-428604214
-1827975147
1066373809
-1465304630
-2029800798
1817866832
1557067013
853561283
-1235121614
782524898
-1432932115
1178845592
-794376565
-1027994756
-243155105
177670858
-91418003
878422438
-2048220811
-561578843
943812296
-556825868
586290324
1751894417
799047040
812242807
-912071472
-1278217816
1671836784
-744377994
1883308431
-1365187448
989281458
-1378513570
-1747306388
-504927127
1695187484
245239030
191707741
-650955151
81639180
2109483478
-1432793321
1657146438
1166528616
1687395097
1678465712
-1908370715
-1062683168
-503750063
-2147280506
157000370
149283446
657044411
1268102751
2136378575
529994047
-97014349
-1207886127
-780934736
79696490
1216123753
-659179036
308514031
-1750141823
-374112555
2096260341
-317564324
-715674129
-573981208
-1188504868
-1505478568
470405825
-348434685
-1088493231
-387986590
1923441328
-984207188
874715275
-1943591182
541061983
-264865665
-2131646167
444776325
-394544416
-822581919
-1185870763
-62854663
-2065285508
1992089852
1882929702
1291680794
-53696077
-1980750746
2061208134
-511024516
391123329
-100043741
-1895894316
1214988170
-1620826142
-973723827
990826891
1434675167
-1559813224
-1076793839
-1131633885
1672925140
1453973547
-391279779
679955703
171163225
799767089
-867535401
-2048336665
-937142008
-46404657
1944130576
1577444223
-1377542793
-366121601
1978238969
-1027224488
1875418061
208969491
2083929493
1565382846
-1991571817
1687403769
1764012272
713990291
826764252
1613587903
1530928975
-1498530446
908209006
1270854617
-339634264
994542615
1551072898
-665800798
-1692656044
1629024253
1365714050
1860263328
-696592382
-2109463224
-2069264094
2097999116
-184389650
-521589531
2042148785
-124925296
184954195
-1795764497
385920945
-759522478
1064594462
-1111773356
-1081086295
94987312
600141027
-832958280
1135231800
-624467635
1408413716
301621656
-364036755
1519931852
-1179889552
867628978
-1826959274
-684180517
1197805752
1895669156
-1705772842
-748229389
-467332952
-1177954605
953580987
1184152157
-878813915
451214734
1571691792
1339835895
-2046963790
-2121818254
-688211282
-1236448456
866513192
-141968369
1106404377
1219016816
-1851206746
-1979332149
-287359608
-101803948
1605441477
-332618490
1265019973
-282947654
-1369861872
-1018770049
-1402449353
229897120
-923386445
834770421
2123935420
-1253917838
-1899461263
1676487185
316963004
1800065931
12841947
1811582594
-689502725
1607701500
-643309122
-501809303
-745581651
-539402355
965067228
1668567288
-1716222897
1359195904
-1156381473
-169593259
1058268852
43650204
-610219894
1873187523
-213919139
-1915829271
360891953
-1704380157
-727177970
1134447031
-1152240533
-814105352
-1353085539
485400677
-804220923
403717001
-358887412
713702495
1073315897
1772371146
762461914
-1035588376
-284014049
-1045752738
-847993451
-983855847
-1334278302
-1338940394
1689993395
-973569752
-78048201
867673309
2079448738
2005746669
-476878709
-1395402280
-363626978
1788741794
-1147350917
-1818701367
-678363711
1378530538
-965068791
-1914332492
1891283168
-230050028
1792966155
-2100950076
-1167200876
-576488288
-2031713690
1714915694
621078549
-1773122303
1707828092
942893014
-459772081
-965571420
-1317626142
873631602
-1551343954
-1576817616
-1066727082
2020886509
473487676
770328591
1076941295
-1374925491
-83910162
-187417555
1419904150
-212167849
756950330
2025304063
1750613940
-963552463
1515849709
-1937088825
-1588358867
-468418743
-1383116998
1424924693
-235032948
1363614069
-1833667051
1552544912
1093401726
-1358239908
-1887829055
1504778998
116791684
-1213787885
-1942718552
-1554910879
-681713692
-1627245046
-1906794902
314812107
-1306455328
880141353
700425271
598343891
266087210
-784343755
2070509665
-2103395904
-1154943338
-1611149704
-590784980
590363334
-1210384623
-692691295
1125222120
635254408
640085201
1896134120
1471197506
-734468130
44128205
-1904614283
1199851990
1257240791
1641331823
962448130
1651046663
-583903743
-973764728
1140812222
1443564050
565080551
439774596
-1914259084
-765053087
67026138
-659652386
703099628
226846749
1041257716
-1192903723
-39556975
201863942
-1611255207
-986451616
-530753964
100481670
1779192768
-680961698
1956858831
1090369026
1501736753
-1325978607
-734522196
1785183347
-1969231088
1262616781
707216199
-732289995
-360176807
-1322327060
-360595055
-17953762
206847788
-23635964
63376440
-363372078
118135436
-1000360357
436501508
-1084819114
-1009645469
2075042459
693453188
788400610
1371828425
1333495233
1257502441
1517036538
1867943813
-325761957
1605954609
1278080191
1151243987
1285661682
317624711
-797676926
236698215
1403589572
-1558731799
1556156057
1094510257
1355402422
-1445396469
1679665270
319105123
-320308088
1660108666
-406684172
-1844410321
753135690
-1034517500
-563100428
270819029
-80449010
-1256385193
-1812719064
10642780
909561310
-958417688
-542961362
-656013921
-1074908688
-828322794
-786681376
-905466102
822566423
1522129038
-1745619222
1090139045
-23406979
336116464
701866396
649228626
1876102543
-464467022
-858917120
-1907766446
964081975
480107077
-841205201
1326462989
-123287728
1421179509
2145908704
1821042450
-954030762
377832469
705656641
-492256421
1767690077
1447225562
-416553975
-1320790570
-53159356
333268103
279283150
-609301472
-489984726
-1968452790
-1518102381
-2023741549
-340271585
-348390810
155753124
-986392446
2049861150
-2030915823
1575297958
-1451931198
-1688133573
-2144237666
-568813335
-1099423635
-1890236392
-905006369
-885501183
715142114
1049193373
2058342852
1607141524
-235699697
-312441881
20893511
-2131783052
-310991886
-1703859839
-1367747956
-1469883153
-1960016292
-887662639
-1957843133
1500387942
1364355831
-1130728492
-1241745328
-650278116
-496208501
-1759475187
1380456622
1620405839
-835237508
633534394
-1909254512
1852108940
-1982366826
-72879287
-1050155832
-1173083329
803724301
-1001936887
1400465004
-965637751
596892862
-1405429468
-751466314
-1672468906
-520382533
1935425485
-1720903892
1801811885
1827879430
1608849589
-232641024
-100279478
1057478299
935367874
977333945
-29042583
-1227889229
-791076606
-1407427822
-571004188
1093530695
501070301
-467437023
1684138880
395331538
-1171473014
132197307
-851220094
-761234853
1886712260
496717334
-90732151
-8236366
-1821069124
-1593042512
-1102922345
586243321
-95784623
-201664656
535554672
2088830822
961093246
-1910024950
1392430631
-700758202
678818323
156089255
1582676981
1712720452
-922958169
2050927812
262324556
1870133226
776148172
1096927577
-711096277
-544651416
-1257173116
1236731710
914131635
-2020233836
-1093954572
-540182326
1368747002
428910386
2133909591
409758397
-865498593
1679663988
-1951054284
-2095711137
-1574888033
26333891
-1816376365
1566086632
164133349
1216191935
2076045549
190243106
1623737127
-1733818235
2049903266
-2042353588
625651055
1833338415
1996417711
621625154
1288509687
14680224
-320092705
1816419034
-146890822
-521004928
-1173189182
-488080753
-872323001
-346300027
1916154268
-1744353180
1831719383
-1241407756
-595232096
-1950182654
-338440798
-162446233
-1083836579
1798358563
652736877
-897073456
440248952
-2078145229
1934577511
-1240249923
-2036567909
-364262348
-548045003
628053213
-87993939
82262753
872891467
-1734689342
1317482819
285502998
1957383549
1578197480
612864597
587697006
-852915755
-1891742475
-1694932428
1356227373
2094657190
-1024719038
96272059
-2038969248
-2127492383
1854720153
-60429371
405544771
1414658982
-57896128
-14292002
279474658
-1812818402
1081834294
-1820037060
112622338
2121783943
-1174495812
-385313808
-1657454784
-469891952
1499106582
900404824
-1047204741
6343910
-1940769646
491325655
-106264721
395161614
-599689015
-1515772984
811487137
397626997
1997215780
-1390348625
729939330
-1031915067
2145750946
1142843313
1246379727
1355072377
-477427753
203241029
498668854
1611178163
-787706313
834893100
-2130904258
-2008123572
-1781981548
1162555294
-643632281
-667375572
-468893468
484879813
1152902544
-699143460
-118997176
-1027601298
-2133332327
-1906733479
1662007369
-617735171
334530120
-1189842134
-1702981276
-891045214
1482989424
-1563225420
721587656
2138971593
110110287
404891597
-207614627
438943447
1469743416
674286734
896317448
-748888302
-883034255
-520609427
-1359079123
1797379808
-685497762
-2008166006
1637838709
-94723021
-1672098594
262801480
1940796624
1376414787
792650996
1004448799
-873946435
-1924602754
-991075415
-276368720
-597051704
-1940990276
1312575281
1137943065
-977110188
-1437977417
-209044660
1086952330
-1420257126
-946114886
-1834161169
-1991423208
774795761
1308950935
-1247150557
-1179666224
2058965839
-277778467
2128001835
1713207055
-575769841
-914154934
746551788
177412624
586664948
1130670974
760820361
487482566
361632621
1334315762
1040590925
635270892
-821735398
-747828441
-920597042
-160806823
1718473870
1667778338
1154369358
233964952
1073979990
-2097814762
-1391710364
175972792
1312979258
1789600867
-2029813285
-731500193
294983362
1586828479
971296985
-2129992923
-499488261
-1040079694
-1955583933
-953964257
-396116101
-476839609
-477281440
838068152
893069729
2103185664
-1182861124
21872072
1420929313
-743158774
1887895630
545372638
-806823489
1781031857
-1887602724
-1224470304
-620484774
1390046485
-382613090
1075194326
2070531883
33784606
547412257
-1671654654
87830862
1468535724
1046911598
1312207923
-732416382
-1150858221
2056222571
-1188113830
-1766994388
-363833146
1095772032
1395538013
-1751922527
-1927320495
141614461
-729114325
-32992860
1269809548
547549114
-2017526001
1592102701
-2003890931
130440831
1676926025
-400349076
-621669922
1100405926
-207679270
-1884833524
638668143
-1450295682
-1816266337
1727788220
-2079330611
-180063501
364436641
-1847361814
1040092436
-2005701909
-1893710165
2021702353
-1917955806
1028100850
1282027036
43456438
-1340045683
-1291074792
-1478627587
-655401619
-609630250
-1932932839
-2126810027
2014690594
1788819934
-1486425921
1587225276
-186537387
500664984
894840452
-792111059
-1682718682
-659511553
1131401338
-1774611168
2136356562
-303670198
-115811985
-2066046248
-802116227
-1063954338
-605918645
1842760441
-1471656911
-1836499580
241950141
-1143180195
1485931046
1068219740
1641576982
1447213351
816374851
-111808752
-1160520332
-2042705385
-144904220
-492546869
-1121023966
-116182241
-1597327907
2080457836
-1915868865
392910134
1248571839
-819943561
1212387741
1889315181
-1231859367
820201035
772960490
-447700673
-1145114495
-1824058726
-1479196395
561756204
-1190965996
-638769900
-1641413654
918260360
-1139886278
1997890149
268089087
1065289103
-1092124178
8059746
-679566893
-1376189251
537032637
444349566
1702879795
-1458638756
516249549
1873502338
-1656562977
-763743906
-448422112
-1030923652
-1859950482
1298959980
777265690
170314488
1926627438
2037696062
1491745344
-146369427
-931586354
-1016988883
806718530
-343883014
-1283086976
851035142
-1798591941
-87835822
-2039279014
255718944
-841017802
-526588685
-472993987
-1942192977
-1914476300
836846493
1808998520
-667627173
-949575445
-2050903038
1988097390
335800844
2042748306
-845561927
1174871925
1988145159
-1943794981
-1002226568
1784705793
2105562174
631062785
-475518334
154244865
1423643875
1343872131
-51411362
1463486088
880756797
-173501841
-1405550135
-1604253520
422166719
-883489565
-408496148
-1150172486
-180887978
-1482384432
-910937903
355977338
-377954046
1011066369
331991059
-1652896015
-1238806360
-1612904869
1458162389
-1232706245
-342061531
1963651430
6758645
-555165781
1304813990
2080603915
-148138624
-1818582732
-820798922
-1263266657
-162295193
-253686006
-1021046120
-476386528
1260217203
-666568056
-905597098
-860080707
697644150
-199180972
640690713
300199067
-62505278
1406583744
-210321861
-1673297962
718068191
-1326161549
555223706
1635907269
145515383
-1147483064
1309260975
975126402
1552364181
1036149109
837507294
909849256
386271758
126523631
669824015
1063456606
-207634882
-1660204275
-1599475076
-39881836
1665729015
-1639830421
-1379393588
-2077027188
85954231
369206288
-751127455
-1553073252
1117985816
-478912557
-1345610771
1223772977
1195498124
-1927591174
-1778085557
-1023684585
1428514120
576834339
-1590566004
907535094
1988648832
-1405196441
1294202959
319249951
984363221
-1139524165
-875159723
-716002424
-1022782197
1013705370
-948532397
95170325
130937599
-144652576
-1967881206
648646937
1164095191
-1391878151
-1711856236
1516809499
-958731397
-822981062
527450369
-1127339812
1039626051
1731054990
2133078562
1818752920
137863152
-1612792748
1614331556
1541295500
-865482272
898524296
862605919
1535231928
-459528579
-1450659040
212348144
1848495078
-529312266
-1141521992
-1395829628
-895326998
-620609486
-439363984
292905463
-1024909526
1619693824
-1285620203
1497987613
-762533536
-1555283054
-556686210
1678968926
-224182882
-436342485
1645989688
1151798919
-198699374
1710151447
-843260315
1754668511
1981838603
-110180388
-1851394080
-1548071559
1238170043
-936936530
2088337573
92127688
-202352834
1842738215
368986224
1212782968
-213868454
-477501641
438782883
-1573497989
-1985431928
1400661336
-725930132
-300678559
-1135371085
-1896993018
1890901030
1316085996
-573328833
-7246482
472439296
649206755
1247025740
1443480165
-1341041700
967828774
-1746742469
-800529509
85779577
-414505982
-1329184144
473773328
1371181523
1938708166
1941518425
-1465182522
-1939891511
1616411030
705999023
-1369384521
1839856384
-1497495938
-2036411652
-1702850551
181192967
-722378038
-718604452
1989815423
937546427
565464468
1940829063
-670849742
-1248977939
-1671879779
-986958834
478416257
1142760257
158600288
1041393124
-767435962
-636415656
1439261796
1689760799
456379210
-1687931343
67631313
530341376
1549211898
-1684375348
-1682773946
711829808
1038417242
-1517839088
25705705
1251177548
-957568711
312050670
820941758
-525996637
-2091503963
1724107205
197485884
-977178050
715525537
-803444985
-1214725347
1317722400
522213397
-1743833315
770875253
-1575571762
-2090491643
-234321528
2123428102
-452319983
798173957
-1361764024
-1763096366
-1586185479
-778892820
653805184
-673731344
776855845
1172319175
-14758310
299879587
108142146
835550480
987774248
-1220222552
581924816
228498464
-1049794869
-760360242
-1389812948
-1095512095
132002136
240151500
844546762
938620359
-339321352
1542962766
-1117539391
464280320
-254575601
1994850385
-956878964
1306440937
2075421343
-153388112
1052132878
-1160336188
1571621870
1149592317
1029501910
881996456
88018791
-856121452
-1755588444
1267796920
192607677
1305837
-625192404
-38776937
421180246
921556274
-2031812839
1111214363
1689883878
-1472437487
234155604
350760512
1519602265
983932114
2114715269
354706270
-2140259339
-852222805
1631269337
-77644386
-336360001
-2046010797
1296038406
-1648199510
-654740194
-1003193900
-589709173
-2001022045
778749118
1812575141
62467900
145787224
1170264759
-1139037705
1073544445
416454579
-1330438931
-1965605041
-2128067891
-502625674
1158827961
1911538260
1622842630
609598759
-1912958264
-871464214
-1403872030
387729481
769867843
-1589762946
952585793
-2115170868
1825598000
1611153827
2033046952
965318853
1934414359
294728926
-1601410420
-190593951
-1004980504
795286205
-380882479
-346399209
-1108861669
1333158189
2123349133
-1147062500
172717337
-18384883
-106156272
513038620
1097581530
-1261537538
1029657640
-1904389594
-109661746
718195836
20783264
-1102263321
1596793857
1633831474
-1368167670
-793124326
550978425
1888756361
1537924030
1784409151
1483151074
703966081
481843490
-836063606
-1829203347
-1231291708
1547858986
706487838
-1922547212
1364373240
900897058
-2125044614
-1649938079
589396564
1828849835
1574907443
-1995770032
336020085
-1670456062
-1139126045
523896307
480700786
-299524216
-1039997855
-501701066
-1395715027
1840263806
-1977947342
988070179
-7896596
-490532081
164628030
-830809210
2095302951
-1190250605
1271607238
-466622508
1837403555
-1220080111
1938600341
509334088
1890419647
-151691514
1477757557
-138532018
493344013
1994725476
-1167280412
932746277
-1903314396
-809810723
-370470649
1576063423
-99263053
-1790135456
-162939937
-1809405461
-625058599
473502435
-1101869638
36171445
832993460
171279971
1280126443
944725004
1618955576
-459410136
245946812
1067527077
-1905778367
-594240691
-822737757
-1880980705
1040983018
1181458047
-2110683212
-1019797400
349612831
1670163204
-1893444521
599976030
101992304
-1764827905
1228594746
-947700807
1794162984
1936423410
-1424707448
-1553058265
-1498459490
-892977533
-748969381
-14402632
-25447478
1699103874
460676718
-798852996
1258801946
717800746
2040082966
1999320681
957552518
1745304486
436164466
-209506942
1513498593
-1679905833
75378401
972108342
1377678194
-771878572
1077746612
-1495276027
-888789053
1415461554
762050596
-2133373335
2013380536
977638660
-395750266
-394365453
-2120189982
-1497453659
431027644
-776766541
456291349
-107978700
-309377298
-1660242723
1364372023
-1456267553
1429058170
2062271656
519104091
1378783972
-1554573784
-477245831
-1980793843
-453009579
26396322
2139235904
-1797637905
-413229029
-1054353886
-577821918
-1384027004
-457558212
-964586899
714274904
1906121035
1547381344
126447103
-650069930
139043599
1827280016
-1910912889
805824047
1517325949
-354947007
-1712305515
496580919
1782916598
1723252113
1086179473
1988196073
1143347110
-2074097457
1650254063
-226654453
783442133
144266561
-2112370272
1689855504
502340221
-1824149472
1467547851
-514074180
324074267
-1790840857
-391523140
-757199858
725459402
-925178932
689764124
-1797623719
508952204
488830862
1215467362
-1901193549
19950571
2010910577
-1436122999
813420947
-145863232
190095494
1886443011
-1219636811
1437223250
-574125776
1271630828
1935318081
-1536595294
-356356638
705701507
337690411
-286733564
1695456813
450022613
2069817308
-1830384399
-1126906375
1623710394
-266059758
203309339
1517547282
140254725
-2003880700
782108866
1862833894
393687798
-242283319
-1868887738
-936846196
-1448954893
-1302401543
299959548
2032601864
944255095
-608748140
341978436
695993293
1130569546
454850338
69829082
1913605506
1529036786
662758172
-1102884499
1915407113
-1311826071
-807350390
-1823166611
1967414972
1442690063
-455659796
1960047401
1957166585
-1422310174
765641054
274830360
-2018445088
-913502229
1710369782
-2065565834
183073371
-291347461
1448059504
502137618
-967605154
-467066473
-882178291
1429834086
-2054230929
714266416
-83123017
-873733401
230956136
1139207319
-1503598743
551045278
-848061573
-873885265
-2097432883
1900594168
-171531401
943088739
-1942989018
-102250535
1409107529
1871380954
1614476399
293717750
1885005764
-1567820055
-1518388284
-1994826909
1723469732
1696187337
920495873
559797099
402446288
1558636297
-123773272
373110687
-1155564834
-1943854139
1411634696
-347595215
1023854300
1546221336
1837729178
1747902338
259815501
-664178482
-700618835
-1459290120
241680754
-1146100898
1341332294
-210705643
-1905229366
-181002474
-817770175
-1514464315
-836767270
2123181208
1648388027
-1609437706
981059376
-757220732
-1606592589
1619711341
-566946651
441234038
1783978222
682960343
124545763
1692379442
-1015685092
-1255270370
-1760494297
-834953698
2139544376
-1244145410
1877265990
2051784176
1061769268
-2057671465
1148987892
1636113575
1194246612
-508658492
1158082116
1700240062
88571609
987717867
1520855402
564881823
-1146863774
-1036846058
790417352
441312086
-1821789041
-1078248317
-252735961
-500717178
261811815
-264350217
-706347964
-1992212577
1200208891
916457752
-731761777
1295684689
-1104516661
-1010332676
-274067922
959262267
-142966169
-744298499
269652551
221769703
-570395303
648143054
-2040509057
-1771133190
-1973139390
-1307592493
-1647090499
886495911
1551873602
1884579500
-1702994894
-104952475
-2109316707
1771769874
234019741
-732895775
-607323238
-1226514970
-348130613
672658228
-1631549778
1919712647
1492230749
-665190312
-1928522022
-508566685
343518413
-281793832
75871313
482026192
-1167723598
658190535
-2041232291
-1800900836
1648944451
-1920554510
-1625645950
-34170398
1753005593
1872371800
-1039129629
-1147624801
-1288527048
-941442086
-993941788
985017220
936040527
1136096558
735658256
373155725
-2122082753
-365624295
2125889853
32003537
-1084209703
-349307683
-586077202
-1487249892
-1258085653
1945817327
974864375
-486759750
1565494141
-864246036
-240377497
1377147797
776699736
-597606962
272174753
1711394434
-1877273657
1860521818
738018252
1111931095
358145953
-1388960292
1190555756
1911701056
1975165830
-597010154
-192912559
-176049966
-719211929
789898869
614797487
-1700215200
-450175412
-1695213434
551835278
-603844851
1447685457
75035047
-1266080924
1698152738
-2085037327
-1964044799
1406657279
-1848840671
2068015494
1554002101
-1547938392
-291736294
1803274256
-1193807787
-1252313723
-1583069636
409817140
-630770027
-263303617
638110638
1957601416
-1767733438
966257380
-1666872417
-1559980275
-427212174
-1094402547
-113420389
-136581124
551704060
-1434343357
313367840
-1711829819
-403828182
1281163422
1722657649
-351426732
722736557
784417710
-1596194135
1005483413
-940604208
-1632547681
1718157330
-1871511238
1837826032
380402839
-590382153
1981495227
1002507563
1134785634
76599
-1993443682
-154343081
1313621073
1551228380
396498936
-2023558090
783234654
-1326848533
54379315
1365715943
-239888748
2072593213
1034782224
-775197794
-2096751187
2081055502
-441583121
109470103
656990716
-921401068
-1669400242
-1389399993
-468258163
-1736755757
1385015695
618327765
-1864105846
949558831
-1039213315
697662664
-1201489184
-1163229118
-1840312048
445930752
1583530017
1269834095
-1358066448
-1558443030
-1530836309
1616945591
-2138282953
-2139257618
1133902602
1782632522
727147003
-2137134292
1752655002
1566489953
-564125686
1803782504
1651064945
-2002369206
187551351
1117674818
750807675
596783300
-2101121195
2033295786
-2123952923
207521420
851937986
-1784214382
1286446527
-417996233
1034198823
317436900
-1065643300
-1726159806
-2046176835
-1769878091
-1803751428
-881062041
1722262354
1391574971
1528304428
291088177
444378444
435696124
-104242323
-1122343982
2093132526
-1921640248
-315046508
-1632039116
-238267687
-1794971159
-667485328
1985109837
-265763626
-1085247208
521097521
132358583
996773842
898824113
-797164281
1980763263
741643305
186102698
-1856776951
-223754180
-1675934169
-681659967
-2115289256
1509492579
994383050
-55791884
1652457604
-225657126
1116928205
-1017342666
2027703341
604361674
-356618271
-2105569441
-1419002899
1829163705
-1604949955
-1814697885
-694415243
1887405015
698409049
1796876742
-533929739
1848438935
1989164789
708521295
1774148801
-2036617599
2020058975
-1128720901
403145521
-2122087610
-2036740618
1596220468
670987720
2066789908
-1524494103
1811781954
-572176233
-2078236117
-1638934204
-131654142
1023014115
1379688112
-1158117331
-838704940
1354125829
779456449
-393972630
2053922521
730544273
691451081
9419813
-1587737506
159921082
-983988204
1646259955
-1540337518
-779983627
-110410843
486265874
-1328117633
1934851547
-80748729
348311794
-1298807497
2012476499
1859296225
-13257738
-505136819
-20851473
-1958514674
1073407867
477596039
2088228758
-1524225555
-263958248
-131337007
-496067996
-2102306252
-362979033
371296115
-1979963699
1512594571
1284249220
1989987718
-429644536
2071793943
1813510804
85702820
-905092694
1230707540
-1124705911
-840520482
265783696
1202174503
1691040483
108062962
-239714302
-224490189
1826807353
2002435517
-530255084
-1419453589
918536248
-853849874
-1889988017
41037543
-1508545556
-1300322564
1112443793
-825861637
-1849123778
1770049625
-1994083791
-271435386
1880191421
1524405735
696251494
7981191
-798703456
-30838613
1309082344
686512373
1284881163
-1294329664
1733840599
1014040014
-370050159
18421645
-717291044
1428075120
-282446854
262129978
763155598
-1433392344
-2063596475
1819771231
720398102
-938460408
-638468624
157009662
1110835220
-222639363
1159731062
745528243
-228928060
1052335648
506598424
845742633
-149338788
-723878068
-944659488
728905680
-124347207
1689908208
457424866
1596282316
-1996400071
-323434459
-477133116
-1723806416
-1392965910
1835108354
-86237823
931164779
-1365831965
-356107729
-1482336151
1819479042
377633778
1093332920
-706514837
579704959
-1058228617
-735511261
1153583254
-1453817944
-1477005169
1571041476
-515307555
-1683873036
401481588
229415502
-2026173670
-1402633926
646326050
-1963149395
-1098419371
-1479876181
-358147010
242031379
-986917819
-1852589566
-1323155405
-139207087
264947478
1906459641
1101175710
-1739098265
779314540
-715098626
-655975701
539083358
-1142230873
147936039
1340363072
1037653076
1000614248
2001913442
-1523284583
617901015
-492037292
-507151120
-717296077
-849735050
-1851760361
959673363
1348746798
-671399019
1576477868
-110809595
50915693
-195613567
261119962
291553836
-2077375808
-681911869
-788782847
1875721356
-1166944187
222160313
-447096810
-1981284227
-550817270
2105736289
-1301221397
73474717
-503687433
-1805891464
-2132592717
-1857098233
-1760117781
1379999171
1935532229
481822916
-36667100
830698667
-659155808
892791681
497426915
-410449137
-534091985
-416243582
756218447
-1657455018
450013517
-633078314
-937048167
-1118965054
500948874
-1187655988
742164064
-378070004
247882031
-940466011
-1674226857
-603604180
834167679
8267402
54145573
-542874249
-1973979841
1245669568
-1907892596
1389406447
-708858248
-36687079
-1813115956
903471574
811047035
1046443693
-1328957879
-1417718396
2024542758
118854346
1411410795
1473554042
1366275172
-1697597144
218999749
-1276054090
-1402111239
1036444001
471976825
1616790856
787920255
1720647583
560198873
-1316753372
-229604181
2113565334
429863250
-1449112774
270886868
-1639785291
1241291909
814924739
-935092554
-912270185
-1536481866
200871646
-1841732750
-1181001537
-1401453719
657931867
384581849
-1699589500
-381862582
2083245781
1549338857
-566528950
-1740378035
265159429
-1535234153
1449905906
480915733
990257237
-397767218
1357216403
-1338920807
-185311053
-58273609
-1832710551
785811205
836021672
1632639291
1624122381
-1680488227
637171880
1360957381
-21079578
-962213272
1749107883
-1296371636
-599684897
1906619723
1879291132
909267600
-2056969894
-1586998157
-1183566512
-1073237341
419685219
-2065417672
1162841881
-1143538262
-1302698456
1380558015
261292060
1754638052
-1105714519
-992557921
828679745
1490618603
1986655659
-1023325754
1979077801
1766528826
-942256911
1690458781
1444423173
1257907183
697463726
-980919958
1135697957
1723383248
-1300516299
380967926
1923841231
-1903236461
257307890
2094365039
2034527186
1787707737
1386147485
-1121365361
595223129
1399761275
-1319310933
1625389052
764726148
-411975287
-1506689784
434836210
-1645007308
-513330545
464525315
678851614
-1887167450
-427002982
-738551414
-1428067123
701726275
849789306
1696360086
-242510266
-1832857035
1516129992
-1565510680
-1751307405
-35443395
651030570
-176048395
-1758504762
-676718525
-1297430315
-333401570
1288644185
-207120082
362527571
-1424224221
1111646295
-1084162699
-1248812410
-200359207
621289882
-1161217546
-1268410644
1460623643
-393943915
-429853690
1377748003
363757566
1214529140
-769292344
-1244818768
146793288
-1682397055
1899601858
-1728566789
-303292127
-1090257975
-1849216595
1198034589
1187104010
1087996671
-1337723764
1205395678
65437199
-1938504033
-29449217
-1790541959
-1553398728
-2052163754
-1603492648
1561203361
-196648636
-1939137888
-216736018
-946945208
306483353
-1321902669
-1200758735
-130866530
1331931765
-1284492645
1867685118
-2103278121
51252842
967515045
1125278132
1707465265
-1387446008
1214597377
1951779207
-831048395
-1915195173
-516789086
1079758483
-1822186180
-163522921
-1510053783
-194033868
1847264820
-343448430
2019244673
1755735188
1388437156
-2129036943
362204172
-1006434683
479561964
215583270
1275889151
1982068880
-1045222191
1957951257
1593888841
1562668109
-661238471
1636794533
-1298997446
1246250228
-439620046
-865333563
-1154256094
-1964439500
1688442680
-931545074
567635512
-570390461
175617463
2065527776
-235445058
-1091855563
1706763214
813122520
-1225553055
751858577
-1198401707
1800577160
-1930057755
-390500831
378993953
-1448147606
499968001
1949198602
785581190
-2037680111
885637767
606337051
1510498076
-2054273376
1429620424
834210409
447084742
-2134525568
2130279989
2024854811
320515056
-1420448691
-488848311
1142953857
-248170985
-525254128
-1376503642
832703595
233861262
1983850675
-1474711682
1943706808
-1329344130
-1606803535
645645364
189835053
1888254253
1233565196
-1355222462
1912893831
44257155
-867011708
-1474766756
-1881958702
-1627851318
-2048925435
-151778858
217908987
-1369927499
-1104796576
-1468198334
-2110985308
-1166102877
-1289608386
2015596381
-207518153
247582244
-484286128
-1946909398
611801917
1742620859
-2143941173
1609125983
-516145424
-1034967579
-1938099181
-683091200
2060326670
1421711962
-1299364938
-1093339318
1971545583
530790290
-367565925
-508033839
1776874201
146476938
1034896506
-1144699924
1296114579
270749895
672261774
-2065584
-1247356104
-354869605
-2103114103
-1350052870
696185420
-765810266
-1590549048
-1698361518
1895865364
137612447
642605512
1819900813
340675873
-835636908
1007537879
675957330
1713239854
355615215
82070030
1537813920
2072555051
357722746
1404630654
-2066784530
1518799513
1453747876
-2008622680
121599123
723574040
1649596356
3164978
-1077630616
-659814595
-1668497634
230566872
539785899
-371225175
1768323173
770119584
123846694
1430075222
1012785281
391841617
190751375
1017466420
364532882
-1222437595
31265842
470635764
86283571
-1137944387
-1996247091
2106312226
-557639166
-1659892140
-1933106758
1836593273
2076809568
702184759
378961747
92292210
-1189951371
-1850388108
-1922355055
-1702385890
1246205814
292642001
1119571958
-1607360971
1183280682
1060565760
928490668
-1152325267
-1330041687
-2006756080
1210882798
-479503088
-773524377
470605861
-261103961
-800845368
-210567824
1041167211
-348488616
1278754237
1378614260
655999303
-1003901890
-1134032159
899406342
-447643697
-1013011533
895876746
708823456
-1714705284
702040276
-1950562752
-336268566
1492145950
-760806301
-733708840
-1716698437
2041620495
-1138299409
-432160063
398728543
1357059499
-2080858574
1773807773
-609945190
-165085953
1646588857
1698620179
-971888659
1976078783
-43158070
-1090012957
-1048950249
-1440654979
1418035585
-1105357766
-475054370
1058055704
-254892740
-690666426
775521807
754893682
1542770232
1518355469
1387225282
1336200293
-127062916
1952619130
958869986
-651797770
-1616580363
60696504
1381032683
-199653429
-438613534
-1141574717
-449163019
1372253402
1567900017
-1152822724
-1233189390
-55402653
1346921130
-1193545860
1273217587
485119263
-280016756
-1162536214
543332912
1824794809
507607925
111665809
-776688504
-1717259907
-1817165626
-734866452
1706210374
1614438991
-1126678330
879457796
2075523941
-1235786787
-1990318394
576639164
-1732808298
391274008
879927174
-1172138645
-998053057
220587231
818764247
74955947
-1355756345
1338866685
1371860353
-2120700560
1618519568
2027578965
264490086
-455458468
-1701608892
-232147877
-1481072153
359152208
948760533
-951564858
-970799994
735771974
-1068628802
-1599556989
1161928139
-2115131811
-2086804722
-375763220
1022897260
242797109
621248934
-449855687
-1738275673
-716736388
1313652032
-432615882
-1690733838
-1650371639
1242232244
-1840612554
502047959
-188886360
-239748234
-618433721
-708183016
-1744699915
-1336913565
1792698790
731770905
791363693
-241760580
-1827470475
45031807
94313345
819309938
1262308011
1490256915
-1925130899
2058924195
-1970873269
-241974548
-1851034487
-566587548
-571193896
-941735219
1639947231
1118289857
-978434553
-302160181
-329638659
-271630847
1561715894
-660931789
83972875
-636072915
-2098358755
-103486807
1000643359
1250567635
18144578
-1694129772
-127238705
-1686983673
-1456004686
1092928441
-952148473
-1735045718
-2069517203
-1362421722
-408960739
1065857006
-861929439
36622161
-1724480478
-2073699559
-1798504293
454788991
513315450
-902303864
-958751366
-1489259670
-1041436241
-1735416074
459338789
272582429
350828161
-240769538
746659070
1506135843
1266136897
2043077085
294066135
1924158944
-1612837026
1516019325
1532595108
-387859651
-1383086016
-1396586322
-285651598
-2051382645
910310228
54898870
2029904536
1996905120
-1064042137
-571709173
-635735509
165897286
1911259960
75976030
2089933238
93747926
-1017807033
-1390381605
1949030698
-1449213153
-1536845581
1418959535
1232112147
-1630665589
78136515
1406348234
2081986060
-1660088188
-447306237
-1627348763
-201596811
-1863009261
653406610
409683398
-1983670430
63590346
2054629882
1492715202
-2064130090
-403140124
-1053669183
1706099075
-759197392
-1844654422
-633919234
660069899
-216288283
349274903
1446659886
-1987431432
1087354735
-728330818
-747984312
1522630665
-1782410364
2085685739
940870158
-1837863456
565463179
2101033224
-1785231707
-1102349815
115766091
2034179650
-221231769
2137993275
1594746853
-537087892
1857980152
897944028
1171163140
937870883
1194199703
-95932214
2086783058
117448753
347722422
-1359631784
-283403987
-1284229578
-1830379829
544976534
-1870092646
-1981961851
965389928
-1067896875
-1977867399
130449995
-1048174199
1931138665
252875770
-1559454986
-80704980
-633539408
1049774927
1016520147
-2045410521
-496355501
2104070306
-730973959
2028167221
1623102923
-1051353271
-1458082715
-1425257647
237651751
515700280
-902228378
2026595143
529055499
-377836873
292266555
-1153126521
1069283067
956281428
298253562
-1836057284
2136770521
720001050
-1449380686
602667420
1469274028
-729591550
-1475910189
-1000858239
-1682317406
647177129
1005099726
883506744
-475378089
-1090922685
1503166968
-1323968615
-679933353
-1684136497
-896000589
276063063
-656058143
703098251
1825100495
137843097
-681104146
1213316522
665614637
-1227393335
-174300559
1943329348
335762085
-1072233814
-633869857
-1265859698
655887401
-896248656
-1481005072
-1967666102
-1251463894
-574275189
1029574055
1929472896
1113168186
-1612145148
1830857872
-578947730
714344434
2114265869
-1633858744
564146108
-1096837355
1776942866
156188226
27391220
-1177036043
-1265194859
1919355079
1423137584
-1462431467
330614265
-1754625474
153686548
-1335666417
-1607975267
391396269
-1535235074
1161435064
1869007148
1948926335
76334716
857991297
-1031173326
1733186951
1155810814
-496385761
-366961165
928238916
1398479052
307899246
1173982327
-2026291098
-253414087
1508882834
-511238423
2025296785
899139352
707270751
1504315170
1043360608
1849016431
-355507206
209666687
-387822676
-2027404950
546939584
953304314
1839785741
-1618932846
-2069984666
639517048
1509188256
-1378585538
535425888
-1058331809
1544196618
-342128055
202743430
789056875
-1320063043
-1985584379
-2113457931
-1259441726
1670534522
-1137589650
-1674081741
649467717
1595521302
-1498246494
1083627670
-323772376
1066365312
-107159920
1232277477
325084612
-459290623
110314480
1660724799
-1195131477
-1571956282
-1262022542
1985985339
-1937572868
659295643
-1759478215
-1842999984
-1270954247
-163601927
-1555446902
1543004535
-1053192234
-912222398
-751900224
1880899854
397165779
758610506
-1389387901
24457727
552308876
-2008100071
425687609
1335807265
1624324751
1220951022
-1895540037
-2111351074
1644330287
-1517198201
-62265012
1850261013
-857381737
-686979681
2115787974
704128320
-1616606431
-1053030216
780927253
-503162407
-1279146264
-140941286
-801230615
-1553080839
-1397908325
406031130
-1266174297
12675138
1273138068
-1676467553
-484980576
743964159
-2023717080
171952610
-1260776316
668601225
-1068093120
-1596002444
-483815912
-2004541716
243968552
-244725115
-1747651290
1851926729
-889976409
167174242
-1659812171
874801021
-1240214193
-900211137
629509498
-60202878
913573909
680839990
928957838
699698197
-30114013
-379988337
-116275360
1996986137
-985538580
-1367521727
-1906545172
1772248891
-573813887
-65582663
-277451732
797183317
-81431774
-1141000999
-294287921
1408823831
630383128
-468588733
787488552
-1978201884
823824577
-974167082
354703465
-825932551
521999596
-1972511624
60368912
1594363092
737280871
-917391850
-1282266976
638552018
1341150933
-1447933720
352718228
-282418662
664137668
-1571987207
693302160
-1936987462
1444839933
-1368145178
1743454169
1660661774
-368344290
-2068662043
-790166777
644152936
1227091558
1008397321
907285241
-1310628627
-91491889
-2075849277
49041416
-1849580355
-419309470
-1757866581
-432387714
1028632150
-1974549050
-748349568
-399919799
-219639495
449779481
857535853
1417637611
1641234894
-169902846
-554929523
1306390964
-1541187196
389620486
-459707983
731562547
-1102760644
119044123
-1236521888
-218334487
-876407321
1420782714
-936358370
1174433856
-139909267
1226651833
1061183473
809639867
1156092368
1077084696
-1106026464
-309469587
1316485265
-789712870
-1934958018
1883994799
2045906002
1292142423
2058171238
1468318988
1884885692
-697410160
1348927175
-1474874240
162564258
1756003076
-1901840798
-371254814
-1886633370
1526332673
-936885230
-476178787
1388752539
-2046177859
1971963596
-1371157850
-276422932
-471890586
-1246339032
90893737
1255357243
294307958
-1364765152
-701216891
-998178036
6141772
-350745322
190594043
1497956644
-1518058760
530292251
1527963041
2047120749
-335840426
-1283519122
-2047230948
1209432348
1130834525
-2068191934
-1806573171
849731861
525684920
-368625469
1929884491
-1098980723
-1419487338
2136822619
349153747
-1719534095
179964862
-543516624
1463948284
617018374
696694245
-425568783
1075009902
-332052144
-2026838973
1233949394
1181315156
1100422072
1417394531
1530402004
-819561904
2052140648
-1010641862
1388194377
-2079605585
1546997753
-947640965
-1019480425
-334010403
-1248690480
-1776204247
-1856157893
-1967988197
821587908
-699980947
1062286609
-1569814162
1415207684
520360873
328275409
-1838997286
-1885916360
-1769887540
1583776220
572546256
-164910363
-1546071065
-307924423
580076260
221555733
1623993856
-774128935
-1178185534
808396342
1486715430
-1266195166
-687301022
-833857982
384873669
-1476809046
2083024763
-436212448
-1778367429
396668995
1111550004
249542729
327884459
518910263
1013045537
1497542831
-1591805680
1568697044
-1017915795
-1182297127
-1544694892
1992081450
-349565358
1758030674
-1149274335
-561074670
947294929
273327684
1384429624
-992282765
1728907935
239446367
-1424256254
-1171697216
-1299514018
610007294
355497124
-1335749180
-2137247988
1204511116
1268401623
-374359903
-1318797632
-1675443676
-1470887242
705712405
1256324242
1084644727
51391450
-2044482305
-72471845
288216306
-57754461
-1484342495
-811426146
-1153158624
635523800
-1932178137
-661195963
569680460
-1571011726
628585960
-432847473
1949616234
1855871156
-1343223829
1287039432
763873590
-1944758913
951449643
988959035
1954772381
-1342776861
-939874018
-20114715
-1852623012
1409973497
-1034198541
-1934996630
267035623
-803524625
1268545051
-1807071156
760469899
1907572323
1869668619
-999706022
-1717302570
-299401227
-885433793
-1463243930
-563946442
1848348439
147989889
-744910022
-1328056353
1265768742
-835247253
-18700341
-1502053390
897162174
-1137056215
861729967
1676289755
869737289
-1744974205
739132876
730359290
391503577
-206932710
2005078353
1345366661
-1453613769
1258611697
-865563414
1306110123
-412121284
77882415
-1500093905
1371890941
146910046
-1736448990
1050326620
-1577307127
-228118899
-52610681
-271419065
1300598855
904410687
-1417952248
54734734
-1229067719
704241609
375927813
-418730993
494327501
537909489
1182759318
512519324
830554117
1469888
-377282608
-1513386513
-1374192679
-1755373669
453089351
1172015835
-174625445
-438888044
1182350036
272710340
-379907044
2118129149
977599896
918602577
-1115673138
1218021694
-1102173888
61632863
576048682
1517364712
527338890
1335078200
-953085676
883887625
1159920134
1668316676
1389906683
719537601
988151585
1701138559
1992711046
2053061397
92748639
-788269844
-1568799124
817854211
391362791
-567146423
490698403
1328991189
1881677636
1515076803
1559252924
187536570
684572009
1232942443
1663627661
-354624879
-812666890
-1858344662
-1285565936
515273224
386246585
213958898
827724170
-1947703579
736498806
1318315318
1668721903
-1034205021
-611731478
1012559515
1410069124
-1502598080
384230669
-648581649
-1538974522
364672853
1567289240
1692467034
2134914954
-1152464794
209489862
1261886674
-2014661787
-1259761541
1272594013
-603249708
-858961075
2085958127
1890831599
-773504432
1459495039
-1212893049
-644956579
731004644
1203646627
1860533958
-671538276
-598421427
1224051246
-1952230274
-1559822149
1270544410
-1709972728
867170986
852655652
1512445089
1662088558
1087768699
2046257697
-1368547785
2091271960
-141783632
-1434005854
-220986470
898383518
-746453462
142057277
-1895278158
453159702
1454011071
2019935093
-2123967879
-1525669374
-724194482
1052836158
-1772802250
929683305
680541714
-979268672
817340912
-323627965
-1755156421
1183857243
-1521626591
2102374169
1084634042
-1376998421
1267660970
-1962038547
-1402591652
1199299148
-2070460665
452878422
742714906
-749870560
858262979
-621456145
277710510
-1613626673
1239373358
1832854770
1552045161
-1914955057
-169680052
-1355013345
-536211389
1439638564
2139475471
1110086370
-147398349
-1504414422
-1355861815
1717035188
-887802175
1832896914
2117834203
-92111680
-1074448167
-1229170775
821697970
-1850983478
-851779360
2111796704
-209612812
-1690869172
653135884
-1065249656
1982385141
2049359329
-620415248
1594265564
1127304303
-1292144409
-1862639018
1137352260
82424434
-2110696354
1390657872
-42377512
1299811225
-771419114
1497757841
669568034
-1226389634
-1556256503
-9971976
2020218664
637046895
878908933
-497795219
287223464
1419934561
191466126
1647336432
1929377445
1943946020
696537089
1230597615
1412199458
277447384
771990780
-803287081
536178989
-2042616929
-1244337411
-199099412
-1806410466
897806739
1877592649
-1599099811
-316707552
-1559688198
-443338738
1057122450
1019822320
1275864248
-150238517
1401951177
-588279835
-1171340540
1245571311
92885216
1924735535
-1876951714
177069504
415944563
-1941726621
1914134208
641618046
-1645357527
-781855946
-779818221
-548169273
-1725522357
-1693198968
1968731876
-592473283
611603606
1040034468
-1086699945
-1561559707
898618193
-1361932602
87697243
1432739794
-1589417568
1697007580
773421855
355256194
900154394
-1920031599
396878532
664209287
-1469887847
7038854
569475923
116350953
-2033154222
-517266718
-1300687632
-2017022262
-1864275164
-704395252
1067921743
-1564176437
-1101429964
171831223
-918842009
668470702
1163031481
-2120344034
-702264730
2056211004
177556500
174557072
-1645614620
1919369321
-47413213
2032671023
-618696358
-212663115
-1610329386
-164247052
-2009638699
-859035692
-474751487
1824618485
268886246
-827056239
-119282829
-1897671190
308005852
-714548754
-831282360
357379309
43513396
1072488080
-289475717
-1668745600
-1920368048
-433741223
-1434635073
-1051553068
-1007842457
809038166
1322926222
1636343624
-1686727747
2101121756
887596161
1948299567
991763
351898605
194363106
139819222
-1381744033
-1867078689
-397832065
929403076
-1756701248
1314623
-1776461888
1020886339
642653611
993813746
-970503940
1403756575
-102478230
1632453021
1023604743
991241389
-1708460857
-1558430394
-930134257
-2140198898
1306659588
1168316219
-1516507480
2093457845
-1385588467
1990736946
1432285988
-1061302235
-704373776
-1075377487
-1757701336
-667800065
697528460
-615679569
32095099
-1919798469
674051464
-1944386181
1487236129
1380476597
893311111
923207389
1392278184
593331179
-2134326631
-313337734
-783274559
517978373
163272692
-837915012
-361288175
1148272916
-403194141
1008485490
2035591241
1236262558
505520637
-924072588
-1057555341
-2042955174
-326213222
-1716546934
-467562865
1261857335
-2106496893
-649639091
-1622504354
1266951331
1881970664
-1033192241
1531886716
1557095433
279379606
1579063991
145402548
-500695398
1593528168
140060336
-1876310641
-1214974385
754109182
-1707120124
737231150
-688814801
886608045
348775811
-472525991
165161421
159156917
1244257193
1061723351
1989376020
-520328775
775330047
655938559
1464119878
-983800981
-1464049983
-552794993
-1628672446
-262100858
1711068096
-63964997
671206149
1236518401
-1135927414
-1512398967
2013854322
-428513919
1068241863
910525531
1667375957
2064654606
-1744500763
956410829
1754652581
1391222281
434785015
-1419646527
1928649481
813785949
399003610
1910178999
-1649125987
-2103107851
-550439015
-286115231
1393135349
1695436397
2127076882
565639542
-899523231
-1593573621
1256508633
1413342406
100234610
1131452656
1269348443
727741326
1458120125
-1103238774
1569319750
1768276749
2009565918
-12394164
-2031500248
1382968662
352550847
1986197665
1897310550
-725190296
1072287258
-368414691
-892201202
769505403
-1313971396
-466493451
-1129911328
534258844
-682783478
-708392271
1177392969
548213883
-1982495927
570304287
-49148256
-2082121597
-924270311
-1578035830
92908597
410359083
994964162
-634178516
1713724598
1043558027
459963314
-1022015776
-523321644
389634354
1204869318
1346250267
-159049433
1249256502
-1294179640
-1334892259
-2057745841
987926667
1676162360
-639074462
-965339301
-1549235816
-1320731313
1714761055
921992301
170709767
-1744849600
-127033238
-267263075
1420115932
-307458112
-1770320391
207119901
1274201801
772511688
534057486
1034386334
-1290270785
1894205593
-1244249870
-1643267086
-1827006776
-2106088960
-1034182624
-515205389
413310995
-2008711973
-869385596
1490626210
-157828784
860890075
1693795301
382959506
1330574398
1710044298
-714965090
-418372729
575047297
-724104048
1496440468
-1211008423
-1347904840
2002667313
-2001696669
1853453598
176824015
1190596377
940491738
1999748999
-1609063535
-1834792869
-1862045015
-1298455670
301474176
54974135
1618941016
-1331887295
-1101613336
-620526565
-1684568965
-2053632751
1568781105
1066290028
-1951078364
1976405518
2099151733
-968356987
630947480
1409222302
1758942290
-1929386369
7686468
-899685028
1767931136
-68824782
-1665548559
36539454
-1442773083
-1332209924
234946102
-857734151
-1683297561
-543238720
968045358
-1004011101
946129091
-850086351
1046226027
-501931366
328222364
2037146704
-143254742
319390372
-122334569
-1657369549
520002247
-707915689
-601101787
348413703
744135539
1701659579
-998033952
1648288855
-1774765021
1253055277
-501346661
1636539277
-1771102261
-629964155
1634353075
1826304441
2060184011
-1060468613
1419319979
424103825
519998889
-1723595194
-518705160
-1854880840
-1969199615
-252666491
1146765592
727682370
884623033
1093677154
814858216
-1426421128
-328335752
958150645
-190353609
998559703
1597111128
1758895333
850327701
1424681822
534120153
1549465173
-72578191
-846555127
-1719448295
-722840836
-1101014686
1522771352
-1638325439
-418910059
-523107388
-766961516
359350594
-1048607366
1063014023
-132790637
1996317377
508821643
1625730115
1767371450
1126400847
1392501588
-2072348786
-405033341
-575854115
-2141283730
-516493935
-1816919361
1572173678
103315493
2088386009
1851729118
-23532274
-2141112997
-471121046
1134705774
1185750274
-1062003541
1060977434
-48399135
1696971584
1487881169
-2125984997
-1369335918
794149153
-158501048
-962269224
-866399734
-315451308
-2104705996
44605957
75369598
1760198934
834636930
663833073
-899865444
-2067880033
-1575145139
-1118841826
-1110007674
-1201365793
761520003
-256279790
-1939014114
-80075158
2062383816
879204975
1990754948
-1244554833
-1638718823
-1839653055
-2110814756
-1156827536
-807801420
1523198359
-214878380
307967086
-1234864201
1458287444
-2014700188
-1860732829
-413981433
-2039590842
1069143640
460006452
1768636659
-2106565769
414571787
-1790478746
-884778472
1217471939
186471924
1955900625
2101313798
-1561331286
-842127258
-563028332
1108757795
-420018073
1243342867
-852623031
2023082959
-96496575
-1938992431
-351367816
-324682295
-1545737184
-368220512
1237546576
-1771714864
775490658
-1075227669
-1884985197
-351505523
1534785775
-641413106
1959691474
-32097873
434381962
1107463192
-891746086
-392047017
1058896234
-139013167
-849699730
-1563840841
-1354115319
529963262
377173301
1973425909
-1622075077
-2068484381
1971439093
1450091348
1458306177
1009334792
-1407177471
590800789
-946244706
-1831692224
367728112
-814397285
521880171
-218807066
-1157512561
-317930419
-408882713
-2009334422
-961220840
-1706241089
1520791954
947366411
-1136966237
426822548
-420152838
908185317
-1317727012
839540381
60163221
1806076206
-374850059
-541120826
-911643439
872062140
725126622
-975480783
1409486441
-96053814
1525675443
-759561565
-42109702
666256122
950883958
-2094693089
-1944031019
940510109
1938281470
1121523664
-2141477610
1672603186
-908074194
-1770614741
-904699147
1284731692
464947048
-1965964460
1380935260
-880869384
2117497668
2007313089
759187384
-400787906
-1243479940
2128195357
239712019
1087339366
1821651755
2143665518
1007473762
-2081782691
-525190090
90573433
-699451109
-233250408
1053699850
970238052
-1471117557
1317996376
-573383033
912872093
-118910875
-994011600
-354675397
1496847354
468544797
-1991252028
-463627053
1011985186
-688516746
-1125964846
2003749069
-1015328470
-1404356135
130490742
-1120438158
-1739995518
-1708408855
-1257727831
-2066299901
-1528444398
-256987949
-1221564406
-957691598
1501453983
1039310058
-262671647
-966505773
433029748
2091337842
-1894327456
-439871533
1298808125
1164330427
303799595
866872680
-1865078731
-1391634319
290769945
-195573622
761975939
983425586
-844563652
2086001313
-1404193823
1263159393
-1953001442
-10054273
1411344255
-1131191495
838665805
879526543
329488678
-2015016411
-1596365030
-130623154
-1823161697
1917063501
-861931107
1111689467
1467189076
848186484
1032023803
-1902073462
1501529144
-1293653248
-6156566
1383008221
-980239900
-484359846
-47601547
-1809137354
1946612994
339825528
-826062084
2037719526
-866199314
-61098825
890440575
-1603912886
1642229913
1504219373
404249115
-1240079113
1459186097
238990014
1258269651
-1374216908
1481334270
1861393198
-1531020141
-1167819608
1582354191
592903800
-1143018126
267628884
-779765739
881310237
-1099922633
1024537794
-988227058
-245000129
979880222
1795469694
-1140775387
-495291346
-15803429
395430853
1997859416
-1155361725
-1715134241
1542472060
643081307
-1307489043
-546525735
-1592683165
-1370120517
-300662520
-859298689
196721034
-1831420858
1314509685
586417805
156462339
860624298
750034406
508741134
1069564120
-204190372
1168048377
-1645013543
-235964353
1725218235
-2107694712
-336839074
1611020300
-1347951244
1457317694
-56329566
664189286
-409225689
-205467538
-1749966457
-2046069827
-231495349
-7622881
558145361
675705339
-1367556274
2076484459
454329189
-440121607
-8401665
526116616
1741039186
378885428
-1883194576
-902414809
-1608930283
-914924096
830446742
-524410500
-1644730728
-712734085
693812724
-963316323
-888546180
-393451642
-918612872
1448076176
-953485289
1266581489
1753656933
-288282978
-356080960
412455349
-1040512527
1720181613
-759869367
913149158
-76843408
653122637
439697100
924701224
1659233201
-1338272047
1154576042
-1911266206
899859367
1942013602
2037487312
-1308229198
1654317643
198709647
1908316476
756176800
684218305
1749713127
163265471
1132119701
226621625
778581002
1395206404
1547528333
-193795817
-1033820099
1666088400
1305300747
111555798
-1128126018
808478347
-415486899
-1690791127
-794344936
1889243390
-1028072511
-390023197
-831113288
1218147933
-1802928713
-56568041
-1056378177
-1769094776
-1461773737
1132084995
2035866393
1947161997
910950356
-299488215
-465992755
903133297
562384865
790969278
2143434646
777512496
212562020
-810999736
1206598323
1029820417
1205621609
-143491966
-1529031173
-636089379
-577910184
1643579522
-960790733
-1702135742
1650284650
736257309
2073932451
459593780
-119130023
407257482
-770879002
-1349997692
-1509586601
-1158367420
-1103127550
206030676
1543493440
-1748369355
-951315784
-1657376039
981103122
-1688671472
1566302492
-1259074462
1231964316
-1698713090
-1756326041
425294489
1163999861
-324987012
2130333707
-1572409847
-158460625
-157815422
-471690745
-1093814560
-2106412851
1731816168
-1758296964
-1392823563
1656676209
387773189
2089830272
1096161291
1427514457
1772499865
-1657240014
74423895
130115084
-625427220
1364629006
-1291956417
1334644687
-280332234
552515458
1477475428
-706521506
1581031489
-2032972863
356557538
-486960168
1127817293
-1370025002
-1967767850
-639439110
-255034061
1425788155
-1000221920
1254736271
1339206860
2105392682
-1282725527
-38505945
449806226
-1097725196
-407564697
-850283257
36798600
-424222830
1347030623
-1869387681
1560833879
-53360071
-172362261
446595010
1453766841
1950995890
1961368317
-1509313838
255299866
-1341114071
-2025410013
-372513990
1237947772
-1276923580
1962652684
-422154783
-1880615270
-2092444041
691017546
-194585765
400257616
459998358
-76389800
568239011
-917823687
-171268181
-1742612001
380041479
-360558951
1846477321
-983052492
-963522973
-381532035
1804910497
-694627547
-1433891695
1394337313
262924947
1026543861
1970023199
217829009
2046366984
-651078236
722575426
-1238673006
-1646343106
48596850
-25109493
-1966981951
-1549621021
431722918
-867450152
446916349
-144535385
135366795
2033572620
1994501634
1545862412
1036519867
-71523838
-1508953514
-1819255936
1144593567
-1684292546
-87777945
948886188
564008757
-1402506011
1826332149
-1390593778
812157716
453722223
397035181
-1479644987
80641709
-392087910
608383766
1282350251
671774418
-1426933855
2023265968
1790808744
1238635644
1665249453
-1315005862
-1356648635
-2053223736
570241932
158051316
1228127871
913600835
-1459923552
-1994677180
-476090915
-769673626
1761446425
589621021
780260292
1725085283
568585062
1276961213
-1328965622
-1506723294
440870888
1071352695
-317091384
828793478
1249379816
499371153
188575347
-329530381
593408715
1391521647
1717122605
239613460
1789088131
-1301839888
1788625240
200629209
1311538249
342506775
-1196067988
814163903
-1734890104
888799469
1255132938
612425811
1377485852
-929971546
1673246545
-461936392
75306683
-1147267326
106590831
-375860505
-255210829
1329713910
111591802
-231900553
1631871445
720352395
958847
-541641570
-1388072015
-1870973435
2071955931
932663479
-1104755197
364965702
-1010320439
-1301515644
-539346836
-1373034124
-1778092228
-370833289
1268528996
1565362393
1593714927
483877420
1142434414
-1120603893
-1160714823
1916185402
1439863182
338102092
-1286551771
1701858859
-1586444808
709556019
-662766271
-1514765368
904892937
1817927051
-295851594
-1099361639
-627649414
1492352378
163436569
765690539
447193810
1201152997
-1551620225
-190559853
-2103075044
2111888659
1284897110
1340879539
1341355226
1447846032
1030371698
-1245345861
310751545
798316371
1213600614
-313082510
485386885
-1861558238
-1637930731
1637656758
-63477026
-1430096331
283254408
1986297793
1713885740
1034886681
-805990656
-955372627
619537232
1375993047
861847375
-865882567
32567451
-1610171051
-1821466269
1750769613
-1038050429
-2099746821
494075171
-2141124165
326228883
-335441767
2110837373
-517529401
822640803
1945697927
496650431
-1511283735
-795925431
229257997
197377830
-781655216
589348495
1936945669
-801058124
2078061482
-840281627
1634283711
-1031049914
1082511778
1705435737
-2061037788
-895208987
-2120910422
1267149829
-2058043619
79485531
-1002686470
-1657156409
344423989
-1179493879
728052951
65000759
42927484
-1165633032
-685539048
-1979386667
650580910
-127868371
1292445413
-1368279678
-1410009707
1319257152
-1294466366
-870221263
1019916459
-701064401
2105059531
-1106430754
899658754
-900172689
-1306273215
-1424554050
-561433752
1677817412
728715076
-495827529
-1225092923
202839890
-1212753695
380012050
-1682409528
-1577927822
-697884849
2080620398
2138017730
764299721
1447002230
-230121993
669640657
1469812759
-470494544
2140899544
-471039679
794691404
2130120658
-1073083667
444111918
-1283207840
-709350291
1070174909
1908583021
-374085533
1274191696
-357581401
-991228756
223684307
944921937
805806682
1101200855
309473581
332090700
1112329866
-2069212995
-892034874
-2146142100
-39064609
-71769101
-491114534
1416592040
-1179369423
-282005512
1965315813
743962512
1235516658
2082837401
-2030834895
724506441
376476139
974340758
-2130210128
-156020778
-448432341
-312608122
229449995
5570200
271262267
1250124279
706949626
-2021878249
-1280042346
-1674758695
-85355306
-991992830
1336762711
-365778661
108289387
625750900
951623732
-1084384618
-21058030
-1591128200
-656026710
-1179466454
-1535668481
426879439
1828775034
-347451866
-1890294057
999762416
-1365580717
-1699195411
-1682315130
260859983
-1491213872
-270831915
1336248910
-828876318
-373979228
1994464850
-187770334
-1967476768
1204157203
1840172115
1033454388
495972299
290303395
2044708075
-1293674293
-1492088911
1596331539
-2056310732
-1689257382
-126459218
1004700812
271524975
-1771182898
-1035419212
-1337227754
-1566820752
1757250855
1715887246
1701350220
1034890296
-442130358
1390546721
1324402259
-1991985693
199926804
-1098475788
1897362440
