-1542696078
-850265385
-346096020
-2129293151
1616807503
1242427853
-313875978
-539839946
1958526896
-549045616
2119608668
-658494192
1793643307
1900759560
-1195883596
1505911301
-1827174333
-1479495121
787080832
-1790998284
-1845525268
2057933900
-2039306809
2069925912
59628622
1167950438
-1693947263
1219501217
-275888695
-987397129
1530178359
-447709056
1173438521
2124952032
-2013689109
171620738
-767908486
885464477
7307828
1048956320
625439278
1119811513
389150381
248977556
-230570563
-469816956
200500368
-1978573137
-1551475043
1312085506
2113404573
1231141097
1588532946
391149093
-20977600
-1540968903
-265673544
365724735
-1256690190
1260326439
-822205440
-487658831
-1034035234
1460887711
-2066273545
2082875880
1009644232
-419037434
-1250332658
2101242250
-1771779286
371403410
-142982250
-801511189
977082015
1265349590
-420978230
-329547067
1376638853
1906968476
-845618926
1000945704
-72956196
1592440054
-329367418
-1743259985
-1208586124
-995180393
-1597810000
384896500
196308295
782195038
473710742
1293224005
2088001571
1911538227
811286774
-1866016105
-298280820
622036246
1740152787
1759879098
-1994555425
1128022901
-1860189648
-1255517490
-870632262
-1837910083
1652347419
979516661
-94046053
593214514
-2026758420
670435913
1001411527
-941135101
1781317070
479771152
1315967852
2013113240
998518398
-705110482
-1405188599
-1457077969
-68614061
1979833818
1048877581
-697586010
-371002499
1994534804
-501103938
547849113
907965073
-1863926186
-961362084
-1426594129
-653311932
-108335607
1599332485
1408987441
1026835830
891286330
-241383461
-1335775268
-359240846
-614108659
-1973707293
-818291465
-1175728524
110663793
410896944
-1045780570
1415386218
-81909867
-471582272
529439872
-259855361
-281075558
1775411109
-1508506785
-1576142892
-1380513655
-1585472537
2118665848
-1332720
1179514758
-1287263064
-196331862
-253832166
-1129846971
-1839919735
1056948506
-1330975067
-99224387
-1648236212
249358847
1952275948
2060290332
1220444602
-1397546822
-617597378
-1129013766
-993414713
-1986445015
-1221180227
1295093968
571895283
-487729604
-709336990
392182187
1417422578
-58691129
-1222097085
-604686052
-331861361
-111661671
-1978823656
1395896690
602037964
1714989518
-275425285
-1628905686
-1770712242
-1991762847
-877263762
1503937702
-1821661961
-984726011
-1570516574
-1600496355
-1845510188
774725684
1197751542
168495827
-776402118
2092128391
857848765
568603785
1141926955
586345800
-323363260
82593333
-1961195011
1832484677
882646802
1061652726
843282749
-2018530074
61858417
-1729722815
1918873808
1795164802
-581146067
-660936096
1609870683
742427629
926269851
1349753373
-2082609436
-619678891
-205658660
-1026035782
-1449591623
-173680306
-1093030301
-1696247005
1573796752
-761060822
-426952269
-1156472474
-916921873
356381838
2039210605
776476514
-1956329779
113673537
-1285291895
-1461865538
376260217
1379355719
1003420387
185943069
709073339
945977134
1882352889
2109378959
-16712904
-1764512601
-874027789
2111791178
-466927846
-1915620009
-911671838
1715222169
-1298611984
-866722321
115071564
375529235
-787821614
2022516345
-1938537752
285858320
1900273864
-776301835
1901653413
1319121497
2010218347
1520283940
1534898417
-2030671586
2048349389
42051490
130656055
-2013729492
-828115819
483877434
161253032
1857933662
-1581940626
1413787509
2033660221
392148564
-849944158
1276060532
-1451376387
-1640948893
803502337
-1965960193
415339643
1428114123
-548312825
550126045
1251090338
-1982114513
-1049305539
1677329253
-1178368844
131256385
1144584671
169870421
-2041103984
2070498492
-1845804354
-446337311
1525890355
226408343
956874856
-238579185
1968742784
1985878647
-1088543611
671701313
-49124029
-655134876
-1787386237
1955342611
1604459123
1507752895
-847612555
370750823
1107244215
887350899
1674044472
-1214143299
-2137793493
496827755
-178211881
-1853025081
2033725539
-1051075005
-612949968
1486050364
-2109020241
-13568447
-2081647913
1654089196
-1893362016
-881717882
290332729
851910932
-384865333
341987712
-348572924
514065139
-323394612
1921651362
-1579873850
1523516828
-2089076339
-30135977
-223089964
-239431666
-1254582584
-1991625165
-1791413652
-1123888255
407521482
1740124523
-691036386
-715249150
-130056840
1144323463
-1106411417
1109150273
-150516585
-1829441195
228240286
1229218985
1582502215
-1834578656
-561620205
969899441
-989440048
1969803042
-738632844
326998385
-1903074400
-227681482
-233624718
278498424
-597716588
-856430127
-1652100699
-420968996
206772854
-1452690893
326593709
54503057
-690226746
624083928
-10534503
269171198
-1815085891
-1814854859
-1715123061
-1749523507
1795571086
-57426528
-1269639269
1907054338
219713262
555878543
819715067
544827983
-1781425194
397500420
-414731940
733978021
83279751
-1397901240
-464859248
1952670990
663280078
-1732544810
113804913
1083493561
998744969
444663450
1304285184
1388726870
787957609
-1611072677
50634960
1832898468
1084244728
-2080475020
1515281061
-1606946233
1778242526
296537802
-37599913
867646686
1179612511
-884570631
1685271036
-969474731
-687459801
-1662565168
570797125
-970054537
1242484297
528960767
-1305453016
81005254
-1090122363
1175354894
-1888581185
478817934
1970575817
-677375087
-1038959249
1926971191
335826426
-2027449702
59647564
-32568869
528017651
-1950180754
854598844
-1103619304
-867013427
-1893036934
834144090
848898598
664776288
33308551
2102202396
2072879403
-152315638
1223373356
-2012272713
1610733261
2090461870
1422979204
657777473
-113455863
-1582470145
-1721720543
1993457688
1367771458
-2144343810
-1236144832
-1784038910
391338397
1314319809
-1269450691
757440405
-2008179829
-1568240779
1431984713
554551513
-1692608602
-1618433627
2110542425
619123755
-43891007
-15620165
903586657
-1675080349
-766503879
456069831
-1382199103
-985898183
-289279599
-37391489
1080274431
262672100
521326398
1544452230
-769690185
-638594557
1783942846
-78053136
1749474255
105213632
860733934
-798962938
1574899438
-1680720333
183225245
-1012151483
-1961370322
1743128835
1460335963
800550828
-1548718065
-1935129005
77450903
966808375
-1755884625
-1939610406
316172520
647177638
61291831
2003042899
790513066
-537015422
-1685764968
-522570472
-60225331
1382283873
-1833138825
2074954761
904332521
388683112
-1711383707
882485426
820901012
-1931260399
908963155
704288684
2001695991
-875344595
1632566340
-2061087933
1038226847
-1309022164
-2099369660
1539071065
1693127056
46868124
870721176
-354355831
-700316256
2141461487
-1337587658
-1587737457
1758017537
650140032
-1118689417
440290790
-1217772258
-343540520
-1783149046
-703095118
1819297195
1015930412
-1368318932
-944940832
-1911176713
1310827306
-133947883
-1478056565
531498628
725727732
1564427445
512727457
-2127122984
266436716
1691334048
-1475479354
110588821
354950066
-265476539
1709490807
1168352455
409519082
2014590566
-956240526
659669373
1466796098
-265847356
-544475819
1121133466
484167474
-1347993319
-190374267
-377569556
640292614
-1749351862
-381905839
1579110013
236108441
-540581924
-62798506
1516667689
-488128926
-654444633
1754833444
2001471344
1407707572
-218349366
-1720475103
-1841795955
1005957185
-550924065
-1778732371
2118735047
924102623
-556547986
841839751
1744662278
-619002226
-1005772122
1273064302
1332484008
-682752839
-1639594935
-1753152501
-82464107
-361168964
1287988712
454726669
815207056
1335052454
-1849105072
-1382238059
-631537200
-21755073
-1000338876
-2045790507
-552714289
920721740
-597562773
-512638221
-1169848223
95217169
1985665163
-271167182
-1695647737
2142909974
876090103
-523840173
-1130208892
-1318811858
-568351418
-35285959
-2105317199
-717720396
611856709
532245451
1170699917
1993841688
1542443822
1704178973
-587867496
-124271207
-309291751
1424991442
1011690848
-1595583149
585377202
1622986171
-1458812837
1315784828
135251499
1006414276
1504863991
663962346
518824820
1328893199
-503855889
-1090752296
-844099927
-1682331807
-478065184
-197115672
-990230324
1558837181
1902588443
1230781035
-212216396
-996846002
-1110477636
-73894944
448563780
1590655113
-1285896453
761163194
1311164894
2031883154
1228096706
509367654
-962812134
2063827167
-982391170
1550513292
-726672462
2033879323
-410469319
307024020
-1545548863
-1698596532
-1733474840
-171884949
-315619284
-1224939977
1411349761
-1395757434
706806880
386712066
-505453743
-288246490
-532286659
-1848858597
892087051
-921333026
-227016879
-1959623848
-1840952285
-1398718126
-1218555319
1399779936
1838619356
-1410480064
-937844829
981798472
1996600223
1063837380
-451860824
-1874495616
-1081978865
929963223
-46571623
15912176
-76261031
635650328
-721696728
-90967715
1092668368
2032963279
812286761
1482343186
-811089992
-101021650
-404635767
-1362351685
-21419167
499288281
1239685758
-1765761389
1632580215
751305895
1881043200
-48065855
-437414248
481586858
995284087
734156799
-1425072857
68684908
-105802059
988639101
-1079837089
-2146551429
-131948251
1307665156
-620121685
1608769320
-2005890236
881888349
-1893618893
-2092489589
795485265
988901106
-1226187078
1785961161
2116445248
1861715894
642325414
1698589080
-1948125197
-411125950
1894159968
974798851
-1985160020
-2048873920
535900894
828575082
-1584283972
-1094851572
-696753027
-1749170483
1464340352
-1703260265
-1160595693
1951972425
1008535181
-629704049
1589335364
-1851964703
-1177615830
-199958852
1083252756
1219212929
1943665406
-266281555
-1548276802
1040652352
-1419051254
-1427418477
-1111509565
1751502053
-887363624
148168300
1057482821
368132012
-738738188
1933857379
-788791660
-124359351
-1738830949
-56763274
-677339383
-1683645651
978217138
1701698137
1081572883
-1809858809
757545465
-1816955239
1805819534
-1779148147
1694847360
-313166844
-695549093
-1285894277
2097466969
579717960
-2038241748
77492188
1986961806
-490799398
-1087649889
-295383417
-2102432171
1878018329
553118862
384439276
-1092634238
693897394
1096916132
-1071162608
1163598908
-1236398267
1567209012
-644654379
-678728205
507885129
957311813
1617813375
719853969
-1674977748
819870705
92985459
-1753673233
-2036646979
649118190
60423744
925899146
290691022
1302077805
1429492963
459428214
-1454971628
65090338
1321799238
-203996271
421875794
1375583139
169316618
-1467884548
-1137987914
1288258550
394045317
-11860537
-1407062397
1395550052
-650831090
1771888363
-750948881
-674583917
-1776795785
-1395083396
93805646
1489776595
1215378138
-456044514
239438191
637918391
180737432
-1291449416
-467253435
1135068392
-1547256162
-1879898008
-665435703
-795677131
1955835882
-1600826442
2119266591
-417545747
355749709
411151883
-1439790601
-1752711312
1658660722
-1277193885
779522101
-776190973
378877214
-880709823
-418353196
1629846500
424707257
-1150395933
601014279
1598279838
1759028236
146836663
432805025
684157086
925101131
-637564915
-1200324171
857377797
-129439658
-732711923
234960257
1986855615
-766813381
1667022570
1715293319
667860947
-1714115841
1750280791
-2538500
2029612540
2143400862
-1968128966
-1219187098
357413241
1502365263
539149983
1656491648
1182937889
305584395
1178893038
-122749856
-1932539719
650455632
902741088
-1916733221
390549129
-256582366
-1613879889
-410414296
-827128276
110448978
-1857604083
-220281662
-1993437528
-955368446
-1547970218
218015635
-876754498
-1718041497
1485094792
1679551054
450642562
-98096944
1160001394
-49109220
-125572819
-1372377113
115310763
1346470010
381892657
-1167332809
-683226939
954017888
384308877
-859863058
-1859958845
-825051738
398855010
-955889949
818294727
95382435
-554461498
660585689
-2094373873
-917841897
709084120
-190578171
671492898
626682698
-1652668396
459177933
319377477
-1914442124
1302971368
1390438354
-615028684
-34177953
1952512135
2119505712
-585814770
-1637359541
-1008400644
1537403396
584787344
1775140625
-450098047
1166492462
1531906949
-1680986486
760000528
-268121001
-1656183427
441491248
-1264814790
-1306054091
838731709
-978830330
-387979208
110092557
67006581
858170549
38336319
292783481
444740408
-1566693897
-1846473448
-689416853
-704026712
-2066230216
-1522417425
1273062769
-1934995600
226372730
-1114099862
-13398470
-183785609
-1734975624
2073841917
-221993384
1175869521
278965006
1267130748
-1748102074
-2110965255
-1860540969
1613081841
942144685
1987108541
-1348296425
-1223207505
1780650210
612407673
-1095990053
-424351833
1086800307
-1500957945
-38221217
-693056263
-2018256285
-444267787
-1497237329
-724043826
-1940011022
1738039160
-1524807792
1624986980
1319899296
-72312671
701254815
-1982538135
-994394188
2000351950
1381619387
1604114573
-2122135175
774657122
1679727520
775494994
541961097
1273600696
1282448340
1945729574
2005683533
-131347884
-519413563
-1871610446
-1457724221
-319123877
-517637837
1823557236
-1803295870
898284357
-1181362229
153364107
626536443
-1871329072
854194196
1016410321
627257088
-308644041
1114500494
-1622736082
318333322
-1203367005
1680720152
-837983701
2031655606
-1001844766
-17448814
-382961211
606409233
1871765846
303408322
-1968515197
-1947281900
-1257481425
-1449807493
-721391158
-297966863
-666961956
-1898236933
-1361162128
-457743984
-29702722
1135346581
-1737512306
165204692
1879042846
1381427343
-1423012455
1393175329
-1900284575
1237388621
-2072813133
-1240522206
1397909369
-1518936658
-444080322
371997383
-616875105
1524693173
1601915314
768493453
1281051710
-1549526933
645858224
-1804636415
-1153050574
-599976956
896520279
1110013062
-1433037263
1264083008
-543074859
857557333
-771814519
1685500436
1111930176
2027170245
-1213916661
2103879561
1093421989
255773388
290715975
70621923
-1188827039
-499426363
483790585
2025325572
-960084817
1339252850
433674946
-739505134
-1354700670
384739141
-1273796326
-1770047657
2081597589
-1974935590
-1799552636
-1997911703
1595144639
1347130824
241042436
-920336502
-1153739381
977703833
678767054
908311889
1299336199
1553789462
1896783167
-1502763127
-1865851172
-1642244153
1410833680
-951604904
-1750730337
1126182073
711761608
-1818333277
1097276261
1634649729
1350739058
923756209
-692943460
-928853887
-446449264
10298894
-1486519272
1608348777
297913167
-68929871
-1857969556
-1448474880
325210107
2102630240
1058988667
1909996836
-1504153164
-1472289965
720521294
1263938831
-1700089758
-623624425
-1030697178
-1512923173
2103193318
1180790709
-1660675115
-663455929
-1230954607
2013511699
633831497
-2139345989
-1886845991
-1991108455
161031273
1014015625
1591784265
1338567959
-1628149725
-557253515
45702585
-2026838811
1745343173
840486007
-1725891393
1560633675
642392972
-589478210
-1569986459
1397917219
502749050
-1469767688
-784956645
1859692733
-2097694612
-1255279408
1933652207
2025670914
1447053675
330686904
-1313337861
-1779435301
-1948441535
-479702296
-1164240867
132896211
1271635023
-566669147
-15548435
-370902790
-1143784802
-151860282
247993579
-1527283444
-1947605197
241938035
-1508441864
-2081809709
-1700736090
1763226928
1734625031
-980669495
1759312629
1726174233
-2042087148
844169984
-990426475
2066951279
-1327867564
407352390
1921894602
-1227172270
2138659501
-1768193661
-1894757320
-1721695537
422458472
-513345946
-794257224
-819250659
-243253980
371890752
1455879535
-23086556
662405389
-220046289
-963014627
-1817691842
738838350
1136860543
-1689894478
1599574336
-1294861629
-933495220
2133035046
-317679941
1138289139
778915947
-643380855
799842430
-128347587
964777098
2055943257
-201030817
1643801168
1349592469
-15347437
-1289288134
1676173280
667055707
-1617913588
-1984687558
-390628203
-1351547535
-94394752
1669604182
427058759
-2038371498
-55520789
-1221083874
-1185862040
484779735
-1745399657
1690494903
-250927935
521669556
-1133893514
-1731921628
2093916513
1819899780
1557499185
-1396887866
1647901137
2086727893
-1401128320
1311824677
292033932
-468708201
-2050416708
1021324272
-821406291
2073294265
-44044111
1718799426
626574314
527061780
-1441632328
1289086758
-1173308224
447334280
-1939077883
-2145825187
-1759409936
532306020
-1050380483
-1926117026
-1240098263
1050543627
543742284
1692586141
1787191046
1168065235
1990525300
-1183696624
1231348282
1446343728
2105859496
-1158900754
13674761
-2108825071
-1039779558
-1997977927
-1848015623
-265701239
451462929
-2111201409
-903852855
585629618
-1101822208
-1369544356
840282274
-1780699699
-1855728172
-116144830
-724198004
927217582
-1903443827
-25474308
-208608222
2113225558
-1880462320
801683055
2002654857
-1146593055
-232610246
89498914
-1805266530
-192418398
1071707192
-2063259647
-806492818
1530430860
-679235051
1269312861
1795821802
-1465080109
-2006116460
-2068838601
-51362597
-686003246
-709872065
1284280766
-447110637
1772388143
-1924709185
602390037
-1070029083
-593646020
-149763218
-1530362536
1805664214
1072741792
449218090
583239648
-1237405804
1522558006
-1461579924
1426054342
-611679706
956141620
1847634072
1882903974
1777270628
907565711
-206785643
140360357
-1574383446
-1371386722
-300371552
-924532044
1423625672
-1881351171
1525209949
830917653
2003707196
1257849011
-174741969
1837209886
1255166882
-1283651177
-492778808
2011600188
-522936725
-1781460241
-958684925
-1165990342
-416938547
607568729
-1013521168
1604963779
-334372358
1312404206
459356464
-1645043931
1363320724
846340259
1199241859
1324862807
101011295
2133776883
-1988413281
1704973628
355204407
-152864582
537585731
322766889
1833566789
-1012786332
643342986
590052004
-601438611
-1883899066
1295549828
-778527889
-2095667958
-622426805
1611205122
-260131132
-2001671971
37804243
1336861361
-574690847
676664129
1438634199
143079529
-1293399354
-1738480988
839449424
-162474041
1256409148
1746652210
-688446759
-268295176
-1750825447
-1250698030
-200192366
-1903500585
712686018
-336382635
479681608
970864186
1757367025
286561772
1673238738
-1601022327
1424604344
428911835
-919405891
-852958577
92414662
1990532204
1153164075
-1444161388
1215244007
1156672549
-1361737481
-562525014
-1109368111
127228220
1809871389
2043883591
584978972
352270922
797089625
-1770864876
210985106
915434047
-558871027
-329358077
-84354903
338226838
560231527
1165144487
802731597
-401945399
-1742578750
-1032442689
-427875871
1771619077
-2029257395
1779048467
1829017479
-1787078623
-1494285078
1040034435
-901710177
-487426356
1449434712
223768668
1599747470
-272037882
-1472302957
-87851795
-1446439488
-909950767
2067622778
-1654380198
-1898171409
-994601177
2008370098
907418799
-1938825052
2064486958
1015675082
2065348919
-1341707010
-631445078
1277305247
1477806862
904525745
1520085170
767343362
-429224971
1504200273
183060390
1582122135
454840421
-526160176
-2030309025
-539166721
-793284122
-1304308411
709650344
-1515370951
517589664
-528858642
-1503249683
-1741011131
1656313394
-1833954440
646007090
755105802
234343362
-1800810115
1070643270
1826595449
-1337113260
-536878259
1653268279
-15193103
-1100642209
1475964656
1459737352
1227359717
703644573
1789502571
-2090104159
-1304982341
-576596446
780138818
1836305926
-2028560137
-656313424
1973557310
-979278644
654157464
-878790071
-930182800
-1657063481
-61565247
1478167812
603149941
2029083144
631703452
1075333156
311701242
1046031622
-1812574597
-911367578
1875890562
1871385626
587800639
930664345
-234046362
1780706096
-798338051
-1121568652
-95327459
80721083
-1665225762
1839487907
-3365955
-1146342679
-617363386
419671074
-145319743
-549101544
709404983
1581613262
138142476
-548144505
441606648
-1636701895
-1255172050
-1199466672
-1759124751
1534426045
-632160027
-554766187
-1652949544
-1949994797
-1005734939
1158963961
404949010
-858153051
1986336987
-1691857326
393985875
930164705
-1922656337
-843166308
-194685817
311432399
-31590390
-1911719376
-2105360140
980460965
1069397271
712715828
-923678305
-662313191
-551335540
-974456235
414959
-429893064
1334163435
-1758739789
-474810736
-535796618
-1840393468
48576285
-7088742
1354671365
1913391807
1223170686
289362161
1726204778
-243810024
83299734
970065390
839828300
-476026007
-1035677460
-1629348546
1539393934
-1774648337
1665151490
-1755315702
886587040
-26570874
-1542121526
1084811096
-2106177006
-333268041
-1194499495
-1385054288
364684137
-1549805324
527667674
24611586
-2113465290
-1588873951
-1908119356
340532935
589137763
-1123345834
1025244495
1633995877
-1726039600
-398461469
723381795
2114095575
1074585629
689466260
-446714286
1289846925
1579046345
-1901766347
1683430536
504899216
-1954436740
-1210642856
-213984895
-1519630871
-2124047712
1143422037
-1849355846
-1528392125
839572533
2074305169
-1536119190
-1428960049
28225765
-1921303805
242491827
-873707929
-1116031914
-1804932364
1734623765
-1303793675
-1550359105
-946799611
196929826
845435158
1799636925
-927178378
1602505079
1053285625
-961435289
1329532324
167325674
332000653
-1350210401
-1273635885
-146299904
-1131770661
-474653269
1509872174
-50160735
875131055
267841539
237174795
2128131598
-677327746
414020716
1284078706
-35311086
945872259
-281207739
-1830991649
626889591
-1546283734
691691040
1684544583
1852812219
-2102262350
-1236103277
1606441560
-1842677244
-1837927155
1111738448
1506327301
-1635019184
-1773651446
117924467
780428865
40639472
-2136684619
-1582060517
925534217
1451706166
-158102787
1204723259
-1307533144
386480749
-9273705
-65753934
78845238
616275465
1906022690
-430701672
2123875425
1842810911
1419999628
455984602
222208879
-264792298
-961808973
596910344
1376823171
-1202123873
-1711378609
-1175106963
1937604382
492547554
-1526983922
426817888
1182588904
1101027833
-827300352
326447833
-2052035408
-2070999135
271893813
-285509050
1940879281
-1139687122
-1529234525
-210060385
-1093262057
-1770480193
1391809101
-571407689
-897207871
-1088664909
1401142946
1496011733
-1403264441
1281736795
-910552286
-1054983805
2143542845
-1809138192
-1149184441
-455550043
-6095943
-288814905
-87645278
1621750732
822624018
-782636349
-1141294269
1538208460
-353529110
1325048842
-1577737378
-1770198133
176553071
-943864838
-1448722390
-2062215397
-1987817507
-861627042
-1852832244
-1304295925
-1736824506
-96515620
2046700021
-2032512262
2066165141
1652879538
-1953631225
968419948
-1685268528
-1453505375
1506973822
-1366475808
186341020
24079656
-2132591923
1062529057
730873350
-10891531
354647815
1200718044
862458240
-1279694952
-155628160
241315186
-1336939992
-1885425543
-332878668
-1227732721
-1928020656
1585003788
-1413950106
-651473413
-1134426310
-1419605950
802415884
-1775656400
-965091805
2034476354
-104541590
1792612651
-1574129278
-2066167976
1179486332
-220774650
-1997063791
-1068444371
-624342120
-1677279034
-1349428468
964066104
-2043818796
597722610
-811531464
-1204588172
-377516124
1849970532
1492140070
-1558845357
-1384872505
-462164126
-1867114184
-712290062
826934628
1073835760
1081469924
1057158285
-1753121425
-2035698593
1139888311
1046351668
579439697
2140831529
-219886435
-1858444865
999251144
238800128
1074254431
1711238910
-1961988853
-1585316828
1733089388
694540341
-344775631
93273844
568755931
934513862
75946450
-490720056
-882687568
-698433232
1084371950
-1431782403
1887474525
527753528
-452133107
-1908190896
-362005620
-1539182236
599844008
-639201169
2017519131
59249584
1614193607
280603085
-1998008728
-128048260
-516182037
-1013325387
-378481971
751279299
826825261
602959010
1668988014
2106016402
1269622950
186203341
489013041
785463478
-647086063
-1074752250
464549389
-1701280585
-2096036945
1730573511
76013448
478095877
924602218
1297363333
1101733498
-600877711
369848381
1019334985
-1367080170
-1202238498
-34062638
-913442177
-707747798
300486711
-658636692
-154890994
3829925
-606473053
1626272263
723335336
301715802
-559052041
-84614724
232563810
-1262693629
64661612
307722858
1491598214
98347143
584085649
-1649859182
-842796120
-118672001
-884171901
-1740265597
1966448631
-1770356490
-166499494
1713101238
-439573036
9441392
556598502
-714201221
302229160
-1123389651
-556589158
1393275092
-1138953486
-1042061906
829767880
-1858193504
565107358
1972086136
-1830226418
1724332795
1278488221
-1655902953
1279181584
-1140267804
472565681
-1445205915
-703875482
-1893880287
311633544
384913675
-1853695528
644602975
-566132468
-1976167608
-122097208
-1838137700
681693433
-263816463
-887078929
1699597257
1033222063
810331320
301022539
-1352267862
1026313033
-537727056
-1441759400
-1508355583
694231277
510823184
1297169533
184845290
-2028918683
-561234890
-1896406071
1225752456
1965632750
679708911
-1907262498
-13724191
687542096
2131128821
561298733
837347078
400821550
-1736488520
951524195
-640933769
-1103124065
300331873
1021817378
-519815740
-1085797636
-318239213
629098740
-1558433929
-230825477
1653264499
612688508
-1847096271
339684860
1681365098
-1429239058
267628562
349532835
-1239944407
-2081285696
-840896930
-222743898
-1585700499
615832225
-622151332
-1747860505
1407343620
2093765034
468706433
609603781
560946318
-1682207022
1572496590
1113725614
1197485704
-456932185
-1185401994
-492744200
-623276922
-39184837
1783445187
-1325852943
1006194111
-482881445
-1870637767
-2099414988
1616029646
-605519353
289675003
1764590141
1262897335
1350346781
-167937683
848344128
305368359
-899751850
972151066
1651928629
1452300031
-1808476298
233772504
-1722438601
1959348243
1221879487
-1374726870
1708958478
212100398
1130927270
504104676
-1985670646
-1963170471
-1743164215
-2119561195
268131858
223031644
1782899487
2063810592
-1483486724
702437253
-75090320
-1911589844
-1846910946
-1275562073
1085048328
840043710
297754916
-1781601435
-1365733721
213293475
-2031399901
-209506640
67420859
166846482
-1511861266
1579928717
1169830352
1030397714
1442076072
1425593371
-739773625
-125848039
1875747994
1488722388
1215957061
1765249525
-1619902650
-1679963885
-1163400978
-1262550033
783761852
-766899755
-1832767277
-2116294867
685484331
-898842941
2110398120
-1625671592
-1574388550
-2044944529
1909775162
331383678
-1863340136
1084699358
1843903391
-738014152
2096549969
-1304203706
-2129005906
1052333071
-658908829
2034826263
815490481
-548216037
1913009937
-1427738817
34052185
-267356435
1991595638
2012276394
1785127922
823294894
-875277860
-1559501560
-911249961
-1499597945
984190542
1410359506
1102745895
646066243
1694375531
-41529203
-440750152
-1611791565
-1038483844
1819555664
-276259253
881690450
-1522565687
1560049028
-908124159
1807215016
-1637652184
-1216847381
-183622386
-2096704526
1537526486
-700616989
773243051
-1993908862
-1763683447
1413013482
431753809
307144292
-337067835
475190116
-987472349
-541425470
-1565600658
-112089956
124367019
1464388745
1245229470
973269512
-1708201528
-1682544309
1324462776
503288784
909867751
331407974
-1378284355
1890905745
863872113
880032102
1202115549
-1028354467
-588833148
329282215
-1201392303
552166918
-1885398812
688441407
-1569916313
-1905226084
-985676237
1637394202
211658974
884507443
-1316690336
1309203045
1540543603
-1905142552
942933085
2015463728
-183274053
1627953958
-1218553068
1567353422
822696499
1175331877
-1347971685
-302984577
-938999403
-1234261581
1731976869
-674266927
-1592558484
-456716745
-1613565124
524963138
727588842
1726670321
-1278923604
748494250
1775051513
1760252038
1964160450
1607189719
948009103
1509123771
-91463882
-1932218375
1180924742
760692864
-699349147
1385596480
-981123541
612292401
-1530410686
-1031954749
236492501
-517584873
1467049614
553152675
-973916999
1057045300
1652334919
-452959888
-1821615683
812085823
174979165
1777767882
-888862710
-544422931
1868856235
-924145589
-855328474
1965492082
-922244316
-279221596
675410497
-1299663802
806851917
-1746922235
-487634482
-1604371924
-1539577622
925534146
649769557
-927967889
-45748740
330924851
-1273618809
715252590
-1578853910
-1835271717
-27405678
1967913819
571028221
-1508581173
1224865462
1150111551
-735168751
1040261704
35536664
-2083120832
-375817847
-2083023189
1917041878
-1352787674
-506614653
-1758124152
-1998181285
545154587
401525068
-630882030
-2111875853
-1641015118
1226837014
-1166346818
-1567601247
188551466
1343846120
848197669
-1437484240
-1061134862
60690389
803917614
-1788781689
828900976
-1168421264
-210474901
135033409
549600765
-1303548802
-1244566333
1975249533
-1778629836
-1286894099
904657746
-780123663
-887525524
656012293
-1633505652
-418868923
-2062730622
1821355996
-417738840
1771128222
1451964123
-230651889
-1419649989
973889400
1795967400
787678638
-1890696670
1468943032
968401771
-1774855048
-979274331
-1440242687
1289370810
1558651463
-262027816
1107656517
-1972118717
666044877
2122093380
1882653599
-908795120
1807160448
353619143
353398880
818051082
1792143315
-1037314376
-1089413273
-984435773
-923307610
1496203342
1840339126
-803277969
-245143554
-1038619839
-2099705024
1363051059
150810616
1752140209
1025228551
-1446304862
1508460538
-1316252089
-375073690
935674499
-899329748
813509274
1476551851
-2092578856
-1847708634
-1821943853
1361663976
-1907892709
1912036586
1214309779
1329890314
741680330
-382385644
24681235
846080298
268638246
1097640784
1582462604
-2137759965
-1755795146
-667194613
-2007599398
163465316
-1692433902
1390837612
-758129829
-957276666
-1705782691
-1807430011
-320471523
105998624
253460498
-1306725947
-968479689
-1811022502
1348708484
-221264719
1927815287
-2107144000
-138322529
596683475
-2066938819
-2063545128
-867046541
-1509441294
104012454
-506407691
-467963405
692678018
1773566444
-1244545587
1043781369
-1865284514
-92702965
2048647753
85480588
2079027636
183871400
818315676
-237230235
-875683777
-272589266
-1796984169
-1278139985
2116914876
-1164065734
-679299014
-1831655922
-134985578
1273558840
1912277901
-878457117
670709219
855362382
223850160
-208681523
-1497663853
-1544972168
1818533169
1486065522
-2050671386
-1878215181
995978653
756731774
-219063522
1637976031
174291033
-157202197
803240054
-1890434273
3086258
1294802563
-525459118
-312439933
-838052559
1661867939
215557815
1833455657
2120521780
-255464128
-1106378500
-1534490080
287058361
750379823
1227368897
-1644379827
-970743427
428749216
-1986354912
-252675182
336236613
621806315
-1379986910
210500140
-949879942
1151011215
1452165749
-422188708
-1382908421
791933558
1715206491
-2088507831
-1816976850
1231107965
-1034229276
-375259356
-1255454376
1331697204
-691131298
1584370061
-138726354
-806637855
-769727732
-104781004
1479278764
1755877323
1494590999
-1425190717
-1650380508
1034367156
-101600575
2017742587
110301337
-342613338
-1769514528
1861319197
-82147251
-799737870
-1556979319
1596358538
-1985201512
-734189451
-1105179126
-594039379
1189738234
1056339485
1111606814
660231704
604953460
-1158900309
40994395
-517689875
-1830045933
-1597759559
-279799826
-671035265
1336836556
1717636607
-1538343285
-1705326536
-251069041
-1971238703
-2126949986
74170812
-872950635
1127483627
1302983878
-226308786
984402173
1254035825
1550181251
-791817614
859031958
1611597360
-1486502867
-699688492
-1416364034
-304061911
-2089732569
1874465128
1001073643
312660560
-467103916
920792785
34791368
988870801
-102204214
-321580026
507802243
898816787
1903852230
1355045427
1076476581
715228095
893409246
-2091276580
1502996130
63345667
532166524
2114973512
2047018610
1912262866
723109770
827526684
765860447
-237835537
-660300438
827363141
1471462176
-1701181589
-2025656791
-1297164773
-1177243865
-1972515732
1805850099
-1811021373
291438903
-897059281
-1222794552
-1853344812
-1683657672
1058912335
233100911
-1432543940
-1241370546
-839028922
-1017785429
-2091977372
1248306471
1385653812
-334304596
-856342638
2124815764
765899999
1678883016
-592706929
821293147
2122021370
-1841361046
-1165207927
-928204214
473429418
1460000330
-2142933702
-1275449969
-1167701947
-31105826
-1921288120
325714503
-832251556
-1038692593
1321472495
-392569772
-1769755909
-418856656
1466829789
106642035
1619860783
1483933483
-927152036
-1136737652
-266803768
632572669
1092452790
379027276
-978304929
189666915
1163862996
-1275337999
1656134298
778781653
-1688495064
-615275676
1534738606
1252526771
-619985972
920568716
-1123758555
1037179582
1861044203
-2104271392
-1485084960
1036679881
-650890145
-1946876866
-329581473
823795375
-1095236453
543279355
1910317888
-429561721
2099666635
1375618362
1184251141
16386326
-570172103
-1003802495
-366609894
-730467451
1571129842
1006919049
-706775019
2117949523
-220991319
1494364244
-1025605569
-329196660
-479008038
1263788421
1314105938
1039432250
-90731982
1465524971
959014788
-1008020708
120046893
-1802569378
-1581237820
-1701853547
1840630273
910221262
-845112510
1173922279
1996692410
-623605864
-1176151499
1315916192
-323625563
1591855643
201944280
-1606346924
965538034
-248143989
-1108311628
1941003915
939903124
435957508
531746852
-111489795
-600762516
-537703454
1814097174
-1538647556
295812261
-1816726449
445163534
282048817
1060344417
1077847324
2093495408
-1934785398
-1910635883
-1715759403
-985455874
-1239379598
446727728
510998542
-1206325346
-2104056509
-925535614
692222211
-2027870367
-152961800
1780070619
-132924320
1685416640
-1732944857
-448889741
1005224284
1948438567
-10643667
128164489
400104203
-147821897
927796394
-978796339
-2089416460
-658441912
-329203153
-539750910
-1479293727
2113012140
2030966838
-437962529
-305718794
-1434788806
941836626
1409567030
1314085125
187855754
1790191783
1452994392
-608895456
483048573
-9448549
-1855396426
267950958
-1937954177
-751613235
-330676021
-292217534
978560015
393750085
-567211719
2120072041
-714228865
1501419757
1396759602
831597507
-900059144
-805357760
537873945
-267326956
1452866241
-1272105663
-536880280
757377308
-86348608
1220743085
701379539
-1680129820
-338419648
244798579
-1579742290
609988186
1070383860
1951432291
-1345183861
-158468064
1770781755
-165996506
1941327399
1420627104
-1737755739
1034590830
497740934
-1613763229
354302901
-240289427
-2055751589
-1836467293
-208788248
-915401334
-384365395
2141551134
6733046
1559331666
505691320
100374572
-1134363049
1986551468
1763326224
1940691475
1425208328
1063591249
636805900
468546202
-1322723954
346199162
-1442205087
273113563
-141729990
-1620269606
1561497868
-101290659
95087279
-980400178
833622389
-2026977950
-1861022815
1078418642
39215825
-473781380
2073736415
449187383
686467015
-1171804571
-171628142
-784949742
327979862
175329040
-1961476410
1414259831
-362647563
-573283589
411611434
1398926311
1056699643
797951943
-303197421
312959238
-2008904127
-706986999
868619974
-482227824
338950661
1583509858
-528926474
1812575885
1963876625
-1595692084
-1780805749
563832260
6507803
-1076198857
856932516
390825580
502866287
-1072786348
-1957665313
794236201
683211211
911034799
-678928425
1252033334
-278850679
-2096697853
893771246
-1900307234
1133651203
-5194039
-301425077
-13835472
-296728782
-2034123247
-1228527066
1138248946
662066584
371809941
1970999874
-2048482603
-869996449
-2105778933
133492667
1026026218
-450605886
1745181370
-1422578431
-1116956844
465772460
-1280570032
-364324060
1689676863
-399413602
1233065970
-697165999
-1011003120
435323605
-690364013
-314325860
-1185709859
-939672917
-1277100920
-1273455105
-1309159905
1288246589
-1599802532
794485922
1989930406
687756365
-18575647
-140366244
-879756084
407230570
392489351
-1962862471
-1578912019
1285593934
-1033444368
1580524221
-1918824938
1216146566
52874947
738539176
1229658876
-1270361000
2009882047
-1589469444
910661678
2079801568
-419547117
498496380
1636326542
-1977130628
1135458797
775896309
-1355970307
1260901481
-1679508655
1048630657
1982881109
1492880046
162033707
-381695734
1102178460
68716088
-1298025050
703838733
1334315125
-102574522
-1922277186
1754582688
508980185
-743410170
930374164
375679413
1210617095
-2049314432
-312421632
129086624
-1940072775
1077277875
1333411820
1470020822
1275095191
-2036586243
880460767
-403494409
-1984024848
-353499969
1829488984
878039053
1635467687
-1729466048
438207581
1981194774
-1092239765
-1459918126
-2054587950
4638911
752521770
813367090
1210492942
1400168818
-321264185
635391540
-934075221
-113268334
352920073
873689247
-1469430883
-1840145915
1740422871
1815963989
-740058235
964441842
-1871490654
-1232108361
1281129287
215095243
-1026650335
-473576889
1263183065
772467597
-1481755580
668361870
2057265502
1047330118
-1906570655
-1922686145
-75545998
1680604375
-352879948
-150963301
1336157383
1877282811
-347970298
-1994085609
1967409136
752643975
-287822422
-986718147
666013565
908137715
-1024248144
994479567
496582983
-1979761640
-478922667
-153269199
-1175333620
1014152507
-1507709768
-1197216504
1005693245
349602633
22069971
-1482971875
1699524886
320774756
-1350136664
2085318791
2058121199
297718430
1436245178
-1030482679
-1320495662
1127699203
1264223934
-891853128
-1551511220
-1319208740
-281282670
1211937505
1849272968
958230322
1870813294
-1844021975
519928729
-1816466799
-1925467815
-1744061708
826169878
-1355361011
-1551548707
99211530
-487914005
-35244407
-1236635907
-349612168
573256046
581885238
851589479
-1250216012
163231408
-684291494
-1871886619
190970115
842157589
-2075023534
109747225
1445723935
1091344935
1866057434
-417350807
-1210368237
-607150938
-942377334
-250842569
199251562
-1682970397
1104618659
-1921923755
390951048
2105812813
740105739
-1523142472
-2004378026
406109772
1800464534
-1326666134
230917157
977056845
391806342
855718085
-150699573
1519263517
1108879445
-1052197923
1243855122
192787578
704646577
-1564300738
1205245523
-1401008153
-1734041913
1212000471
1711456093
1521385920
-1141474109
897451572
539462810
1439136653
2109902999
1811411187
-2138869644
136179098
1335057148
-481156752
1579020532
-1034245690
-301416266
-570627390
1397036972
1067065243
-1507207397
-327883029
-543720489
-1174469217
-848792363
-1484279222
-559789378
-608844823
172395238
-1268487596
-89329060
573273078
-1408661012
-1683430525
1891783236
1645513148
333993894
-1439184243
-509503806
1611430400
1306826934
917710041
-113302975
-732368412
-1555541336
-1271274450
-31446805
1978692547
-1462949326
1505657261
1365369494
-1433572031
251838909
1882706945
703035102
1687427741
282983460
-1605593900
1597507470
1294125896
-1967970374
-1657976444
-1924629181
772365243
-1753655919
89621270
-1073546669
1306392709
-1688903431
775465322
-703064086
355630755
894397255
743818672
-188460682
1884228883
117297111
-637468646
1811300932
1510710187
874304595
-369310509
-504850069
1269541670
230332724
1962394671
1091364840
-1069784449
1897074312
-1748221406
-783110902
-249123455
-508563210
136341750
-525843184
-1565773665
2099057407
1420596024
206151184
-1960892928
1153529478
1632092403
1732957977
873625566
1416755857
-1809208288
-1861538404
1522576400
-363159215
-858443684
572448007
-776112924
1663545951
1159002587
1577374898
-756090062
-1138213560
-996167780
-1377343490
-83282515
-793264053
1738018014
1257594043
-795418244
1758787424
-1569677870
-1881998390
-1790906360
-1733814404
570561425
1853425667
431914519
-1273300461
-803314865
1825685336
-1595627494
-892732194
1121592529
-1664988614
1575931842
-675505698
-2107055076
911293755
1787635416
1774255007
-1509926290
-1568599820
-338652339
-449441343
-956185999
-578833368
-1897381744
-1027348044
568834990
2100993065
823554591
-2143662142
-1855295169
1618540410
-561550495
-976618414
2033383368
-124524875
-485588815
2051854698
2106726056
1325326255
1266329021
-644486027
1279127658
-967794983
1601506577
-804614074
844971649
916409064
-1879986962
-481219748
761140276
1560850104
1851964768
1223949927
-1451139881
-1066816147
710771599
-1112987894
-907835077
-1479125797
258997844
-2100686110
626925671
-1399442905
-1597224945
664837831
-1859836025
-679555922
1701298615
-2117048751
1220449572
1119906597
-1166451918
1200031646
1646347157
1943504640
623086822
-142188719
-1750329676
1066897943
-2083793265
986185949
-1887614763
577368711
627758930
1370058498
-1547889932
-1020897066
2117948178
-813377385
-118610899
1972884570
-823150333
1267883402
1233755248
1158957530
1390608252
1898586149
273907316
2109878389
885188880
742368914
-1339044629
511883458
-1147992354
-2056040287
1611646712
-1003175368
-1898378200
329180615
789706717
-882425136
467683106
-208765079
-1889071623
-841480984
-1451535604
-1176022182
-650597136
-1618616470
1885755266
1397891746
-252793045
1105972269
-1648531182
-870887295
822250115
1298956443
-803217649
1320609203
1582812216
1464626323
-799886684
-1595472908
1913380903
1209156495
-1195295957
336039365
-2078369988
956593161
-983770177
1505887856
-227008220
-1174654694
-1001294321
1400434250
-957846201
-1456672156
-787630475
-1550180552
1476863733
-2029416910
863735110
656141683
-1684356898
1197363677
238446955
866455695
-1063238713
-1874215823
-313391056
1885051064
-2106272645
-2043428977
1293807195
-866683841
-1992481537
998091412
847175296
-1434891948
-726252280
-1985797126
-566697837
254715925
291407281
304534782
1192865471
-306652985
1000105064
-567563389
899455861
-1608791454
-1267420887
642111030
-1013037881
-483465902
-155163665
924638961
1699195125
664913532
904254822
-852850844
314404936
-1251793282
253775588
678972402
1436123166
-1862766277
127673754
720875736
-553505978
-1640443498
861721862
523222420
1955828621
2043065724
642108588
-71546236
-662368104
-1899033048
1089856772
-1329462068
1304276980
692441249
-1045385291
21253245
1210589803
-1840547193
1838159620
-1183297294
499624601
-1931501808
-1964244858
2130907005
1528094910
-121585588
-1702041827
-1496967101
-29204524
-1466304336
1293525025
934886756
-294211612
195246289
-1669349412
-1181904802
-1224081003
-1579082385
1763266876
1924682162
-391409915
159228341
659150019
38450888
-1673808421
193147326
-411583806
-1461343729
-630907236
1792532827
-1629041467
1466362216
550536510
1643039507
390806097
-1679874364
-1217136902
-25044118
1144274124
-1942548725
-281568922
-1224307610
468223676
-1008510145
-197701950
1068782926
339604020
-1117368351
1787415441
1696322228
1587094154
861884051
971698539
1689905846
936971597
-1647354370
1949336337
1088582015
-1799512459
1229179893
827164097
152179220
278391772
1292258778
857334732
711950157
-301618195
-846970048
-1738988443
37761312
-949951590
1729429202
1658080442
227881509
162004883
1566652786
-184009144
-491208363
-1070478156
-1423174748
1646995051
1512950805
-2067528770
1600145709
-1134505164
-358710157
2111462473
-850756873
-769719938
-1121478738
1331124985
286503735
-1304430525
-1438529285
1337413360
-987920431
391316779
1801712774
2020684419
-1559003398
-1684033946
1720958646
-1699192017
849058335
2034871738
-1615105099
-846371635
-1043715323
441518303
1677712175
-1371855867
1058756400
-334832886
96011352
2084662272
1542909321
-1369136185
-1738715596
-595295391
-1209437638
-905105653
-1428279278
-526048140
-234388260
1723558537
-387283367
-35437400
-39910188
-444810172
-1199413370
-836673734
1001101306
-1082544539
92587380
-1664796877
-910526598
1631126606
-1465950498
-342997868
2068031231
-1974039314
646825250
-934723378
-1170408947
-1289468330
-535004601
785090167
1762495406
-2113821044
1865509697
-233293765
156142672
178134431
-1721021837
524051216
976259565
1461265659
2046660212
1267634093
-718629268
390295550
-762898155
1238464316
-368381881
-1704324662
-1577203038
-847196339
-489221779
-716329892
-2119596696
1015701774
-1771878296
-445317923
-288529033
1965350841
-731365438
-1775544008
-1404686167
1922642509
1902057381
124842732
642859746
1206527104
1641215425
-181669086
471825048
-711871757
-2040451215
-901331966
1795942805
1598711463
1099919904
-916907199
1451642363
-615615569
1362202089
406755838
-96626807
-1797419225
344901245
1859589582
706149660
-747261852
-250556855
-396763371
289564279
1715089772
-683356200
-211380073
-1618661818
-1429732696
-1818678923
1553167438
-1109360545
1332536791
264814356
-891164291
1514723403
1168303174
-1920006543
-360695803
1635279877
705721405
793653625
-1311814410
2118012673
-1772027460
2047023849
1007279208
-79087249
374394471
1668864309
1298318476
-7643200
-1081975618
-1570235478
-1287778819
-499435927
308468368
1649194454
-376890021
-631538202
-456769871
-461505241
560720410
1927418625
-1405415958
-1849893679
1859538583
272957267
-912196816
1161085941
1326040428
1521061387
680318745
1243271679
1265707012
1902733549
-21527925
1642653007
1729970801
-1789001315
291297462
-655855589
-1823059844
664980253
726320195
-73713774
908048381
-427620460
1571812301
1473143109
227316845
-1303368111
-222502512
-368676158
1905846201
-1809175026
1260462687
1639524226
1025803352
-2121068680
295317467
-558612220
-353762145
1832631278
-1855446559
777958713
-1239588013
-1475351415
-1865413820
-2106335454
-1526527616
-1318877860
-820318788
-1565616713
931751304
713285884
1492875549
-1579922166
1107058558
1158926402
-298579509
1928242604
361447092
1287737935
49912428
1334054479
583980178
-1202698032
-970482465
-1987683412
1996947625
-605705086
2116284013
498629287
-526130681
187893240
1888574270
-2084921168
-870299188
-572903781
132277518
-771842453
2088256253
-950166030
-1664794336
1004288146
-1411398761
1047643940
-75677326
1092070170
-1089807641
-104314182
-1379066575
111852180
-124129000
179699880
878234735
1388509142
-934155251
-727638387
-1784878318
2146310618
-1007596175
-1959461319
402970383
-2020109851
-1158636021
1160595568
797441496
-2138522133
-326256042
375556077
-523629293
-1118872271
-983116720
-1780586327
1396767371
511978292
-656195950
-1000462500
1822365547
1478870217
-2013965152
1225651524
-118578519
1708800901
60953730
1169183780
-1481666881
1781267294
-76530285
-1257197937
-1910542688
-822286703
1202325656
-19877787
-1528906263
-340472889
-1971729133
-1902894178
178649175
1449040499
-90495015
847729990
-1712311175
-1707476611
64976610
2054702792
1806185894
2122130468
-295846304
1971007342
1077946672
-1654836961
1779649298
-191426009
-93617447
1949378566
1664853465
-578851957
-1909085051
-1545172752
1761324171
1428962332
732396849
54798940
-849026042
1601303247
1490594595
-991784620
1754486664
-2100364342
-211178141
126822351
301570366
-1766000787
808829033
323089750
-938231782
-349184618
550765079
-1927037461
-1997324567
-1043492575
-1267083031
2090642213
-895250268
-1324570707
-1270867350
-532552801
-1568197115
387017125
-1259363095
1039840403
600043613
-1710469506
697393260
1679569345
-2015582812
-1236436675
-1521952027
-205230187
-554337839
729086268
1606415267
632077192
1882171756
1650447148
1490897419
205289157
-1823475360
-1863444899
501638023
-971213040
-1396977643
-541162947
2127150269
774181347
1896238014
1556119581
895236611
-2038483495
-1626871313
1279620411
219720467
-143444400
-1139764111
-314134276
-408463877
-186241720
-429054119
86342520
-1537295018
1378949009
-1267284905
1199507516
-2041702976
-116715739
317949771
-1207545526
-126542202
2146584530
-1040879587
-2098061724
970215837
-988433892
350066125
212712585
1983618773
-428119968
-168364344
2002725312
2087528014
2101234236
1904048765
-323110637
-1316182486
-1702925778
-1675954128
954233566
472616836
1062089083
-13805810
-816073399
-1580403041
-1617666479
-1631184000
326752530
-2017734046
-1857994705
-1954220605
-1764565361
1455505156
-691939708
-93051464
591619827
-1074808829
613004694
1478936568
2122546639
-1701610151
-1622485595
1472618539
1520563932
-2019059726
1236840527
-876727142
1337025527
-382586536
1066750006
696798977
-1002444948
1390555823
1720530655
235484841
-1811716490
1081302760
1179729117
1495578550
314040326
83713073
1051447342
-2029564995
-993662013
-1884987221
910243044
-1589315687
472098130
-982419873
-444552185
1655157375
-2042460202
-126383503
-112810823
865380942
-1275003462
294763414
-1106355301
1267792171
-692148051
-1503355965
-913077137
736337997
1914611182
-1189390042
61544959
-1998857196
-1192013111
-1123483047
2049167420
-1608506016
1501779296
-1566746155
-185686871
-1948552160
1242557870
-1055986524
1239423225
-773613783
-25111863
201547866
-531454985
-1001605816
1671045222
-358994875
-1223932763
596331418
-1083893598
2060268003
4694952
1116159258
-507724289
56486036
451110626
-132659333
-545551956
-1229123440
1254136672
1216966967
1725415944
-842653414
797137271
-1840495385
-665832087
-116988427
376899369
1811541461
-43819752
1977548823
76143820
1556646351
23538848
-246792804
-1100378131
1417167933
1232605512
937688317
1359300721
-1038676363
-1025907235
1625362305
978797565
1926695246
328064692
1000394482
-2087007337
-521571341
-477318674
-733128044
-113680499
1192834041
-700153859
-1626460334
1812217237
-167949646
669925479
1909428026
687711541
-330511421
-1589201207
-841716693
-616071580
1248012531
1651717151
-344995379
-50117007
-1432557754
328902722
-1902261568
575235876
-769519286
1262471089
1644420375
1931238434
1093991087
1743866259
-1570588153
-392279403
1819355421
-256802308
1845243099
-1927942388
1926198850
-1916347281
1830409515
1874462111
-469647575
1455094435
-1845405620
-217542570
554284242
308706186
-495602166
-119431222
1662231038
-414994802
313308308
2029224461
-338216375
757249821
-593848393
-1367311418
206423678
-1442978713
-1914333361
275017632
-609336794
-1705688730
368429305
599988197
-829079966
-698048226
-1280478963
1160623717
373792250
284666662
983625419
932798108
1465679541
919841894
828684243
-2106769901
-15997974
115814433
-386197798
-360544506
1009055318
-1333963
936550810
57008454
1837624624
673551265
73505290
-2134604447
288158843
867444296
58306255
-2115148289
-712858470
1571359988
1882377970
485559182
679730985
1680734877
1979909330
1785792033
1435378953
-2138225687
612666459
-656795243
570341821
-1387830794
516593783
-1680701451
-1574033420
-558408361
-1858569276
1163402783
1237777254
174351709
131475592
2141185703
-1393703966
-2042685545
1868053473
595830522
8238504
-1074971749
1002506304
-1788376378
-1208059149
-449906939
1944277784
474259865
221055706
1838464447
1080474065
1646990024
1077582168
-1418886526
-763825662
895036306
-964561751
-2109150307
-1319741217
322087812
-928717865
81891317
562529776
-986320098
1980258963
922714188
-1135028988
163772598
465540680
841195717
-51635356
-1318967396
895711341
-372205913
-2121008054
-210268802
139768346
1045319265
-1221881709
-718210546
-893610786
-1357816371
1075074484
155448545
-125199153
281003704
-2068867094
-1996837478
-1226700831
845208994
-959984715
-1923265977
56102523
1641961665
-810448250
1681340426
-1127182009
-1915172020
-650959178
-1500618245
1103515721
707924213
-826471750
2132570700
-1482621133
-1848349258
376199061
1169719726
1115212534
-77240880
183793293
-1432233740
-116120420
335516176
2015597089
-662525707
1870062932
1392440403
1048652345
1342954677
2016878542
1084198989
-1362806881
712600006
456995529
1592151173
-690384211
-345980180
1289351401
-1790419037
1996394824
-64925441
-1284050483
-603599379
1908871180
1583945237
1909612640
544193295
-2077271352
-2051154209
1224268399
-1348758502
-548034516
-1407343021
-851102340
-577743410
-1030611775
1372524427
903298257
-1676971236
-1911060200
111483372
728743127
-1982914587
-2094704826
-1719176309
733048744
-96205816
-899261553
2084769227
-1381261599
424975003
-1700823968
-1816340406
1569492669
-1324826249
-460561022
-103102979
-56162721
164379897
-1678263667
-183140199
-908621458
-1145883641
620723354
-874025420
-1307896090
716957777
508401468
913567020
-495812307
1916612313
1897384111
1091299911
-83184796
413494452
1832474962
350434587
-237799424
1822825489
-1511238062
-1818478928
1788056728
-1809572486
433013671
612757091
-1516089600
1275418970
-96503484
-910010100
1327214485
309884350
-1579180150
1045014115
409343194
-337927073
732233469
-836706145
-1522209725
1630784736
-901933255
107014751
-1927437231
2121635667
-699649754
-1659570482
-305058850
-84534527
1477894250
-943333375
-790785351
-546228886
437757983
83492770
-1029660811
-1217409654
-1935264059
1732734419
-540184962
-138901666
-1695748742
571525708
62156396
-719737947
634037864
1055060933
-65122917
1719879659
-43651458
1894535579
-630215429
-145438014
-1387420062
1215075245
-556487645
-1020157870
1011760805
210111623
-1634688340
-1746627820
-1881013448
482871746
192912060
-1273891622
-1768543714
1868287658
-576954143
-1762339822
-869951134
-214690527
-1724433121
-966540982
1621465163
-650561342
1656138059
152955126
154132431
-93687735
-193161062
1814660465
-1221018044
1301199153
572531828
521727297
-1955118499
462838174
919909006
-996425313
-315580077
-126346115
1490348087
118882613
-837333918
1969466345
-1304887568
-598801623
-1862178442
-1428902448
101011010
-202989990
2109842214
-1549236522
934747852
-497090328
296256481
135456632
560143003
174980089
837013606
913016692
1910107838
1748027322
1582601593
-225332376
-1770196456
-771128412
-2016682797
-1857515335
1689642359
564000512
1462320473
-1111934026
446832869
-387754580
852867729
-898227204
-961363394
-1013248737
-2000115887
-1355986149
1745400066
694214057
736853944
116214137
1852607340
-1884634113
2005724770
1656438134
1177538755
572487415
1776447703
1064700113
-2092573457
-760185457
-1298444477
-1226473399
213420366
-1104076493
1937693548
1352298887
2005239496
502513727
37432031
36610874
-80820960
1066091713
-1423392659
-1245564028
337214349
1231471492
1209718997
1938159764
-713251191
970557257
1805340354
1442367379
123277031
1585581143
325863927
-1434991164
-1308479957
270970934
-333894200
1461725158
2036368405
1665604022
2114157259
-972880932
-880070273
-1811047114
1777309647
43128975
568323176
-1657003742
-1562331635
1664528403
1990041935
-916175171
1146242205
1685192712
1014453701
1282595616
-506419413
1190702146
249176125
2106774657
-1898306582
1966165932
-2114303706
250372024
789331144
-1197985944
-831985349
1443414527
506521570
1258847291
-30107367
351015673
-519939271
-452082136
112002577
897716981
968056742
124159578
856326207
252420467
-910860533
-49618106
515364315
1544460262
-334192181
-224849136
2064519118
1193413819
-329879685
574292014
288809864
1913471641
1682704089
2117014603
115600912
-1521498134
-888626948
-1571271315
-522843044
-1030911334
-145230899
-1260912295
571565282
2059527199
469100469
1895166773
-1622149522
1170792888
446657687
-188637329
-1525825482
-872526600
-1340089856
1260511710
816240427
-1062848379
503096989
-1347003866
-1682899823
2093683997
2039890669
1916809823
-381711919
712610522
-2084965578
1384000504
811189645
805491382
-369261380
1975654105
-2099710475
-1099846576
-1811146192
1665406663
-580598696
-437777425
1435421543
362437389
-1449540098
-1704612665
819137611
1560423511
-1076937164
1674163067
-1577316586
-510561056
-1884394073
-1862996765
-39086660
-868866353
-1491139851
940225806
1273095848
-606395170
-1959690111
-517289334
-1482958677
-1218408131
669625222
-1109487134
-1196348879
261072565
-1084729234
-635925145
1994692533
1813020687
-2020267932
-598930125
-566598282
-1108708939
924716071
219634538
1556172906
1602083226
-785670111
1548675267
-2075846029
2138081623
-1528384072
-1784398522
1579230672
-269209962
-1000563229
-1709854377
-941829163
2019581363
802490623
705180402
-1818060066
2056266399
-1727688734
97557303
322832257
-1978844152
1422670384
473847849
-161735422
1729193142
-1025796627
1619029682
1888274699
1023954744
-430427053
784996586
-667197796
-2117912641
-99573786
-508787560
-121680832
-96915383
-1544151099
628061688
906330497
968723201
-821175231
2064306878
593901468
189269733
-1233700685
1174362458
138547576
536912553
-123898231
1064110206
-415447340
-990168614
-1669859934
-1851131172
1469763264
1378701383
1562224092
-1971012812
-290800306
812298140
-1222279702
1535726733
544884872
1373354830
-1869149334
-414145854
-1633539932
-2111136066
-1261735882
89499456
15943542
668121496
584081657
-616241652
1367536421
-1328550275
-1947993851
393613067
1127942177
-1734232095
-1581680796
-1400866947
-219265452
-2039470283
-1767622356
-1646319670
373310871
-1637928377
-1513650921
-241073791
481541479
-1694567703
-1539376046
-1351499363
-1389816872
1368243409
-1759722347
973792009
-264083511
-1079300673
-2108178573
1238082917
-1916695976
-378954780
462775027
1705819146
726113176
-2053273982
-1772091554
935094603
-1926939007
-2111771441
1192476250
1403128318
1634048040
-1262833889
-1680275657
-1932503750
-651325905
-440902079
-1197083512
1731548257
-668206978
-1186259672
-2118936843
1554208608
-194069966
-1432454963
-933314225
52324661
1035728341
1235901012
-1370981915
-1192359759
-1177694001
-1724942483
-889475819
-2096420481
1438808605
-950016771
-1499269851
-1384201884
1408854080
1873522684
968002387
1808098759
-1011744137
692297888
857191978
-443499148
-1806751441
-899511365
1036011799
-2105029988
1281774010
-1903176096
-1604187845
-499953376
1006119231
739512269
-1198322815
1012129038
1151070961
-184367740
-1446944781
766717291
-1723460221
-523569734
1655283273
2119894834
1692765147
-294534155
-305059901
-1002982244
1385901317
-1146006544
75641400
-120802142
-418840726
-1670385983
-1928007571
-33136961
1466370881
2124535357
506620842
2107342586
-1544658876
-1427477861
-1233984886
-1541525981
-1224588633
276268630
-1954365165
-1794413988
-460672187
2094806104
1930855941
2082288603
-1938634980
-2057427884
-744019594
974860781
-1150254597
1081835891
-126494562
-2069748675
1164126329
1654984498
-588309777
421176406
133184809
713207946
611497065
1335622501
1238801675
1977007440
-1375282901
-486535101
-1225625788
-1435055650
-1932360116
1681502643
1902369809
219596019
-1079766037
1213120743
1895153401
67997655
-1199156092
1449918537
-1040136126
1560835266
582473093
-157250953
-1478835803
1544888190
-1367534304
1311454606
-1414993340
1723857995
1753203043
-2077989206
-496525861
-243326718
49960069
217258413
1399372598
-1098898308
-888102271
-1935400640
917339618
-311326668
-240440344
472310551
-2020098265
709269546
-1909175821
1675826296
532271669
-276896502
-537688105
-1286653187
-1505005668
761838733
-239813283
-1452804713
1044210689
1030243359
-668090703
291787222
374142478
1019419074
1466873209
-1174163096
521353130
1208655665
735475497
2023097311
-233064854
-2059578552
1891986581
1940347063
-707707066
156884386
1876876999
-1203499626
734439823
-458968957
1615969554
5971157
348970272
-1718917896
1939812455
890785855
-1079605293
-216058563
-1108963354
1701338135
1866282551
1003632990
-1474065737
-1418385825
-2092776577
-1044821472
1413782299
1678294615
-1654303556
223260193
-1429399875
2091501635
-1125428402
1087370557
1092055118
-785620623
-303031656
1930667571
1266777680
866041978
-137278222
391750280
-652879056
-366406201
-1964506141
1583572138
1944236698
300707927
2007519119
307199065
1398771721
1415883454
-604718738
-2138706622
-901184868
-494033808
1176157758
968446956
-932042192
1716276031
449344314
-1847921449
-931561046
60832034
328911500
119413218
-2108720492
271247927
568797951
-502701587
1129496043
-1796878582
207245048
794486462
-189848010
1001438999
-1724801370
-2123473624
233424602
-50950259
1366522232
-266169495
-178940756
-1052913068
-421649713
1982722516
2010219464
-2091384495
-41138700
-676863569
-169202016
574724584
-1228323508
-1719189922
-477734313
-1846940478
2071906506
-1959512896
300346447
272737743
2101886884
-330418984
-1757928192
1281052814
2094025033
665639344
-1132776437
1750686859
367475089
1806494585
929855886
-1868995031
218180662
1967710198
-1149499206
-1287338079
-2118296702
-1316061925
271794081
527087178
369077834
1308197361
-440694700
1783132186
-733957862
-162170436
1860671277
-1599586964
692547249
1145511262
-866010520
965233411
-1866212433
1539303165
-742977800
1925619790
-2005415540
-828064797
270577304
949990893
369595596
-1021652826
-1352062177
-1180602253
929759856
-109302904
-1537348840
-1702067347
948568239
-752391904
-1222558831
-323321693
1494761189
-395008199
-1414845645
-1505814627
-679620404
1012120057
-1793817966
962546024
936005865
1035341637
-366449210
-513698662
194197064
-1138170780
-496063686
1768316306
544559466
-735399454
61428675
925374212
-1979931522
-619646538
-471953420
-1552486732
-1472918833
402760614
-591933776
-1925447039
-111582338
-506055702
2005225727
1175216548
171848560
-1359763441
2127437605
-1458282951
1097855625
243152414
4307696
1386738431
197949465
269265405
-782097582
-2142420645
1373780630
-1570620140
-544080594
1524788130
987190924
553370675
1385952630
248532887
2001047760
-39364686
1015394421
-1521490638
1805109243
-315893287
-1143874967
-1780464221
424184086
-1636302974
1803169108
1281859222
271104914
287751933
656637971
-1218865737
-1479501702
-2069804749
1201353391
1843519607
1691115755
-2096828147
-590443534
951718928
-1875277885
745907478
878828605
490598855
1923105431
-152314018
1746303385
1505866608
1327543787
236400545
1250683147
-1335747529
-1714802532
1021100969
-187053781
-1833021028
375794337
1351324144
1766150647
696762559
-1419248910
-1688860024
1076788708
1054118877
172849351
708538943
-2122436554
-169509862
-1697907707
1485392894
-1751126896
785896320
-873959179
985625713
1990652878
-188130489
1959818038
1512559596
2078792210
1635981910
-499801100
68995724
1565321756
-1089134583
-1689538726
34060957
2101144031
639971125
-1768114875
-1949084357
-1252977584
1934529896
971966777
874745147
-795845504
-1089359244
78806424
375346251
2058571245
-558500818
-1994740208
-1061779881
-296411628
828983923
1886322005
-502225106
-1926511798
-1206626453
-1167050224
1131894373
1152001227
1342890001
1899962134
-1067868805
-66275309
-986431246
1512973021
-416056259
-1476255892
935324468
597445163
1861703531
958832072
808857050
-2019692017
1666002332
-1230867504
1660276549
1578353940
-1667910050
313031228
104020733
-1507897420
-153235551
-728527516
865486769
-639113205
-1764696748
-1724473833
-723527300
261741772
461307728
-1092846677
1372644457
1521819512
-1179238027
-994989227
-1591700679
-530588212
670837266
-165420870
-2031643037
600096378
-618182006
-1083708475
-54337701
734770460
560903731
1779445691
-883930090
1962385765
381649793
1017837451
-708049202
-937284199
-2021213341
-536790166
398302722
1551015998
-1860150548
620997535
-1240459072
1736676627
-16626890
-1996680037
685804326
-445198015
63206274
796815436
-1912410331
-487217456
1536510372
468334770
-839563896
-1878025380
616334493
-1261842511
-772455628
1943029255
-1329343095
-1838084055
-1972564303
142645425
1207421627
639720515
-1523592727
387385446
-1083096794
1478409486
1262953518
1218267416
-369489922
389998409
178163841
2106167437
1277532830
1419983234
-1326793712
-1468754790
773919916
-1211365537
-1761742592
-1166755695
-1471429510
-1153120709
-158068371
-419815945
-1126432849
-301076748
-323209554
1519291514
-18211290
-220026622
-794394403
-560503519
-663372011
29725388
1577114261
-1419307835
-1013465999
992033590
-1284131587
1825487295
-246058863
-344055682
1837891589
-1019744030
-122670575
-325498808
-732437777
257555883
2094410232
-373046026
-1956644591
1209844151
-536352739
1394916413
-552397096
-596691084
1410881990
-218316043
1449581328
217998363
262342289
715301423
-906522527
-954927907
1785640855
-136390260
-528080100
1505426268
-768545587
-1211338036
1798909751
-1817150116
1028179118
-1346700635
-288200042
458542010
827210262
1341567701
1918496652
2084033692
-105063311
-719761030
-204133472
1211229417
97478164
-472456799
817329811
1186041083
-166472470
1314887964
-1911122527
2075565203
-258610861
-894912617
747482887
2079091213
-940036280
-1149517075
-1453493819
734320852
749860290
-1672694601
-771721819
2140721943
-232073124
1187835174
-44624005
-504747332
-1043153098
1647968018
-1241623123
-2043800171
-555779811
1690610002
-2003209995
-1857636143
-1136176152
-933392051
-955361947
-934971468
-1641916636
1660588753
-751759445
2037840266
-1240333069
1077983523
2019218070
-564847912
-1444297424
1152136534
942493912
101334485
718298839
974185952
1804300045
-487281128
-1011539036
1877164906
836538876
-1051718767
-965103111
-1335703834
1581255963
-719982403
-639930108
465312998
-1465223848
-1064941547
490089248
1154136620
675208214
-1227160377
-991204740
1166452093
-1865271691
-424529240
13663226
346327738
1739027670
284463464
-1749074855
800811824
-1219031395
-89247994
-159116395
1050967854
280823352
-709773946
791003789
318708951
2062854496
-734634015
640280294
-888424390
1998164383
439077437
-1471981265
-1230090081
1375316241
-755101346
2047199557
1234820899
-1906559122
-1086851749
1728855289
464231047
1782463303
1779954580
-1934207761
26616900
279221135
-284652573
1618639816
1097462498
1688780125
-918870767
1896440707
25791881
-244504081
1202209931
1851880736
1382903000
703754481
-1800467116
1438062214
-1249602316
60220159
-1514587587
-1929319770
851197156
446578792
736626516
-2059046945
-334883044
28809269
-970867047
79274148
2147094359
1750307689
907992055
1217821275
1526305193
939372681
1620114546
-1400533368
-1876447532
990851934
191696028
-1058864598
-955076135
-415576840
-268080563
-1542086811
-515835182
1625047030
406318482
-467411616
-370396417
417826053
431951077
515310192
-1187828195
-1425591386
-2014015330
1697367157
326634750
70398771
-2042132055
442633092
1793422678
-939722717
1536065401
1995684550
1299116754
1416286604
192547132
680829855
-766651026
1565002473
-1896135088
148637457
2017272071
-1721899491
968157685
-1059436189
516710959
1633530295
415551042
1340324861
1917484096
-361726089
-1180745123
-282877546
-263797581
959266577
1570015206
790155408
-608698446
1301233968
1798058931
-1840277598
549327338
-375167299
688481730
1472383159
1911323558
-1019051936
-507114389
-913830379
1364783385
-1047289274
1549969109
-938873407
1334486010
-243699675
-1395967318
-1588322526
1998328406
1018799484
1254715662
-1524820252
-1767215455
1188978207
-691597620
-1954419425
818607373
-2067471630
709049298
1276641719
745521694
415629044
688934367
-1354104059
-1532297602
-509599617
395774586
-617858378
911766541
-1374958899
213357605
-1454488333
35840060
-1637409858
-357599534
1657705922
-86272101
1634560471
1424983958
-447319893
-2005905745
1690058382
-2143056996
1693136542
-1607197687
104280260
-631711141
1441541652
552470419
-730831982
751857419
1180838259
91274028
-2108445369
-1847845548
-264720458
816064631
699312817
-1003627192
-582055091
-1692190736
554713756
-1258593645
-54140095
1109185855
404643223
4682481
1423590043
-1303843632
2049496573
-1530548257
340486
-1917374813
-1649613773
415549333
899696563
826714720
-387151058
1809203506
-1212296836
871536814
1945225527
212490297
2145353035
1172932
2005766386
654940988
1824826301
845959487
-211890533
1983726038
1795168513
-975096010
-756154989
668102109
-1566595066
-1182181749
-1347546597
-1061958696
-1943168043
-1006753661
1400617822
1448625839
16186170
-1912169063
-784318028
1048363681
-603497814
-1299033202
1743619364
885658489
754280544
-1897293628
861724715
-299392508
1370068680
-2054565684
-1225592133
-393317187
721062177
1300958781
-1685677690
-1288204342
-1886312867
-387648057
489264507
-650387413
-884967861
-491372921
-229267568
1735075376
1830530295
353592220
1156129986
-930966740
-1772681136
-787064071
1116358233
1883442791
-39427061
1429366140
-172443024
-1049471656
-1466521657
-764654528
1732851892
1943104275
344814450
977837870
1635721068
-523891968
-303256086
-498677542
-1095476040
1595675341
730716647
-2552948
-1514133475
-1021372507
967005463
-1237927013
-363769792
798726817
-11803254
392645377
1870209265
1499107454
-939050672
414841388
-1561320085
-660524912
738212960
700924434
812534489
-26591497
-770938694
1230392199
-368826596
749553167
-1836223280
508692434
-1661245493
-312773844
-44760030
-1717649795
1856023931
-369030521
1417690663
-514186132
968447807
-1586125198
-1657049229
-65187792
-796130702
-386615853
-1011082987
-1267130468
-1735736653
1033563599
-339602879
526049945
-2011539920
-237198651
-1193893842
-862953674
-2065573337
-749454211
-1685411775
-58752253
-1648180310
-276350559
1633902699
-493398626
-950984542
1161000555
1714889166
1984233614
144729365
178104991
-1112391258
630259791
1488537771
-1955245380
-2066344858
-1036660051
2136045677
-1183745939
-1279099103
-1388136875
-710532912
1426918981
1379711787
-613265496
-1025076238
-150941012
-747884544
646334162
-1028878301
1518595603
-1318025373
729166619
-271324506
-1556365202
-1509793846
-212768900
-1160011081
995529187
880951545
-359107467
756457680
-2049697089
-1443907860
1640788765
-242047449
1773803177
1786558201
2000645498
637546619
-1943906535
-384847050
-284002286
-1991354864
2079525130
759758871
134435010
391765496
-1578556947
1858498651
-1015769395
557783187
900212705
1118456617
-1439109065
-590201768
-201209567
-1055326090
-1218793388
-1548072236
-1092946243
632504233
1939788699
1474740722
-2093255027
-431467392
958096575
-807887491
-915398558
1482092084
723951360
-1111790365
-1393083779
1857074395
1566925245
819167547
-646862524
787960077
1913964878
-711821431
-1236605390
1894762954
1024721168
905159488
2138370575
-1575789414
-1544510784
-170517241
1974777441
1687368694
-2071382260
-433948224
399411745
1417060326
956214119
-1712951867
-290861646
1305588971
-1041837796
980476020
-1937911282
-1500744418
1950300582
-1088605203
294223682
-1156520040
-1866398659
-2094742246
-1426428388
1639498260
-1960087372
-742791185
-641767135
-1422292781
992234370
1528816626
-632452924
1087916223
1118471965
-425216771
-1289855275
-1843638317
-922184050
-1783524285
1629545783
1565165497
838425921
-212890224
1723737046
1449744052
-1064581091
1126540500
-156384809
1378298560
2038326228
-1729605663
-823790064
1392251638
177046651
1621248115
213224121
-1182725323
-1060908452
1224145521
953018468
461233662
-2004463605
136778354
468605994
-2116501344
-1139659338
-51318654
-1438577370
44109204
-374080063
-37813468
1066226983
2082521386
1332027026
-818786661
946499744
645307492
922054056
1194828901
-1747404317
1828000289
-1582000142
1740263175
1012327310
362832509
1575983966
334444048
1055647301
-571963273
416042415
157269591
2029360545
-161358379
-1118438253
-1702106490
370610279
-435578556
1126922996
812613596
899776508
1993444034
1433415566
-1162988755
1434770200
587250240
715585729
535241262
-411197510
-1280521086
-919144024
552606959
-1827686309
644502090
1741137001
1857913767
1127088230
-1315936844
-844982834
1673772215
-395240474
-1387382301
-1826679276
-1561622807
2008520321
-90734371
-33271037
268610552
-63668828
299289523
1594664766
740742996
-493819393
1889749221
1300595420
-465529563
-199742412
-1985379069
-1179858634
-1669284464
-1003646774
1791824279
1998960642
-1976381382
-1027215513
-310167998
-739464288
-782564342
1536063806
-1027272668
-556641101
-172028110
-703759675
-117849215
-805555468
-614143122
1453393067
-1927306335
1332832578
830675598
-435507191
730166518
647511804
-661508302
-1267273257
-707580540
-486940013
-924344876
-1998474847
-1238116483
-2014887590
-1623320052
228661113
-530023893
720570528
806355982
972735791
732310802
434250752
233613942
-1237913921
429898069
1626688758
-2110167993
-1226308086
-96637608
2072215477
257673009
1414852041
512493222
420152
-1353023982
-278992962
311809557
-516480361
-422149186
1427878443
-77102552
-1461006949
-1172912637
1223657607
2125728692
-196876652
620524775
561642351
178387141
-1664721047
-145325517
-1570516006
411421121
-601237521
-1183902412
323712401
-1427366706
1789298558
1494611648
1441821917
9970545
-30495806
-233358985
-225029247
1497452151
-1513123634
-1371692470
1956747498
-265989097
-1936554378
-587950783
837925284
-1708002216
-1679337763
1771407992
-1733459440
64757680
-198766004
1839812458
945748052
-2081397779
190268485
-232417167
-141104750
654492504
-1807555113
-63723891
-971008421
-1461560809
-880828108
-1214970524
-800509338
-656968237
-229950848
780641673
-380490884
-1732705382
831926763
1163581184
-325555274
-1605339131
-951192831
586868737
106957547
743544221
-1102437056
1473342460
-1328602269
614315386
-614075926
-1112248611
797294031
1457550893
1233605405
-2038490992
523503741
-1962019617
-1612464096
1335002311
1711295943
1160311993
1928514303
1864749818
1219583436
1832491142
-562789543
1765323439
1722376034
700682903
-1761955209
1835790331
-553108406
1955917543
-1597946719
-1858616248
1393302693
867490686
-376212564
-751833257
3777959
1791759129
-1455388969
-1065231224
-549654646
-757674486
-1594082344
1171871833
-569415996
1485462877
1932799280
-56845780
-1409414021
-1680419780
1277479367
1563993676
-1745958344
512713620
-1257393740
591612977
469421275
-741717001
-1987146661
-523746045
2019498702
-818705980
-843928644
-9750948
1109645693
-375677052
1422070026
140549458
-890374651
-255974761
1515955835
198960564
2121671979
-372118001
163168862
-172936814
-1436848497
-1154539557
1879525233
-607283966
-38357216
1198867495
247920244
873515553
2050490066
1449022211
-1732524807
-29384360
-1746057842
722560066
-823243394
1819718112
979258218
395460004
-1039094595
1425608327
2024251418
-686219465
1337090113
-1548811597
-2047691355
-1074761223
-1078265284
1147476903
-1823479205
-1758708542
918273687
1226572293
-623723003
-949386400
-501908149
-708974701
622831198
503444483
-2064564753
345410881
-1180813630
-771586341
1709150353
-516479638
1836683045
737801215
-1512335416
843028058
1237599814
-2019679344
799809545
-1709514480
1421099811
-694813666
-1284614087
-2091601852
1883126191
682046281
1522204548
1661621162
-257966399
-815922005
-141550484
-883315848
-1293801648
1681847029
-1607036636
-1529559002
-1253071139
-1762592937
-973332193
2032747124
-713596624
651215653
-2129675293
2123796401
-1477156026
-1622935625
-1034477278
1539233337
-654919799
1378711696
1777480202
-1978530242
416090433
-28165183
-2020506661
-87344437
-392131766
-1836041073
-1106573382
-1686853882
1081873927
2025813075
1861278661
2070320053
-875384682
-835781215
-761554586
1476014338
-1672939196
1513014700
-430263060
-244236158
-1496833725
-13078551
1788002903
-1155540109
202928026
-951037967
1589293938
-1099572923
799833948
-1570660949
782656295
643406427
-2077905636
-202946646
1553859086
656292626
11364255
1181026259
-207144890
1669034753
-1681500205
-313876926
-1638002552
-1735547774
1525912576
857036397
1577648249
373874801
1640190525
2015509130
-1670077890
791798323
-2119315932
-1864001234
-1764166827
1977370618
-1508878903
-698171082
-506254173
-253916346
-812142105
-200730646
1402767304
-891781714
1475108188
684322142
-615021126
-734179872
-861519913
-1332956389
1741851281
462837989
-1363877937
-2057471745
-961027425
536497065
-725336138
-418655135
1947239619
-1547675462
-1829381522
-894528136
1518347774
-467958192
1405645563
-874320132
200700486
823023756
612412282
-1377569779
-1711636838
1350065156
906991442
1157730388
-646789034
1125340287
1234418856
2144099944
152917448
1934496764
-261867240
-1665269646
-653210622
-665895431
-363004511
-1417945325
500731377
2068478705
1830704608
-1303612796
-934594386
653713445
-614388096
-13272577
1566314772
-258109537
1067765488
-1027881635
1142765201
472110195
-2137916841
1721988351
221359937
2028224328
-1162171452
-1617308686
-481582792
1616807702
-501423702
-610258866
-1052488417
-1577176528
-381539190
-358525474
-853500415
-860599419
1128068337
-116289787
1496212071
-534730718
-195056475
-1206693921
-359431519
-1345617670
1251565339
-912724058
812238950
1673028841
891704619
-878832554
-719909985
-22558986
1929035782
572109972
1580914815
-1410552616
188260199
2113131467
327672534
-1861205573
-899590392
374889624
-479143257
-1026207421
-1794726057
997375335
183858679
-708186416
-54133399
-600560802
-1923759129
-524956412
-1852551634
1988145017
1178541317
-15201919
1192227046
-1069719051
644302046
-875597577
116468948
-629377038
1556058327
-2076934307
906587696
-1532360877
1186146364
-1432575875
-1010018719
-2040093464
-847203943
-122522442
73210731
-504676145
-1225719480
646389245
1976429221
413394199
-1716413109
-1493378780
31867568
1181039269
-491574693
-1385470114
-643794780
1601894491
1180243521
258149378
-1377969013
1628151926
1195971427
1484464783
2094280978
-1808781257
847133089
1768263920
346974845
954508741
640475233
2135988736
-1526339365
551583825
-599685656
-1993026481
-1854365317
297049723
51795947
1178945830
854846366
327032563
-996134555
395575240
1251140717
-464246941
-1626529365
-2023917318
-1016422868
-1970227828
517722301
-560865594
-1618112848
-1082990929
856970462
1297804411
-483200754
-1701109459
1572883813
164221687
1183190677
1539878001
-1505143083
-1194812121
-429088003
1699267341
-29217749
-1658922801
97701855
-856188125
1552943479
-1894676602
-687975576
1573150982
-1540414546
287480836
-833489335
1587560480
69618109
-470513760
-117086991
-2451947
-1159003423
-124085229
2045044734
1533719592
2042150453
1172784513
-1754288144
-1849044259
1366484876
-824876870
-1729976289
-1308222496
1943205249
-1774571076
640222446
-488509915
-702495541
-1832796548
-2004156095
710983759
667210965
1041207781
1250328364
1532314965
-1410778739
-1627772128
-2084274196
597342051
-2091428228
-1049125610
98150170
467496189
1343076118
1127621170
2125413661
-1586160534
-404055982
-901535637
290809056
1578463567
-327354499
-2909823
1691777220
-968894311
-1932051893
-1537055866
1974387416
-1062492512
-1067727825
-395672161
-1056242617
-1266156663
-802353940
-841538293
-1943830511
-1395848725
-1116730262
-1633915292
-315589378
973644724
-970387507
-1398913243
-506432818
-1939066546
375933891
-1970138260
-1484302668
-1818200323
1224523805
-1257204736
-377373947
457559178
1060716705
1926832276
1379776044
273525541
-1547651299
1268236876
57066721
-1228622457
235664063
1502868097
827399066
1467129431
-1263757148
1959133633
626268993
858230990
1081477550
-1859294439
-1307910874
-1662713955
200167833
-148727915
1501366838
1720319501
-1510575280
1325585927
648114541
461997928
498771581
-365065465
1557074313
1286822039
-1779410338
-1632248517
1741195775
-981581812
393286111
-824417832
-514250958
1624049633
614362340
2098761064
2100952546
924147265
1223488229
877784269
1550371298
-1939709946
-1078431040
233138821
-981367795
-1608341085
1549667273
-1621941201
-750328966
-716434876
2026189862
1404408909
345325038
-2057472717
-935178150
-556067766
-859931758
-966185603
1213378590
-1914242369
-402320923
-237426731
5964919
1005574641
1758935539
1766305463
42902276
1684316830
516609479
-287943472
-340317544
-111497480
-1553090275
-1994481252
-1963369208
1434647025
-1710929572
-563190703
254624325
1755645625
-241981246
-507784965
304933036
1851931780
-886578976
-1545876504
-1394714980
1911339664
-1126055863
-817428667
-839745207
847833190
2070503302
1516295944
-761504561
-866040225
-1155169972
234675985
-1457497718
-1146600855
125518320
-1173422197
-229776732
1299977483
-1005270502
457384856
-570838546
-2034439514
-506201928
804312621
682167539
-1522148100
-1846462410
-742866631
1259028298
402489590
1830154987
492337932
-941627860
-1774515039
-851092778
-64797194
-1749163707
-1689691783
660437129
-1470847441
353893582
933316330
-551176860
2103177718
-350639909
-351715053
-1367386874
93208571
1757893105
425717708
1218417153
1033787393
208875227
-206286358
1552044492
705726911
189831101
816695489
-1455447043
-1411740153
1123891817
1047189482
450724023
1639831082
947437553
1294310725
836401760
1139600793
779663228
-1990638271
-1840949609
1567805903
-1383081379
1981022042
-67059099
-1931647890
545062241
-1193986333
202479026
-367371352
124207976
-133164027
-1580639751
1418220768
856843574
409372935
830867519
-1472991856
-26271094
456224718
2094740032
911410797
1989750896
-684819545
1418201835
-913402680
1083521235
1920271172
652280337
-858937802
372686678
-413210876
344647512
289045107
1103036259
1965234039
818989173
1214568323
1061361539
-323780575
29163162
267582489
-587655696
-1689757060
-1984880852
-2021338052
-311379352
-1306579645
1472185272
-578595800
162922819
-2037122067
-1194959577
919608690
2057882567
-1289786761
141854257
1575473774
968243643
-651372186
-497972977
-229917740
-153778119
-1587036660
380111988
1999479969
762546632
1011858185
-1991566403
-626847686
-652932183
1943485716
-1348010394
2069049047
774487153
-1060593669
600019648
-1813695458
-1861326889
2011832296
-1979375648
1873474574
-1512662065
865671909
-489434406
761129502
-597488937
320431777
-819897553
-914157915
-20234353
962444916
-2109252989
74194556
-1988725361
1574604192
1009818515
-1374471967
-1918325900
54827481
-1888861083
1316485022
2114339388
-2043588090
920221632
-1041013399
165789139
950453577
1503992286
-1737853298
1833728749
-200964548
1219144799
446490571
-1038324202
1083637374
-1429179007
877176698
-1499054073
2108618349
-738826610
-222810891
1259100986
1861702964
2020242837
1070883381
-889667905
-1754702585
-606314916
1480131516
-526341552
-1192761427
-99090796
-1454073163
72251299
1285711678
1754054990
697005400
312423679
2090905390
-182727250
1508327827
-1872308974
-28063351
1745743069
1565732326
-1626929152
-1727505281
-1750246588
1996403854
204607935
1440441379
-351340298
-1098943259
-1915473503
-1986378641
-229012115
2129444616
-210538702
-1744603253
1150358136
-55200326
-1157701565
2070764622
-120112524
-560125305
889437254
-2010322684
-495868487
794073132
-53489444
1483622002
-151422121
-2132680907
-1855050836
1473091350
-1407231742
-1349408536
-35385994
-1776390478
-1851142582
-1041066911
-1226737049
-1296777717
1409537806
2087948798
-1283851346
761935598
-1089205966
604115196
-1297127857
-725128077
1332504975
833282914
300006198
-2123877499
-1670505429
470481949
1574204558
-1171847263
402351017
-125080724
1110103123
588478429
-1425693693
1345731966
-549320667
-420224981
-252945291
-1062723752
627652191
1347613406
-914535236
-1417875972
1004849256
-132262291
-1447741056
2077463495
1663796808
-991962249
828638221
-1134045158
832657278
720703239
-1093793463
260506940
-1711489776
-203608808
-594543646
-284260225
1203853538
1298970459
-928404026
737276064
-1978984885
154285111
-119046952
1421340275
344639461
356637200
1613321952
1060387775
994987684
570043083
2088863938
-708932506
888905257
-1334295662
2132069618
1233448393
835138136
60482772
2135444775
-593872790
1491323431
2111796879
-362706098
1833400274
-1145930823
961842385
-1165531711
-1020171084
316110250
1083289723
1666362040
-1269723823
1187578284
-396595128
1913646847
-1915475938
-793535406
-845218291
867933161
-1444705115
1927755307
-623584191
366766212
-914202968
2125394451
659972032
686797325
387282827
1236661444
976488907
509503398
-1252001293
-600761933
903806547
942177605
1706720169
-1674665703
837556854
14686703
964192708
1995057999
-787255479
-697502426
-335738105
135566686
996549848
-1667000416
-1892432761
-1780184362
-1680799382
-2059177159
-1456110447
-1866604322
614617353
749340201
-367036470
462098060
1160595776
884505977
-893555562
130373239
-82901722
-1655928142
-504592195
-1965197943
541279643
-494640936
-1514064564
-1149244647
-462872111
537988246
-658152263
-380817864
-1484049394
1297718202
-1319987383
38757450
-1749594449
-77281310
459096502
737963224
1827536239
-1431955337
1916631563
1126979237
-1733142807
-551112741
39522003
1012503038
738648667
206649309
945908850
218199126
-1876126292
2049679733
-285084462
1699799313
809840559
-1958696019
59878721
-1481495648
474641065
-1473878564
-1757845864
663652045
81789712
1521361178
-465714272
1256625495
1000205973
1386054895
-1219051086
143323073
1892556644
-1617446067
-1302026339
-805915802
108478378
181987264
-364216629
-312774959
355717463
1188388323
60062374
1166999371
-1040417244
1978747669
454226487
-142527564
-1594301481
463259501
-554119152
1156073622
2027577542
-546602518
-1130980244
-1489989257
1886954649
259947503
-860256876
1236067182
765462866
-1442215955
-1220015485
1003132152
-1669465966
-64651423
-2077479988
-1763367157
1796727060
-507812863
-969587013
-394073237
-268599170
644079665
-1432748357
1686453309
1865385304
-455484741
-815474441
2020350169
-130036388
1901466047
-895717822
712391652
1832961007
-166399768
-1650305221
1784938140
1735238895
2141656800
-363710804
-550199947
1825417135
-1950335483
1142720050
1654305253
1303402047
-130057124
-319878877
-379718276
436311280
1550257862
1584859563
212705846
1096293910
-1024908432
979878968
1422394388
1971942927
2077382544
1378985239
781258728
1790614404
1488051277
-29541281
-1795484816
-1315637266
1458206462
-1333326835
-1178479961
-1933880228
857133207
-1398303632
-1071012266
-1307388302
2017375
-635092281
494497776
-1892660812
-62734874
1671702056
-1224771937
-1770374908
154994230
274828962
-102858342
-996893591
1642659912
732428966
518112185
1806901009
451050681
835319458
-1721013174
549142936
1401384125
301519598
1836773669
-1527784310
-1796141997
2050380779
1124427261
-629946586
68746170
-1796292503
-2052360967
1116317285
-961414109
-1061490103
-1937912702
2119379002
1048789927
-526365341
-1892018594
-1640878310
-1198482309
-669073239
1383582717
1293070782
2068366177
-390384244
-1008894957
-1408478426
345422177
-390655586
-538159770
-600377631
-1387660104
-2104775048
-445052184
545117579
1981078801
-724898851
482764040
1408292247
-358654222
1081360415
-223931324
1389112398
1277190776
-85988671
1347524866
1365936919
-304742073
-161993379
2011845792
-455713544
-2049878085
-208490808
561321929
1760745564
-350671517
2092592243
-1927233014
813558038
1919561902
987553299
66373284
2142779046
1544731110
2123575172
672246435
999344825
-1697429154
250262762
791859247
-1190781962
881603815
-602014439
-298769631
2068218103
-585877368
820127286
-1876198695
2134265749
1763368557
1931630750
418563406
10628200
-1112215009
-1640133626
-442151066
1153977997
-798985483
-344392990
1363525255
-1085555799
-1238320694
-878974965
1523552109
-162480082
782943727
2093980315
-1609290179
-2135808035
1122297187
1680389147
-2117534758
-1171064181
-1426314175
-2131933984
-1293953929
-1115111129
-1775931527
318587569
-2067207314
-2024368390
63354562
200885677
-1126821809
133270321
560028111
1713221483
-1041977030
1347098264
-1729872704
-1299799966
771042929
-387536472
-1736384549
1827889035
-894741720
-57960765
-946522501
459675716
1394411423
330620093
-1360561848
1315377783
-300838798
768906654
613443495
-109000453
-1289425105
-1701245531
-1866224524
-1258520006
141047849
-608319856
-680699410
-1875030253
-1504644725
1607658266
110538994
-1718512640
1381420975
604632773
-1175214228
-214859653
918577840
1455330777
1142809098
-1482483555
1293191485
1247740332
-451341007
-937249528
-777012048
1221025058
-1626865356
809049351
-1218868642
-967322249
79199683
1888919283
-1297625552
-1169847493
-853522271
1658637016
-1413315982
1797425054
575376281
645313367
989083882
999899629
-723956302
1312413901
-1499426516
672954716
-1775156319
-980933964
-1728364500
-350984443
-1906199682
-62026935
913276180
-1642165200
1984651195
-1313185425
1011935064
746954965
1856810321
-666549037
-2022950394
-915708322
670857531
-2003943345
-1801494430
-1552522576
1494765863
1852745363
-804929614
1282525036
-1294924949
303535362
-2101425579
1299057009
1604041269
-2133114663
-517853158
2077551781
274535942
878408342
-1265221682
835454965
-1398342815
1570362263
-1032696298
678233497
-48691265
-2113080832
-576703105
2097882012
1293869509
1571233506
1347240915
1211218075
-1119430472
1542097561
1596729518
92258508
874415920
1979204468
1171175760
188790594
-534090485
-2109867365
2092408243
669204334
-1654082396
-834620627
-80659745
-1636670744
1260296005
1648410536
-1443336579
-1572968593
-424471335
1666560398
1704914858
-651263698
-1118768411
1634148164
-646813426
-1811618496
322254521
-716086212
-1829593044
1483931766
-1943105822
-422330538
-206422534
309581399
1881497570
-1546161277
-249361228
356437096
-1882494942
-378155349
-930627860
-796564052
1007496999
1159543504
777163750
1490203246
365868036
1469300083
-589730526
839612477
-970977521
-1231582922
1673341241
226121271
950926039
-1027308094
1894471660
-1044158070
905803861
1617949162
-1963025543
-825280969
675349088
1503233040
-63747279
1786042393
260637798
1730391239
-227857594
-928530394
-940013479
1585110970
622087657
57508339
-1849536538
-789707061
-2106297964
1747219837
-2042508052
-109542529
-333746012
-1192480475
1120316715
920674968
726963754
512565244
2011229500
2031199747
1536683009
-1723025343
1449567936
331991284
-1082534365
-101706201
-1857286692
-734731697
-1918333128
403111642
536433124
626002249
-731096465
-1548382268
1330730325
-2047156145
1142455953
-1479336437
1800892681
-1109628378
19422803
1771637342
1066514085
-1445098158
-1633336853
-1518039823
1814586965
1480452540
-165239323
1371192773
-1600484421
-1787960178
-1249369290
-1385276116
-303368668
941821537
2022524049
-558161780
-1062731780
181028762
-10691335
492996450
-1838950012
1691174673
1061335959
353533066
-648394047
-2057869582
1925159117
-174176323
928784567
-710943768
232601738
-2028563622
-437798441
276675191
1161575903
-2093643160
265905589
980184745
782801874
-1453305126
1486195709
-1905423892
40439666
1053779989
-1741042009
1671367482
-1707331797
1971558832
-1551787159
1395361146
2001115995
314946170
1339940973
-257177562
-1336204252
1833634752
1074190404
2120740397
-1757480829
-872836913
239739161
-1788872935
1662595745
1693054647
1061589801
-1931325836
291394921
-789631918
-588608910
-117906072
444436314
383141508
1973458858
811319973
-979446115
1526885571
2044841074
-333304697
1679700570
1748797913
35919563
-1688612490
-1419655866
1439089896
193880008
1966969488
-1217565312
1900021422
1245929861
339465349
57675165
-1193013494
397371479
-57247037
884200193
-797385025
-2125171900
-781913902
-518255248
-1459455626
-2074908747
-1268587008
1240493028
-1922939895
2057849962
-696475840
794735264
-325614850
1140506541
850658126
-1776730492
-777339567
-733799222
-922237673
1477044643
1235617653
1368917181
364400728
947266834
228096669
2139045421
2027707525
-1670751230
834886711
-866639719
1961970155
-149949423
-1342981704
1277492944
657567000
-885028
-1175225186
1448887462
-734090118
1282273496
1982413490
1640053732
1833899077
1590227298
1009665678
1422896256
1205945498
2048628756
2107032670
-2109420531
35347941
-346805415
681559786
1392717940
2060930950
850441283
-1422673709
-2009679388
-2079413069
-685933669
2096469532
-1787254777
1395944348
1263911993
-1291339284
-771535243
-615976241
1554339478
273368209
-586670995
39262429
704557471
86072776
858909634
-1110508994
-1190988597
1653069627
1971899154
1763559793
1389746031
704574282
-1819560130
1580203367
-446086832
-432122867
-290981867
-629308895
-1936631687
-1533323623
-1686301614
1393938327
166402127
-865902973
1222086856
1897663195
-1867725342
1150342561
-1405358373
1417778558
-1273440891
829023255
-209805774
1590669106
566302112
-284941167
-377694806
-2118709840
-716098876
731437261
-1261074547
-685338916
-1351292673
1229546076
1237378307
-2129106650
1843361393
-1565785176
1998070984
2018999858
1690247967
1551183160
2038858014
-244010054
-1824460282
152165170
33005829
1614706355
-1703555213
1028376353
-588848982
1384828078
824955025
123236856
-629789412
1833342849
761485379
4213335
577398597
-1060966618
2117154099
-358911220
-560561641
-2057062942
610012459
-982127141
-1457663995
-1637823831
-1642813021
788868738
-1249299532
528317888
1745746330
1962236407
1932666866
-1968165980
1429396649
-810240525
-666774810
-1242684886
193268564
-678949709
2108790921
-705809433
26325155
496699645
-912400300
989240785
-912422671
350998112
487785019
-151968986
1198758403
-1088335424
277319385
575308684
-388048805
1146107409
1840670443
1708175225
8932814
581579106
-1447143934
353722068
-1401383596
-1471136227
-23845772
-1525617188
102023198
507518092
-231779181
-266623928
-698615826
1675225247
-1683423455
823249584
1605137058
-1358772244
2114421506
1037644331
-2085909744
-239733770
-2065105869
-2084236744
961942297
-886725455
-337005061
-121675551
-637848840
1822531397
1841499231
1491929373
-986355237
26307858
-2030931750
66364278
-1860533324
-1037271308
1484752461
-446327573
-703293360
846905543
1970505780
1933031446
1650681767
1053581613
-1073516262
-1036389231
-1855543434
75485582
1167168590
1825073302
-876145141
2111390304
-1983734057
-494335771
278750815
-635494488
-466799708
712497898
1645435241
-1402777153
-387279097
159001886
720148656
-208058791
1841438052
1631744429
589964834
974456259
-1290776283
-607871144
-371952348
428857451
-735706128
555039900
-702185238
-2020392795
-1511342308
-695502573
1544385543
-1527558997
122767200
278984987
-1935559353
-569539354
-991680563
730871733
-1817219652
-116262293
714831870
-1017339218
-978854890
-1033785
1150046605
-1057106685
-1649538760
-1931860481
1662363848
-904293503
-2014137849
-286588975
1899330723
1498312620
704936580
1889606976
-152268303
147535073
109559324
398267727
-1656345138
906855358
1831506238
-704551924
-922975392
-832290879
132040750
-260453681
1795803326
1584968495
2091718424
2141319363
-1224661201
636194102
1427218280
976684965
-1257637225
289480277
168001112
653818060
67834925
-634751237
-338808630
-2091393432
-281349007
-823178130
-402857897
-698823410
-1004195747
-1349072914
-1962611289
1004876147
444888538
-659839975
945703938
-303872393
827581301
1784298641
2005762599
-1448712347
1265739602
-177376293
2022466652
170148473
-312993440
1352242058
54254534
1307324322
1410450637
-841839972
-447066374
1266069384
1994396860
-77779421
1981775827
-616606001
1481873461
891379751
-682102139
-1921275491
-2079321763
1925005514
1994863090
-1385845927
-211434522
1144507821
-902200004
-164026698
-2020821304
-1003252846
-190649701
-764481041
468049200
1097356867
-1154323601
-458116269
1618041529
2083836593
-513925736
398191108
602429145
-293077153
1801283077
-1358479621
417076125
-1368166656
-1035186037
976314958
153303960
-55658145
-594800393
-797247307
-1577477352
-2106716546
931266918
1292459338
-926566245
325867522
269988307
534526863
-1346699135
-1943302963
578018544
-1493940811
-1849264126
259267308
-1467132358
1731758875
832514913
-1824093260
-4831929
696005396
2142423905
-620706265
-1873853854
1038000109
1765420536
-861236325
1572284505
-2099495379
-12016062
-2005710179
814067604
1443267614
1248094136
-173751278
392963689
515761548
493185185
636354207
351853231
-2018459700
-1539606584
824841290
523176080
-695303681
-938247826
384722529
313418403
-1030842984
-1923154046
41231258
859998010
375311131
2025894159
-1624798085
677639927
-1190834394
-1324141323
1113430523
-893820763
394161076
