1293608325
1853671274
-744600607
229779669
-1745105527
-1362492872
-493718745
1584929064
1857030192
988229156
1018417309
1905110798
-412083956
2038388732
-809787500
967620398
-2013663016
1492352234
-1671932895
1848258182
-1802530172
1082575864
110237784
-1842591344
2039641489
525269973
668821690
1914128800
1791113631
1940764889
-94993429
69715087
-461734077
-1629196474
622305703
527909534
78969374
-1448872496
1783047415
2031244947
-1605234646
1284365406
127548831
-2020240344
242981463
582312722
1155247322
-1254553435
890935894
814374279
1758306632
-326624821
-678299213
-1351055783
112778791
2004741876
1098753577
1781139177
761962945
698140791
1935056689
-16500895
1183186725
1444473169
466733276
1919015669
841260825
2039871233
534288354
2021547116
1510874190
1031795634
-916985095
1815727838
-2004062507
1878472351
202548587
-1407863105
1683430097
953747122
-1670717726
-28909797
-1535764882
-1595622546
-538067834
397983523
-1483171055
-174618609
1738229577
-1532808217
-647277103
-1588112144
-1717251199
1947964004
-1455641820
1176980267
955370934
655775169
787808733
-1079576954
1835270333
-18944555
-1856747179
-1043914355
-36591355
-480284180
-507171096
313380858
1430055216
1055538123
841594531
-2114651299
1161130981
-405557520
-552850629
1141241336
-389382429
-1874153443
1339726144
-401762325
-1824500902
1858244887
646072721
-937190768
-451014795
1562997931
321122066
1208075816
1583181115
659713777
1190165404
223204790
-2033212777
1235936724
231329845
1329804587
-613962060
-590940719
406961280
-2001207870
2035001486
-1060577538
-633011850
21681325
865329862
2036579917
1835486038
1866305521
-1481115467
1081743121
731928282
760923533
-1676207934
375189697
-1214663253
1434626274
-1391845384
2075692284
363849237
1398659662
214129362
-964167219
2076226046
-377811687
-97976487
-382139345
1896614164
134653844
1356912
230575827
168544837
1973010815
171162222
-1645899488
-2122698636
177218731
-1133999891
-2094775686
520476264
-466930720
642250209
1651324358
1890420232
1757535232
593050091
-255465170
-189970747
-2019822741
1264674287
-881160671
-1031184554
1075424165
-378003997
1597771165
-782549333
44955958
-1104368406
-1134326608
-1555070949
-448981551
1709164193
-531942085
1367572191
1239318712
-1176008265
610551545
-748409661
2098471262
-564619325
-1750158145
-2137579494
-578916275
1890080337
-155790844
-7205647
1563413066
1376365885
1971442852
1418993032
171921846
1151784516
1444556512
-2013798915
-614596042
1240469975
1375274409
1191948106
876010134
-1151314638
-1399175395
319419761
-1903345430
597050797
-1638062767
-1784056587
-291830538
749802834
-257230511
-850291828
1700897999
-1614408530
-1418014108
730165265
-390547519
-1724051988
-1461176940
-506198593
1629332339
1009696031
-1711812244
1405800092
-2031681719
1690434014
1477257731
-1974757070
901794313
70870549
1698726201
494765444
1417205184
-366168550
-621510848
295460160
-1971647002
310765054
503275358
-949437648
1508867008
9170981
-357325584
1177466358
400633093
-238429927
1431346353
-1568669192
-923836220
-1858460518
1696804412
622444184
1802673796
1762396153
-299646513
-1740807512
1572445100
1356393893
912670289
-95978467
-1436249307
74849798
108880789
-372885758
1277948733
-2047368823
-1102904096
-855842898
1204389326
-650727429
1854597032
-874458056
-1937148257
-1988148965
1415465630
-1284531925
1148902409
-1741843863
800741614
990184822
-494033443
1446884932
514592197
-1823229530
962991749
6062131
-95925229
-1039051178
126626408
237658754
-978899310
-393533979
522162579
659951888
-336210939
-177263255
-157343851
-717357721
-1306383419
1717623012
2145179049
-618332147
114853497
330282677
2015750938
-1023950055
1757605668
-1426459055
-2093451293
-1771716088
-612986780
-1813275086
-1340693099
-185994543
1199286775
-941183729
224496253
478964790
1570822786
1768921676
-1595665659
-35152548
1637007757
368896435
-40329894
-644814179
-1749205550
1803535972
1257909071
112051101
1997261750
-1511597814
1914457728
-1921284453
-193804265
-1623470769
1326658234
-165559031
209951560
-1576060271
-639145318
-1584677539
585764953
418243541
-1075355021
-528540119
2026986651
567640827
-2031968907
-1041013143
773036898
-917597389
502866186
-837912805
1442759180
1093914287
1701556867
-60806635
1000755266
-762883174
1316997875
-1556086254
594100349
-884956088
2018796891
-1328723955
-1949827892
-268568914
-1129116921
-1790760494
253647827
1765181203
-1162165705
391622097
-1097733610
322101767
-1158102272
527798324
-859503753
317413780
324867700
-82944716
417562877
-1757668941
-1481145344
-549233496
413531862
1893830657
390820117
-1896275234
2117402271
1403460274
1339004683
357751470
94726625
-77778235
1947775809
-271606581
425474270
1724614009
-2030267000
-871012260
2101297550
-450449153
-68341567
-98922293
980775652
-958883728
-190737980
-854084389
1759051861
1273332480
2015158403
-1715891456
-1000193638
-2010678668
-1581133969
-1616163094
-738571597
-1153655599
-1725752039
-1660486558
-1601142737
1318868309
-349696996
-993819814
-146887766
-887967573
-1792674501
1662267710
335238295
-1893711783
419321797
1159695248
-2079170241
-2068823684
1214450752
1907898291
2090353673
494795447
56130886
1880886278
-1181992709
1167951209
-181925207
493526580
-224241792
36402717
-646776099
1522918089
-1024033685
174725190
322477719
-232476151
-2055909316
-1161154261
1470663345
1208501756
-1596396127
1724415520
-121369520
2042824141
1340795966
-681025034
1986018120
-1542442412
1704317872
-207129164
-1991487810
1369524209
1819032271
1573712006
-495577074
-1505810021
-554952909
-1489822987
-2128558097
1047161144
-450297607
2069381464
1574986197
-28884690
-571445561
1575475593
1716421014
307696441
421998092
-716976164
2106808144
709525631
793746316
-685691059
-1574437495
-950767903
-1289986021
910858488
400919958
890736531
-34884184
-1966194995
-926509503
600652526
994277501
1879332227
485939365
-1528973948
-903444284
154546637
-1641582755
-1643171212
-2120204212
92112075
-2133081123
1408378624
1483407501
150367171
-87689697
-142163108
-1704780567
-1680455920
1435474561
-964647736
-104356556
-492532647
1272312301
910890208
-362883978
1022494726
820969530
1363241522
1504454639
-54640144
226436305
951344657
-842898854
797047127
-2126702189
244214696
-1944322187
-1781470184
1203534842
469142609
-1215767615
-2030805729
-2131409794
812770599
1877480582
1845693977
-926887879
335165913
1146184730
-1793941394
283861197
-1215809343
-1732149663
208245102
-1845283195
535688244
-1617874537
374883786
-570644294
-137421541
-583577780
-1076701115
-1353392009
1011471042
-967728720
1229758378
-573367969
-1648616464
1425109264
99721216
2040696015
1346329910
-1494458976
543775484
1551723327
389308556
196776314
-1223576650
423856109
433046041
-646476058
1700256159
-1965188420
1564464721
-299163940
801140402
-168281000
-922591931
-1328274490
-208708374
-1137704802
479303477
2097632393
-1257042189
-1527098565
-805990806
-1332730938
664666148
1194130066
608152130
-1532864676
2071254955
-809474845
-1430003828
135205937
1067877129
1300702120
-750513643
-1378328014
187106241
-2141767358
125270915
-1884656489
-1327700917
-2100814635
-157209760
-1636695445
953976911
980588655
-1014631303
-390325429
1695271951
1775101295
725834601
-2029886355
-1944344796
1251453732
-1450288528
-842720796
1785513580
1718272948
1610223240
747810849
-1202761406
-1090327745
-1219255878
1411518908
-547533328
1860812099
-2061367635
883717492
-1062053535
-1876188095
-114468481
-587198348
-893737446
528064416
-790955561
2056595672
2055108203
-1727593518
-1251429830
-1216131986
552502753
1874892981
1071808670
2093789120
1678317054
560773691
-1219242948
38926674
1828098603
1360682828
611210410
-501154521
850919149
-415290646
116229672
787819658
1945151575
172157846
-1516249287
-303514102
217564095
-986108686
1064510325
-1514024507
-1326057292
997179303
191567773
1530336745
547226926
1350785928
71754480
1832628087
-1236340473
337231863
-1811238468
2132437834
694256810
141751943
-924291785
1680112472
1481242377
1777966050
1499176079
-1036499914
-2041444652
-32222483
1039778622
-1851195679
88011495
251184681
2109329571
2052600506
-1334180349
727898972
982152398
1264470994
-712398400
-99025553
1899523739
-324021912
1075066050
206610586
-433903871
1962999983
-1383798741
-1785436995
-1588646485
-905850925
822005840
1845459473
1028352712
-366437058
1120959662
-893899777
1314331167
-975040746
-1034501346
-758270385
-947657883
912320266
-177470904
842778757
-1821334574
45141582
543463253
1008229255
2062466289
475749859
879786728
639024515
-424870729
-333519077
54868302
-1529546737
1461744343
288014428
-1787643405
1343681681
2023016276
-1035134428
-1879537129
-94043424
903013975
-1128619956
-589783358
-1229347285
-479849150
-2015859824
348111349
-347812839
-1384856316
-990574770
-190111967
940102194
-1952205394
1030066061
-1393188132
1970797948
-1496367290
-1521996992
917447122
-662747031
-321924133
1434281676
1942649593
-1193956624
1950093017
410923720
2110728456
1245004025
-831789666
332172035
-1332873431
865465085
-836383412
-1491531318
706727148
-1764260627
110619105
454552426
1383122303
969092947
365730436
1084507635
-1576466916
-450156873
15398688
-981960385
619186114
712029507
-1534520522
1655642930
-497137625
-383792471
-1184949777
45081666
1629263340
-1613158844
-1157130384
878731321
1584360466
-1414365315
1013613425
1621649209
-1542451028
-1715056528
-650780400
701932288
-933467434
-31250738
111151074
-1838046099
-597572635
1810145028
-455284149
918965571
1496704991
440298908
-814682865
1112314411
1977440557
199498468
-1977539544
1409800447
-676033650
-1480698676
1676282073
999847749
-465741233
898169620
-1369244413
537400569
-342807111
-1660728922
931540918
28505998
-1312062519
-1123171008
-1556498677
-1370719945
1120391206
933744213
980415280
-1189269406
1640556367
1383661109
75665091
779979652
-1387304685
-1750027669
1439477860
-529013477
-909648314
-355964315
-776064636
-274115600
-1693418063
1583078234
-1477775741
-1222067299
6409290
-32252312
1614185466
1756356942
1462013092
265264379
997068116
1471842507
-1561153112
-871784587
950450339
1527504309
-223852411
-584277493
2110866352
2085268751
-12284444
-496610323
-799033772
-647417088
279618144
-356227927
719056389
-1684700970
-1588293067
860521425
1394790067
-138690738
-1409113034
477509338
-1142870828
-1921789678
-526638076
596617543
1613546685
784865666
2132155260
-260777210
-1427844300
769354678
1267183473
461295897
-1305795774
156263875
-321186917
-151606152
50308428
-2051752898
990202318
1317718837
655745892
-2057881090
698228846
59922401
-929241380
-652773340
1800741921
-1594889426
-2111347940
-1339387297
-380143417
1263150037
-1117046347
-1698669716
847629734
-866428743
-1888703563
1747506652
144236777
1082640716
-451228612
-1395526375
-800700853
654045233
94898255
-613291350
2086561039
613080099
-113059861
-2026732619
1576526131
-1164004588
-1602229155
1324767941
1414259684
-200555623
-1408733232
-736566835
422180660
-1413953404
1916021287
-174684051
-1037997814
-1961540910
845192973
-744848781
501836121
1249971655
1498642761
591655587
-395290733
-1705602729
268949334
1598848443
697168736
-1971636536
-601141966
-195655247
-1445239669
1315963796
-2004308106
-1219908290
-1443934660
118914707
1760295846
-1786244193
-781491860
1476150105
1777070538
1513085082
808198804
776071132
515584829
-1253596994
-1279076697
1498945626
518781636
166064623
1500302147
-1541927559
-785464862
1263996961
-667259358
-1653948241
398813033
-952278429
1665918934
1963229924
-320230572
-807099361
1345334709
1626397012
-1577118764
-20945248
-321994991
906282170
1096126376
798140115
571703724
-435431766
952330673
1497332561
-669552278
-991512258
2024956357
1176444572
-1795680440
1576181
816119490
-1561339480
-600114292
-190398249
888565222
1839043229
951682878
-1005893413
1659405150
70058971
434440406
340743821
1563996188
-1133191362
1039781942
-1881278485
632160493
1462722978
-256666150
-386121584
614431434
-527230295
277127501
-1446977260
1871931501
-1102451525
1718903518
1709396145
-1190302425
579438926
769750163
1310813482
2125099248
-1098846873
-1397868962
663008487
1426504127
-8215969
-518096498
566132580
-1143224804
176932586
-1272975480
2036651980
-1517765390
-180083627
-467775562
-1555046944
-586053975
-627846130
1226795198
2012336414
298705780
-1884341911
-437088009
1719806494
2042827495
625103776
-419288552
-1300863426
2016927947
-2089767908
-1660081102
-1740019327
1589390133
1324311794
1274670047
-1958962508
1624913365
-1512887377
1532137403
-1966334510
-281452917
-335276968
-636557037
1984024745
2069825343
-572153684
290890716
-848761412
-894187279
65107883
-48102938
555645291
2067809294
-1083731621
1296995665
-1550262959
-1074388474
-639706423
555789887
-2130487827
177151002
1546491469
159477707
-2085611901
-816505990
-1573848046
1054130233
-1108457660
-1732000114
-51388715
222398573
-1530969684
-1624961133
-1328785171
-1460013407
-193417429
1078958186
-558578294
985184338
-1994953209
1321664428
-1600878015
-1903992965
-773758848
-622105855
-968264505
1662084869
-516781516
99017394
-1452625668
-1707439491
540286916
-1579396485
930781995
566650119
419589304
-154844250
-605228400
857901970
1924182943
1688773716
1644113946
-819751348
1609067642
-878301155
1106838897
608750936
1154712923
1979141595
1648838713
-784241474
30902600
-1598064957
-213660264
-571624541
144822628
-342656332
1218509302
1912943289
1986208848
-1119865389
93849859
355405304
-753178674
-1278309545
1969574397
-403692147
-1598273369
927709601
-527561678
1117674002
-1879835441
1337613199
1025464260
1858560000
1507820486
-1878938864
-456225108
1668077153
-403306176
-1225402117
1944003072
610178249
-2072687097
502107676
-2026731656
1813472390
1337015072
117827984
1932196654
-586180330
-1742273748
-847802286
-128837212
247217113
106329617
628400661
1782617611
1252572935
-932549927
1479583571
827625666
-763073565
652436441
1764805797
1285050908
-1612971984
-1459236587
-1793851563
-955028122
-53793052
1342149859
-1259880655
2128384039
1366882331
2026811085
-317212255
887259561
2012023886
-785567557
693338620
1992758968
-1241796924
157606481
1353120534
1754209705
-1226257593
-1104202090
-1145616867
-560560483
188363547
-1863551019
1138707109
963136519
-1875102420
-1010348601
-1979438080
1896734571
-650443387
-1861746190
-1196736557
476192359
765896713
455943755
-1151313435
-1355803657
-1065463204
1687519778
1997832506
-676984333
2042329377
-2082379458
420110944
-987124003
-2126250902
-202383033
-983100664
807556057
-412211348
-1111606940
1356004055
1880786684
1889040242
-2051606492
-620759682
-1947562552
184704532
-1754840159
-5832185
2058454007
-1624083800
-1604311070
1776358258
1283138167
1057605367
1199267713
937678464
1926001334
-1385475277
1997636237
879001805
875688479
2069474600
1898561457
879754532
-1903302173
-1495499086
1787397013
900270350
-2104623364
-1759350930
-418598268
1322391468
1402682990
1198224820
-1122674610
1553075654
-1828181553
1788003012
-110366097
465578787
2004125706
-1160856002
-1227376528
980727066
-1298727329
-1481587497
-548895091
-958318999
-1676102227
1054187082
501370519
1338796100
-1875931149
-850207093
-1814809829
1673205937
6795796
268215874
333689028
-762273262
617965017
1247966839
1412856317
-284768253
-134965188
-1357313143
560720090
-486142618
806057955
-1026395292
-1010750664
686086075
37353450
-568012046
1963560226
623178676
1840790245
1794346705
-1628011146
1168920328
-1520293340
-1451898041
583100615
-1645282425
2060369208
-1726974094
-805116283
-1337077906
-988432970
1911117763
2124592219
-2058471684
-162606278
8111021
-1450439720
-1098577084
167887791
869206680
-2089165232
1985446468
-865184820
-2072398821
116908804
1146260535
319333345
899420011
-1797004416
151663143
-1040358189
883934733
328002116
1769458117
-1790025372
-525244973
-767281242
1776751228
1180161975
-805038587
-2079448842
15699907
1150510867
-977343523
-1637925405
-185027406
1249220070
504795704
548702236
-409160488
1502557197
-1249036149
-174370502
858197579
1542200658
-1967260397
-1750584612
-1666637569
-801300427
1714964048
-1423287021
-638556325
-1963782929
-1305296973
-1302665472
1531913225
72167603
1411706261
-1415707204
-1763600115
-1296187082
-137261973
845565303
2064063513
640351345
1832595256
-240623389
-2123916258
-1816395611
-727723710
-858803502
-1068274650
525115551
-1674621176
-267698659
114583392
-812402627
1174141554
-187476024
-1784364420
-524565200
2028191306
-772276381
95493689
1055246339
-1474067221
1771655602
-653217989
-1022709413
976082487
425853328
-1766355167
1227874175
1400430797
-998900976
148146903
-1826131942
-2071502213
-788163356
-1290993112
-547526080
-2035080206
-1751649278
501132438
599721134
-663290952
-1104837244
-2137499795
2044300373
-2090759070
122008271
1356329237
-1088245991
850997761
-1136577545
-1903331928
53751509
1164759772
705471586
1533513924
-1579073374
-411793569
-1287307862
-1249376095
-391373735
-377467564
-427565881
-2069150107
-1165590443
-519947696
1727575405
-1613787210
-1573900931
-1450909329
2005161907
-316815983
1194499969
840294467
-1263997963
933149785
-475429534
1368901384
972605690
459637043
-1912881608
1515048989
-1303001000
1518870672
1369497135
858200751
-374932202
-1060781558
-649363502
-1284088649
-1998540653
978464116
59827595
-417447899
-57357913
153881899
363507562
1024057181
-788528633
-991657550
1450682661
-1555295006
1592430062
-1877747074
-357764001
1656197712
-1325852168
1176537101
-1837558995
-2106789233
1802847056
1085971260
-319908139
1778072389
-144511475
935290330
-1364953384
-511540852
-1624629799
-44167049
-1823058894
-368073243
-176999213
-594593406
237972703
-530359445
810400950
-427888238
-301120607
281407051
-375906758
-710301437
1790328832
648838515
1679878842
-2141068603
-1176581486
2114689929
1633721366
1501413488
1062807932
1233029918
942993114
-1035420774
1324523832
791251491
401947295
365371500
-255877737
-1850679141
-1228313423
1344150899
370337545
1241884305
2091092209
248282291
-1638111204
1835300173
399889661
-1131587071
-1544534206
-1745782846
993923469
-8426862
25123031
-1960800695
-1566546400
-1228887602
1444293985
651131284
-699211049
-682131606
-16236520
2011381980
503626911
1950331573
1367411113
-694597795
-1585797226
-201146575
-1731396810
-1664105213
2144072615
2091408996
252224929
-1869572507
809652086
-1639621904
-1140551414
-1536911374
1975014787
977010913
907053205
-2069561239
-1670297719
581091142
38362736
-1570541938
1428593703
1467666178
1647340564
282631706
-592559422
-1750469917
-620473654
-724240398
-127483480
-12081933
-1798913936
-441618020
-1027304839
83838222
-1152172932
2010279918
321806530
-1974592332
2141667649
-1847222008
520883946
662522912
-490986127
-251723389
-1849252527
27587737
-1973970462
-551517974
-189427787
-2147011577
-79708268
-1965360792
-1462252328
602326472
1871452659
1344171715
-1593969569
-1276748604
1537007960
324716680
1442068221
1195051710
-1797883435
-1598719096
1435090128
-2033366803
-86568399
-194259326
860161546
-2012645941
-893866191
1589700129
1282093524
-539370452
877799193
-934206424
-1426436242
827430801
-141700751
-1835702805
-1433068134
1546709437
1410658060
-16663040
-916399046
820041097
1274744390
-188463817
465310776
-351464716
-2096828532
-453837114
650082725
-1226788738
64663072
1580682184
-790082524
-799345227
321728797
1056481768
-1537353335
-713598193
1658005689
-152077991
-1321597252
876391162
1549933514
-1172003319
39256803
309633073
-1878242933
653299733
983730368
386831697
1372873631
-1580138626
-1508289962
1648695723
817128533
1948479261
-963403054
449281883
-1184561876
-1455613228
1136003753
-257575271
625449370
1194933510
-1528313347
332270158
1976324616
426323784
2120381765
1892782570
-1714738399
148464216
-981155797
-1130533772
-1528427188
1595498829
-20147528
1814304994
-1385242506
665080848
2004536494
953384874
1806997524
-936725238
-265987276
728334744
1380350824
1591029278
446858424
1300373474
703409666
983814361
1325567760
1683460473
-1441973111
76291560
2130387938
1440602529
1998533051
-752119862
-142993594
-907496509
287668145
1040948421
323712169
77850754
-1144485529
-1546689506
-367462924
-74227701
1028012155
-1217234301
-221820692
-204372559
1894320949
1061390796
-778582309
345493688
1367930567
-474171422
1471906416
-578386320
283572693
1476856063
1835978723
1239288197
-1916183754
-652922601
-142431396
439175829
-1932095236
2115340437
665559445
-1709298173
1267274673
-1799219126
1380196029
-1455293686
-1451843100
-250548062
-961919073
-1857214444
1321842659
-784973800
255836419
-1689053108
-9158711
-1878205205
-577500844
-2054709646
227458490
-1609484783
346572930
756373741
2059893869
728096620
1489353257
-2131412186
1962507754
-1458033349
676206066
1151653907
490419348
-531721518
1165990457
1096696337
-550418326
1181857933
-1935893264
1263375350
2020732041
-1325630206
-1098856766
1399682918
1636403444
-1246866059
1001151611
-1888142235
-872825704
1067368848
-1183827290
1423463982
1452800905
1013433939
409692023
1937789250
-197046895
1837671497
1261788907
-706242877
204271852
1853963516
-1407288019
-1345548031
1602217292
-1556489302
-610129092
672793941
-916479198
-1152232137
-860048951
-686115027
232948511
-1322339482
-1424959899
-1529108376
-182412808
105307971
-689461541
503417572
982518889
-1935540509
-19458342
-1668597932
33824637
1455258192
-58567721
524565846
-1420392181
-1498752067
1135670065
726130884
-399063933
-1708196095
-2027397483
-131721143
-854364182
1063273538
2005213859
-1505664713
1657664802
183024112
-737672239
-1592427368
-1289157777
-504598027
908393871
830761346
-639197898
216233514
1021349804
-666357585
-929907194
700059660
-689308168
1400722765
-549200676
964777903
405235241
1294139153
-2123706718
203767282
592629762
145437073
1734331641
-499350029
2023070641
-58284845
-1544379080
626680261
1359082104
-281210080
1965052851
-1987008928
1520442768
-681832418
-797929665
-229848359
331343689
-1617707747
-1029568267
-1331091758
2090625653
-570822992
-948673482
1961829427
-832375801
736204672
231418608
-543270887
882105078
-734163876
-1907015138
2065151758
599683686
241366419
328770197
-45393797
889682442
-1821310587
-101033476
-1548059302
1794879683
-2098680713
-245950437
-486093265
1478913421
-933711449
1480641625
1231225912
-721526117
1705965984
-1757800577
-1748471326
926478015
-1660806705
-393177662
-1407705473
1656135951
918206805
872629503
-981112522
-1975397691
1731063581
-1804432568
269707066
646085479
-835261135
95134110
-892505793
169386791
-177238711
-516331776
167154728
-1392437365
-1551068507
-952049756
1106434308
-713144752
2119939356
1678763139
-597125061
-738631028
1177471347
141084443
-163099644
669923346
-2040489230
436071792
-1639672295
-935964391
-866825676
389851731
121072814
-2027007457
1243694399
-441002522
-607870306
1568321546
-1994445612
-915477922
1750023911
1793008785
1550727943
490907914
-2007869608
1978565849
1356332817
1575783317
74539656
-946938270
808813155
-2116778617
1642542346
-1196949980
-279368961
-462628335
-1983177250
-720321035
939781891
878709257
1512494634
1764881453
968994182
346103346
1263482921
-568639092
502382759
968872385
882700642
-869140134
1375608034
1123442972
-1279155171
-445747249
1477743013
-377552668
1288252434
663747253
1205534499
756760885
2107505251
1929728075
114333031
848814380
1642249420
381775980
1083928747
-1396975959
1113768985
-367821840
-1683806487
-105279915
1501421015
-1642455470
-1286726990
-81418266
-83126962
1590783379
1077978943
-186207583
628953006
574907485
358250949
348499488
-1161562233
22633066
1461693453
1350521685
1559767934
725819174
-2013236157
-139302450
1142760509
-652830061
-1211400691
436710714
-1560066645
-1533077396
-1262206753
-323746005
407932765
-1165385331
2056775565
-448913123
-1451270069
513935249
201366817
-964914506
1197031878
392332988
1083200238
1615999055
2036264361
1858150939
102323173
117587378
-1762786354
-2026627607
-440649434
-1806792411
-1391975740
-275170252
-586673190
657306279
-1918478402
-1388208192
1964171327
1594368889
1958681037
-1960937173
1899861507
-783386145
-1898691503
1848173137
112749014
1277455655
-1874738003
-1411281935
-1307503558
-1157141014
2061299513
1047208336
-362925667
1393067665
-469782660
747407261
-281538648
-274382822
924452762
-1323935787
551582681
667127580
-208170229
1593393129
-301963441
-938406648
395182221
1410410077
-1317309468
-1119485519
1451538267
1317222834
2051456640
-2117009139
1677007775
1439387079
-667845972
1333272892
791029284
1937189755
1885549413
1657343178
419251023
1716827799
1681704242
-872319695
-947278513
667028971
-360290952
-1683117663
-1783712365
-1004729930
-559527155
-1194109438
-1163611780
1329708106
1363201034
-1487229383
474971732
1792923888
979109092
-943158870
2078593149
-799464184
-1943118659
-1182780675
-313802259
-378448012
-530547977
518778917
-1572711463
-1414919625
1962967562
-346585442
1240258480
2039980632
-470965353
-46645259
389968714
-1139387892
-60792387
961688205
-605473695
-1829988077
195367338
-874327393
762799935
1785390946
627274611
284495746
-703126343
1485850113
640119592
-595361492
-1380168869
-363451850
428631843
575760888
-1580443676
-280766749
-777166944
212570281
483053812
-393482196
479353746
1691236014
330578435
-187044
2004580020
1203613351
-685719147
-331803383
342385885
-1020045529
-232317269
1764937589
-1119105384
1746468283
596332924
271096630
-1354800397
-1356272085
239876965
1734533145
403092119
1223242239
140395037
574381124
-293853159
-258161596
1351643692
1268123546
2086973838
-231883377
-2105748323
-1441052318
47968100
1639955522
-532943886
752968746
1666448495
-1463153395
-1197568937
-768132119
-213834942
-326281289
-47152357
-534193565
2033915072
1420874782
-394673829
-1332980271
2095215602
185551740
974847487
-408683072
1483918105
528247275
381551338
-155454919
-120177145
1070539818
-2069816980
-102266591
-1601073750
1711682977
-33011205
-1553652253
-667664151
2015885986
-799644893
913663819
-1788737870
399452913
1413151674
-388182091
1967629651
241842310
1216472151
471157606
832506633
1732990609
1088666627
531052857
-1920248874
771976381
-1543594959
-612902531
1120852119
1046641336
-895938581
1163216669
-1251304619
-1340329997
-1782527410
-1360634111
-1260935974
1119337382
343527480
984037812
2080384903
593369366
1539967295
1979784007
-1389921435
1435130906
-2143786012
-1374225036
-1035122823
-1781284390
496384263
-221374459
1988717659
1665239514
744225438
1647053686
-22838263
-468395210
575355297
-1415933479
-2013132040
116734511
-777969848
1228593657
-1036351892
-986689051
-432704136
-1552879422
575486984
-24766874
-1247495558
-1032725280
-601076056
-2029616409
-1101317139
-786083675
416765038
-1407813552
1145203966
508958255
-497960421
1929740285
137423829
2067438025
1548453791
-369723710
-464459182
1930507921
-1111926286
528049200
-625480200
1696737627
-971921884
1179976214
-945415383
-1288483371
364026291
-2048739254
-846037101
144181739
1968516124
1414009001
-913502230
-339080339
430388660
-1828395173
-1311355689
-333595667
-948985929
536730459
-367541457
-1997566227
926744993
161399606
128441192
-2049601990
-1764737092
-64411118
-1745441720
-2110601070
-1082523910
-50390799
-1830239010
4228748
-189070844
-822431689
-977264202
1518037433
1524941714
-588819095
-1333608121
-1532962299
58253820
-1120306889
-1160672336
-246717085
1910190097
141441467
-182877789
-1526532695
-271352025
-1840487165
-1422629215
1031798967
1536783987
567582668
757946983
2117015263
1240861594
-1941523312
1697715623
737440640
1001091207
-377598269
234405371
805663732
655198847
1128900184
-830896874
111679659
-222149006
981524361
-980252868
419886232
-2042470766
1003299544
2115345651
-79024437
1831363881
-545607344
538907642
1477212766
1826957479
1403091216
2071692154
-1840437099
-431110918
1520692745
656027515
896448832
250148386
-1581503738
243117977
702778724
1848016900
1749786348
-150745865
991993882
570736509
-1860056509
-1762079886
-762811978
441825466
-147664652
117019161
1367232810
722876102
-142678956
-1771346211
1022709676
-765538205
-1904752288
1158099332
1825745559
782231070
-1472069814
1893824995
-1012406386
-1823019619
-1660728780
959944012
366304999
-1367564741
-1924618694
-304236732
-61271995
1557189334
-89528650
-659498631
1571003782
1210201319
-1636727362
757772018
-1475899424
-1241709358
-143431695
-781904248
-1678423226
-1743940738
698718323
-1765949292
1249399824
-549961432
-1313193675
-568198167
-1399797030
1077024116
-1121295495
1209392644
743326379
1367491781
269816981
571030146
1061115225
277231309
-1370537226
-1530913327
219912748
580313703
-1472444569
-1581531350
868475586
1510445731
-1496856941
-85189186
1427038769
1101228322
274573000
-1346257617
-376003982
1708143012
-616227331
-1606798015
673016828
1171413727
-1802494954
-1996912431
-513342545
-485021550
-1910467227
-2043840507
1456300787
-1255705896
240742772
1830240708
212225569
-533297471
1227432449
149653608
-889098975
1063648286
-1468520887
914312626
-1382233517
-1945070437
-907673975
-1506526722
-1184375886
1710979091
-1385999423
-737828169
-1194624457
-1905368545
-203401286
1572537356
-1838191749
1864930544
456302922
240902627
1050435999
1060218206
1019611351
-1219738610
1742968175
1340240960
-1679800039
-1304936004
-2103222587
1702095102
-294164445
-832024527
1049784107
1831223651
-1390990173
-1887483719
200381124
1894582967
1263674216
1312709081
-1919018133
-1296492532
922679588
-1124444216
675109404
1362823640
424356979
-63889379
-10761582
-2104608060
-1917297637
929367241
299947314
669328834
1487517077
1246720582
1642220327
1833802085
-579123252
1104889104
653328589
322194540
-210420189
1852473940
-1750455726
2041882527
1300842429
-453875737
1710186138
960157918
48803575
-1514928263
1122067555
-36994186
-1167727303
-1996037879
-1294455382
195404214
-528709906
-1609682789
-665541300
-1305973822
-1006167088
-276241623
1032794863
1982879654
-1738926232
-1988663594
-1055909598
-1262778707
284155349
-1101936023
-1058205246
1255617523
2068435147
-885268488
874106015
-1512245191
325495006
1733056227
938423392
-937429256
2121178880
1775698180
2078776739
-409515848
1379543624
1979299620
348931176
-2028718431
-815770123
-676425552
1836235695
1281891154
851833777
865952427
-68209826
2009529585
-2089341415
806468070
-250955672
804336770
-2044117124
572114031
-2095394004
-729827716
-1856352030
287694406
-1622530022
156487833
-1478376112
80196950
2067267228
484733165
1411609930
-1230292829
-1630612942
70273594
-801333607
231917247
-644853281
1002269058
-1347842994
-1966911614
563573187
310644956
1498364678
1306811641
1802990345
-215225461
-1916502674
488847262
455673346
920645452
426403081
-1289250359
497347218
-1938915602
-727977167
1415292519
182301386
2075173416
-1573300646
-1141893400
-960459818
-1853069658
642987934
-1205808003
-52967
697548388
671014005
-2138214269
316894614
142765887
-1297866557
-423874502
1334759313
1408427977
279088407
-552230982
1678733941
1087049052
591072561
-1559109594
-841153800
-1067493519
-1367340347
1664099617
970940797
-983839694
870707326
1810109824
-1068333384
-2107133363
1999264069
-81001663
-118387049
1852967946
-672632894
943599292
638389600
1658990495
445989410
-1427470056
-1194388714
-540471102
-435745254
-936269313
1748074785
1323634560
995543340
879291541
357668397
-116170675
622553385
-196155483
-48901039
-1746443941
754102518
485668125
-557210252
-539922130
994280850
-1987855172
195322348
-1010558352
157421399
-1924729335
-362308249
1390389505
1912482687
-1974872698
-1499800050
144276562
-1555500567
1245337894
849945063
-380261645
2043040541
558819323
-913910150
1438567273
1452020365
1788868915
-305322313
-1215236539
1476370717
755021381
-610155754
-129346191
2100861925
2122517606
1049659392
-1769679667
1917186869
245817666
518956653
2128726009
1525677529
-1829019928
-1447742771
-223766156
980548765
1391758085
473644587
2110707429
-1521888749
-584671916
-1995055728
-1725616455
1457844883
-583284396
-823737435
965882605
1809698946
-569348292
1263030427
1929835820
1122846935
2041374764
227556431
191811612
115856347
-2137824860
1829781160
2142302708
1263959599
508263481
1863211587
-2002289583
-541594093
159162757
-1071338158
-1463268022
2071328997
-1383905953
-1252856639
308856257
1516276966
-1317239221
-1056313959
994517244
-2025393340
-1064902348
-1709449047
2040082803
-464212396
1739451480
1946297442
-360081685
-9996258
-622703229
-1282158333
-821444157
803743006
-1967235201
2136367861
1131435917
604532553
1810578122
155461495
1304480991
-253498035
1577129353
-8761475
1592936555
2082650653
771305148
-604320555
-1973869747
44077228
-1627998029
-540254836
1958189732
-293380104
-963676479
361064847
-1213233565
-1135043767
-418119122
1492424340
-1483200151
2055260858
98757233
-815516102
-564629810
1554325496
1959863454
-1809583506
118958207
-697625783
-949649891
1641438225
1503142668
-514437936
-1907620196
1488338903
1245061824
705256974
1078043974
1994515826
-908648975
1427771308
-284734156
402169070
960055450
-743028873
2079294755
-1355202978
-238238426
-1734161749
-1718602136
-1592361032
355929742
-1494392717
-498206944
-2128591619
-1596297307
-247457616
-183155797
1164922525
-1920132174
1532738297
-437691558
464710168
-498025409
857448930
1446491238
1003915496
-57374672
-205158783
1683634979
1127178653
647575574
831258669
-241053578
-1618968758
-1238406203
-1135428471
-706364540
1294328607
8279331
1009759168
-1104411988
2107481175
738835522
538238225
617209782
-1649411500
1577824433
-742250611
-73743540
48643335
-1935180785
-36193505
-404776024
1225877397
-641685024
1843185101
-364948850
10033463
1268398243
1418680636
-948128131
-949710751
-569423837
320216185
-1090174175
-1364313050
-1300768499
401921526
113212683
-97222694
-631148094
-550432302
112645283
-952070920
862764142
-1104910244
-2035399588
505837382
-1239518631
-280090407
2055347754
-714086602
-1216141188
-1622250363
466926640
-1525346673
57332055
374396375
-1089926978
-667040948
-1946548223
-1865580535
-1169616518
1597957316
815560832
-1008016681
-1501160996
673607434
-482018982
1026797190
-817700641
-865410922
480062060
-419437529
1439698421
-461842908
395291897
-1692357092
447609146
-400293668
-4896507
944946395
457589484
196008626
-35744796
-1930220558
2120412699
1181662479
-1887900659
1185887050
-571477348
-934789711
-1574511053
598157487
-2081457597
-526780978
-1580120170
-771648113
-900186800
1776949119
-1242052203
930309377
-854019543
-2079492772
1482449544
2131652105
1240532041
-121315229
-728809524
150461978
1048643192
1865941021
178068766
-1313060901
1627821116
1333987587
-2139896532
1712282157
1998329487
1258222877
-1162508439
1747026797
1183719377
776086251
1743632160
1570112758
307909375
1498513033
-576354356
1153972969
1750665765
-950494963
251255462
-440984529
1177972753
1673613875
-1522019970
-1831192897
360120649
-588646340
1989098190
-124539876
-1450268610
-1354563054
-947442933
-215551455
-1211045696
-1534343249
-1169008834
-1823187968
1383321268
-59253568
-209320749
-1925861497
-582577147
1283256709
-418405711
-1275573595
123220440
1713593850
-1028497526
332766509
1339642115
741456699
2107068787
-361563431
-246919746
-1045549276
-117439818
-1461843568
598557339
1614171703
785676263
1374375915
412569267
-2574398
1422066485
-1341085707
-252998879
-810954687
1597602049
-819094990
-123116620
-302039552
65313204
-313531166
1724860127
1607732228
-388250419
1101181830
-1564090124
-1567516885
292309304
-560248157
73881233
1754769810
1691936486
-329372731
991638106
-778016714
-1013492327
511964614
181860840
1388508893
-35724033
-1122663088
375299584
1084356150
-268924414
-1073014369
-1407239673
-1484701633
1861348702
1058177419
1639044789
-1831827738
-1067823245
18650309
280699913
-1100039949
1523144028
-126714528
163077756
-1312534236
1079841599
1696044435
228119417
-1508838503
-1721899034
-1471881795
-1996048117
673906034
1359740302
1159155368
1262046424
-659166538
1921221631
1549437969
1632988749
-557926794
1289877468
669891431
771827738
-839149263
-39318724
-1646755117
1176624353
-841037446
-1141308552
-1073580936
117705513
2139235032
135372870
64973307
1789320344
1617680109
-178397178
1099404357
-204147615
-2054517543
-197773988
1406813063
-128503558
1992921824
1874985470
-541676674
1529173266
-2038167991
-33133874
-146397192
1849936834
858264969
-788145878
-1542994538
591199234
1388953761
826654083
-150662446
-1927815330
-92881981
-2125109460
2123660611
-1768632344
739465275
675939700
-594690273
2123678064
1604491148
-1546574346
1662591234
1780374002
1717161177
1522287662
-779447315
448240975
16937095
-604160432
-2109347952
-2147344320
-969733601
1563738964
381264075
-2014120313
-1173203848
879824469
861025394
-790704026
-1092222956
-204700901
1931455056
-148505771
-304039990
-796852234
-301732754
1557346798
-122074203
1123940557
-1931458923
-415520981
416228876
-807620747
-912467440
618469588
1446932258
-1150345913
894241205
798733618
1250460271
-262446612
1365254694
-195645432
94083775
-1770075270
-1845640620
198664899
-1555113910
124832708
597805124
832386032
152438037
-626037011
-1258043883
-2042887699
1912781719
1644439358
-1131265215
69862627
140432286
-397868487
-1500885469
-365601805
445004147
1990433518
37233080
-576144977
711234364
2144099724
443933609
1521083339
2120046753
458092602
-1555448184
-623642093
766197938
219272487
215276634
1136310431
1001269768
-1655924257
517539157
-2145179322
-210968279
-1020450848
1211295466
579958864
-1191024335
-1361573267
1459832581
227729518
939829933
-1099907679
1763813266
153477614
-1637045046
461396678
-451469757
68303146
1097252014
-215337497
1250452624
1462061121
250816293
-1718337373
31613951
2120149001
-492410752
686966339
-426982747
1550177348
-1352534343
-603958001
-1189465109
-1369823471
1372391899
-1549145892
-1608085099
-57698396
1239877280
1029745385
1259274496
656437305
-209490085
1686035180
-1716475734
-152735931
-1474724072
-96553625
337558007
-1687287826
1850725121
512846655
889770802
676836797
256820738
-172654962
227999185
1595561874
225075888
336959671
437308668
-112540201
-1520496794
1895181755
-434096
1236539384
-1184212815
302612682
681725663
733695250
-432308755
-211362275
-892092805
-1886893078
-1823628241
-1445257726
-1958204620
1772776992
1022874469
-564804296
-1164008674
-979498333
-1935859268
-1718135172
-1202816425
1190900583
-987123391
-864376477
-1051477177
-1938744747
766469066
209476202
-1896098007
-449916541
868182295
-356472757
-1968284982
1282759333
424414003
-16166255
-419058799
178207170
-391095008
-317567634
-783806273
112000810
-1020153934
-1696244020
-661549834
1244888230
891875515
522320033
235097087
2061212145
1027627112
-801643385
-1152014137
-878281625
-200013590
1449694347
-1753870422
-870320644
-179665832
-884200124
1537884403
1607757679
-1390142253
936680743
-1958299741
1543422398
-1144077590
647648538
748566641
-810175780
-1665280448
1491301958
1739377938
-886568543
1914428524
-493909712
1314959290
-1074696959
627458592
1092555275
260565729
-293502336
1285655180
1034917447
412201290
372375525
1637257476
909764461
264155712
239051821
-1401962273
-2132162770
2018242082
-2002433086
-954767454
172177592
1624756002
-199781396
824608094
-1254419637
-637957559
-481115769
256229206
-659707380
-1946219331
617864950
-891791132
16227609
-2025457338
-1708047017
-505194852
-1138612260
250116622
550896888
1101082545
475365540
1505684136
1915150600
307540375
207166833
373530195
-1370565999
-554436118
-434966001
1660307070
1717323429
-1720800626
-1603011739
716225935
-13136937
-1562330090
-1571705842
-1288226337
1921917677
-667577751
-409924056
946482441
-61479213
-1244317790
-687755668
-1205841052
-1773781039
439345464
1720951935
1846785997
500487680
-1785060514
175459463
-994791511
942044921
-1070696788
1331332608
-882765015
20718288
-762383361
-503804977
884356560
196047936
-156472676
1927199126
-594779342
1540413479
275133595
1065734730
1163584509
-1087551436
1562930562
-990602237
196726589
-5735202
1675915056
116516115
766454747
45337239
-1910916868
94979673
635250278
1761156673
358851869
606680790
959930133
-329986847
157454411
-378125184
749769740
-1334826351
1176328102
1163429462
-1482544162
1492786363
-1654501161
1187355572
1405314131
-828761213
-193126284
2098908392
-593614486
-1400023419
218698408
1686118660
315349152
-744165184
1644026387
-1442415371
-81496974
1062701009
1536088303
-2103435308
-1951462367
369588835
-346859405
305401980
1607097268
-641555995
-659533189
453136476
519104579
1641509758
-102583960
446162829
-1913906063
-622412739
-1030542779
636427814
-310499014
-505910123
-741665494
1665758927
197308142
160245512
347334629
-485081452
855798396
-762477023
-1241434410
-619592197
1505141491
-1701622362
-444637159
1157011287
-667126970
249035534
-767605526
-1915011490
-1451094961
-1428723408
-2038844091
569144569
1493310230
753695549
-2134150707
182241627
972259154
1176044272
1964304366
-1151332011
501669423
833181187
878120005
1083850471
1147411793
393692900
211351358
13527577
-1246361064
-677940056
-2072500226
-1777064949
959623461
192357952
-742420092
832989003
-281859555
102769897
-243280374
-641681050
-1596597332
2126203369
853890224
640963009
-1345160244
1556198263
-626070180
1479039401
1465339975
265803002
1509072603
-1793746521
-2007272582
-1521691018
2114675532
222242840
4858203
-840173757
526249661
535751933
1957122236
-1753946113
-1084738538
1825967888
-2121392944
1223380933
-1410739147
-815882729
-403848466
-1757613922
-504243366
-1346564485
192034965
-71229641
-654282555
-345679333
1129422255
-16023084
1469144221
-328148387
-1257763047
-1548268924
1104054292
-893440122
413113699
359620758
1144511431
-2089957045
-71668780
1540042059
696262762
1223091368
661732272
98500556
1573176740
-1870523665
-2055673924
-1109771170
-2092911817
264085027
-685403135
318556883
1543014499
599350918
1560974800
-556763069
-1696535156
-955198096
207771654
-1070972932
1139137562
-38035103
-2141601903
-1237143626
390332576
-1988583591
-1659972558
-546055414
2014550847
1824083303
13283716
1696502309
1375109708
-1287110016
1375405116
1210044344
-1664013520
-1338060910
636458929
-631598542
1234230672
1032527319
1503967135
2036962353
243233965
-74883474
-81040857
-2016438219
-960015604
1548214054
1271711257
-1808516202
-573543335
-952690531
1897261430
883328184
-1505130105
75762057
1640911919
-440557444
71248700
-1536396459
-1011700941
2114159353
-1680626068
1405209583
1407854504
-1264820373
-918382781
751368416
650983031
1104751467
756229704
-1879955556
1610091534
546480480
519871423
-70953189
-770953120
51213877
356568398
-1676319065
1513113392
-1392527797
325579234
-682312201
1720555663
1364884913
-1131231277
1258545789
1291787683
2096791442
1363573061
1323535868
1344148905
1653936366
-253238575
-283567524
420767548
1600039565
307372133
554522305
878531031
1447237167
-1756461976
-491054631
-1155452009
-2007581944
-764256991
-1448860299
-1168021691
262913386
-1605817255
-1963446437
1492483732
1026352580
-1980222146
1927488345
-173319002
768312010
586318985
-2102070627
-68160300
-965952779
857921251
-974748604
-2021740114
1809187118
627245444
841259824
-353253312
-1281384251
-445726435
-1077754594
435026839
-1607494489
1123685112
327526134
-364342141
-617734704
-546210724
30751333
808358301
-1559704322
325903413
1264373928
1145066379
-2010123354
1849942772
-1926762837
1745176962
-1593462741
-272847692
128472658
1632592396
-147519155
-1078134370
-1174220523
811484171
-1046819617
1953927309
1321570258
-485583875
-1705957955
1392465908
-2046544930
-1453209216
-1811276549
-354479873
-2080189092
-1452320488
-1678476703
-384098056
-1537565998
-627558864
1764341783
-1796535060
-317213192
-438177442
-1084555876
-1916367987
-721823277
-1410402581
-1688316420
-1305980582
-251822589
1683861905
211588418
-1905329412
149259096
380671366
-915168982
-168314381
-1646129750
2122143673
-1381494501
-64706703
-1024809239
-742271653
876370259
297460102
1093599090
-1054773344
11728227
-1557997956
-178069596
1689640902
-1037810210
-405314940
-2116084045
692766550
736630093
955687825
1457173179
-1249148759
-1491208091
-156129405
2057055768
18805677
1834941819
-528066424
-927646220
-1121619224
1385586487
-1929294913
-966853088
-766974787
-106549624
159077917
-198756825
1926216942
274212823
1663110036
1334563744
-1759016350
2053777278
516983921
-1289538108
660872487
-1131875973
1195132165
-154853825
1350338745
637747296
1854374791
873552714
-790657404
103436174
-1535375304
-739344647
1770847399
-134982494
851833800
141309905
528133370
-20407250
-812271624
-384164195
-521777070
-911983189
-1428296064
2006781313
1134010883
557947566
761084466
-1671801777
3743653
-371450534
-1056795042
-2135859687
605454619
-1932727787
2050799736
850500614
-1979962160
1490319486
-810850312
-289158807
1692609604
-323991650
-1280053119
-744825585
-1479973690
-35970723
-1209527739
-986563624
97392770
1749655862
1732318375
1373896840
-1868106818
47968814
-1608065247
301690079
-1845351840
39385090
1951743079
332716006
-760321613
22435743
1630514124
-438456949
-794189206
28578518
-1590270747
-103001232
1740893924
-745952433
-581602965
-888076545
-1483466319
1489895614
-1125056155
272500929
1095731284
-1411228075
1008754054
-1799968528
1760529994
-2068026503
1790647251
762972490
-1020629941
-1947077705
1257405064
-900224985
359038927
128236025
493552956
1550387405
-1171101997
1400621812
292087875
1141705987
875895772
1975190244
1004770899
373740515
-1221243332
1734392443
-25451415
-987024908
-1022920045
121425686
-510132243
-567994761
1529251736
1601403441
-241310956
-2071301631
1739778841
-988697571
814295941
-998215095
231775039
1098898928
-916392129
-1698224317
2115784726
-1325691205
-1268864071
-1225661075
-864757427
-1894850558
257674058
1074985320
-723678151
-1115617944
-394445622
1161199817
973803039
-760120406
-816256646
-1670284239
-344195406
83573454
-1925393120
-1308135782
-552384806
1759270811
-1509092234
-1367728652
1296175031
1920059467
446711236
-1149482769
-1825856028
-140623745
-1713868853
1979278874
873319679
-97625998
1227909861
-2081308627
1591494505
1740338033
1582577769
554402722
-156854710
-1825433206
1541205076
1773048201
-1068812841
955758723
967773477
1938434972
-429139497
1576468493
-1878749689
1757466001
566914658
-1164358343
-518404299
31967151
678355179
-936978133
-620293991
-674402652
2104620417
141467404
1204216503
567407765
-968250287
137506117
-419257912
-305381515
-1657275537
-1411328535
-1975617750
-1540009831
-1421549355
-17763726
312401142
-2081812084
590942379
1742548655
-704069646
-2055431649
-2103524408
1756827389
302472106
-200588347
-1977456008
94315957
1810969816
-1037754851
1946503039
1250339812
-1317546484
-911697714
-1712310434
-274370239
-1587268984
1728214682
-1953159212
-1286973605
603706220
939548077
1634861991
123456529
329855762
-976512714
854595235
1010890567
994306747
-304750535
-1589170717
1766035414
368809578
1875588514
-2126776242
788892612
-541945072
-331795044
-1186632860
-1029365835
-1044120856
969761827
1344090170
-623066720
570590244
2064732375
-1787077437
1930699460
-160160311
363111443
-201458352
1848792285
1244178134
862087486
-868142503
-212824429
80182188
-18863520
775218813
-1670364365
1498650025
1552593144
453599431
-498171488
-1217787627
-1852997620
1876703026
1939459723
-1893028543
-2031133824
-1276942994
-1469125151
-381150483
589263019
-865301532
139743109
-1532056342
1674834983
1508023032
-667741377
-536320256
1590970600
191655565
172480499
-1721899247
1465255055
517676493
1391774229
796050557
2016765184
549913385
-436099748
561906120
650578737
-1322860385
-1083335243
12940410
-7729339
-207895494
-725458054
-22198458
1927201240
-1939599137
253146851
926612078
1163374236
-1013362875
501366460
-836925851
1652536356
207711045
-1498704296
289572021
55133439
-1389018797
-659241275
572162851
534025
1436950603
1029283648
-1808997104
-1307034115
-984407183
-1323917077
247330593
1349077581
1129031859
-1385795140
1179654434
-1924100811
86796080
-1945171271
-1410129369
410962189
236513789
-1068034719
2044945140
-955638562
-947162331
1831808109
1898703518
-1704946120
756124402
2011296696
-1323961999
-688812990
-391397526
-1466352774
-1184264684
1370036242
65755164
1949672124
1914837227
557465151
-1303313892
1087991047
813359548
-622223949
1343993931
-547455137
945757076
1800648645
-1645777957
1257945199
1687298795
-1077467770
-378588911
-1261103099
227770886
-1250144678
-1631652787
1451321792
966023068
-696683573
1465711431
1400858374
-1123417156
428549785
380876442
573932604
-2050736403
1084651797
-259479674
128900401
-2144665706
1082884782
-808100367
1508308186
-1314205280
-623638324
-1239166289
-1578812348
2057077849
-637312804
1440719362
-1265265467
-815836517
451534763
-517871004
1047150965
1512761645
1090480631
-761932925
-1918436388
1066463080
-243402173
594542988
419176428
-184814051
608055274
542341292
-15457487
-1527517002
1055210359
-207440685
-1490760890
-825320293
-1743471565
509868474
-1783048310
-1728808234
-767401218
-708042969
989729300
71909369
1910926946
1928551791
-198247453
1322311230
-1240640539
2020335164
527337562
966299120
776612510
-827714160
467639274
343767050
-1026774262
-1465178359
1982415376
-807344355
-331950049
1984289638
-1623994750
1794384502
234595746
-1789466039
519724452
-750495873
953233333
1321311294
-1290835903
1104229733
-799647821
-1807087365
-1758830985
-914415877
-2135631296
-388074007
-251691535
-1134553379
-872009061
-1573283613
251811675
-950220328
-53289163
287294268
-1631144174
-931570807
275307399
555038983
-356850405
-108537533
-633380064
965490833
2066837591
-1177258186
913003005
-311593422
-2090862349
460717004
763934236
-1429860283
1666952741
246349142
-709663149
-1080934540
1131639572
762500584
-76434851
-900970696
-1630347497
2095804800
1146933
-245667169
710446370
420174445
1110010534
-336139952
1144876668
1762240494
99923235
768428236
1490162869
-648301800
2002397395
352349686
-210622761
-224741891
-1545916688
1141590740
-2011335205
721533194
1621736529
-819059561
355034206
-736988496
-34020796
1397405144
880055700
-1112146617
-2054874975
-1427525340
-340650115
1847101230
2089719067
-910727238
-754942891
1607295286
-1169079335
1465751698
55875408
2025525056
-1330956988
1014803361
-1568223098
-1574617308
1851495714
1206312283
-62045140
-14366252
-430866717
-211542407
-2057559804
20718273
1998799675
-1234326532
998832662
2092489084
-298061072
515679089
-630915168
-1233579616
215368436
1920407413
-896707766
750130416
-155640394
310077563
2049960861
-219978821
-1927580236
1426187724
-1841907018
-540809336
5909844
-1916208433
-730723274
1791831022
1652828148
1635806346
657870460
-183844414
-1737631681
174877544
-1452229866
-936234888
540991426
-1803453124
-1837526412
1723472322
142709694
1271300997
35774174
-808619139
2061859647
551182835
-622464345
874380237
392370797
-380696278
-653453918
-1020834938
1216388897
1684269509
-1726868011
-710530355
-849591621
1556485020
1563930476
-803337218
454718770
765232458
-1998127120
-780087088
1789076844
814444521
-677021512
749419959
1517992655
63009567
-531430241
-106250359
-466054121
1187911006
54023414
-739809436
-85581975
53541990
762874300
1452753102
-928063576
-695883250
368617740
-1215404516
268104456
-2010660540
-1576887850
1137800984
1670573792
-1486350510
-770665007
-1618586146
-2080037693
1378555234
-58112336
-835105274
1399956688
1246572100
-1274805613
-550827513
761499977
45247597
-1271931968
-172098854
-1951164574
-2018354110
-1158711406
2120226269
1423483227
-639510889
-1511595855
246942970
-389474864
38825841
1456982147
1923835144
-2132789169
1550290195
1174137825
558173808
308313899
401959736
-1068200179
182084627
56947343
500076188
1138836708
-817449877
1688266965
1595174081
1545565519
-1108100880
1483650072
1121471471
-1588111617
-68706372
-22866681
-1145200773
-732802984
611814257
-576420100
1873765452
2036462509
700951898
-509429428
-353353318
1079904942
19946960
-876885536
-1106939399
380855582
1194448606
1101141252
-1887913834
201613000
-451513048
-1540444546
124643007
-2072555341
1778230024
-981870622
1070380456
1289642388
671601145
1993607204
1216870507
2007460227
-822204872
2039437423
-795383216
-583410446
-1504266072
2083678772
566861134
1247015642
1260425973
-1515513211
468176081
-497583562
-244266500
-2102880606
-2097309506
-980806988
1050434154
-1951816236
-785191757
1532214442
1746971554
-1782236039
1590073235
-1581124538
81190116
1375775840
1855739713
-180040695
-114540373
409470550
-608609110
-117523850
-841176491
38961408
1614187529
-1470689530
693203465
1132853483
-656409242
1628062302
-929934636
-1853235743
1714258271
-1863150141
1407420181
-1666506370
-1011339734
125220301
-2030123237
1547172610
-821217063
255022170
59444748
-2137811865
-1375822112
-196088379
-1873721080
1596912822
-946445356
1983786328
-1360374643
1333115797
1238984565
-1952013058
646245404
-1181580763
-36497426
2084359229
455634972
567801098
-214727590
-2124449182
1606657535
-1294402614
425563018
722096125
614782627
772505947
895181573
-1242578033
-706023686
-1804160522
386601551
1222296962
-1269463316
799457841
1278639726
-571330728
1490285179
606966604
1785508265
258437671
915521832
865650890
-123991150
1774008388
1111576469
1899701059
-472357561
-1888883138
-28618901
615527544
-1616333324
-580557042
1150577021
-203505497
-1108608101
1299189644
-1644667347
1437557025
354249751
-1395301085
-810792946
-1275970535
-507760035
2085790664
1706026186
256370109
-1592050683
-1159340249
1905264710
1217314442
1696717576
-1193739489
-465920509
-644390180
-909230133
-845203600
-356066105
133693380
-2099835044
1364411059
2132447356
-771776227
702126586
-1525741431
142581335
-1404580639
-799640102
-214585577
-204789956
-546046024
613843496
-446990415
-1192629152
110354130
1101960779
268334805
-625223121
9843445
-1720163987
-1342285990
946003312
394789081
-1615118790
1777376488
315057831
1077695155
-802685209
-1689118294
-1470677062
162432783
1903621493
7179074
1378457559
372914402
-1222132682
-1294298371
-620926572
383849695
-44662128
49773895
-130703529
461910025
923984384
1307806817
-1589077513
1469821833
-203391135
-1993950640
-1588658781
35713473
-859177874
-707844584
1924655362
-668190560
-1997341307
-1927569366
-320406884
-1305414345
-719435859
116263450
-656226184
351796364
1030306522
221740436
1535159813
1198591406
-187814801
-713331056
-1562045379
743563529
1595106819
1227242692
687708167
1791383803
-807089049
-550049702
-2029210916
-1449482330
1362260712
-981279261
-1917531731
763461127
-741433648
1087769994
-2090154492
-895117241
65666867
547406220
-552166039
483867473
800398567
-1207441433
2779910
-2053408860
-1655028013
-901528751
-1629552755
-1116977815
921927276
914634603
1892617049
1658179016
995371133
1599153206
-1508358445
947574
1370916390
1842382021
-205767401
1936489618
-522634714
-1044167372
1064344790
-1980414031
1343839836
1722090456
967390077
1248831031
383380874
74068407
849606294
-601642520
1817281884
-367311302
-790511761
-469244994
-2082224983
-381486559
2029821176
2126846460
-2000958985
1578155446
-898179087
-755577982
-1028549052
7331397
-1859369660
1453331555
1054627843
-1184428341
-1849630033
-500054092
198173284
1830504428
788511141
871879335
614716632
1611412266
-1193995146
-1785643817
-624478508
-187722412
1370427821
2071419364
1166773204
167013435
1859191224
-1714552766
-1820417118
1158525867
-1580434738
-2097161906
760916695
1399850393
1327318797
1095179938
1355300770
1244432792
1444122850
-579577687
178687687
948365201
990507436
-1605766539
1900657899
164311475
-996456797
1507636943
1600135182
-2008811096
-110727178
-1193899377
741543255
-1302330104
875322931
-344328146
1845509911
1343902994
1777799660
1796890777
1937053447
2024699289
2008969622
161867079
304431316
1523468091
887757236
-1927585907
-1385531171
1798158553
1549634356
1469577520
-72123589
562832450
11426840
-1588774340
1545887489
-1700117967
-134590888
-1922457581
1405804996
-115938951
1657630982
554373576
-1664260259
-693367426
1978052531
-1393310291
-1423724051
-667373593
-223644655
892300330
-2049665503
-1016350319
335625689
-2040548400
-1314639946
-807473466
525227246
71596717
-825075137
1046508206
-1580140094
1904558305
-1623100890
814517765
-1416710152
1929818225
-648437264
-575623922
-116146357
-361738662
1719484356
1678493894
-28023123
1362340073
640089901
-703615139
-1786692173
1890031433
-1055720674
-1249255455
-960475089
1910464093
2120211510
-1177424580
-1480294370
-1576087856
-408576187
-1652122528
-832169532
466202729
-1663844337
1396847040
-1108474347
192810659
1300286543
-1438539263
905396055
-1821492612
-277765378
1401002481
1642097668
-1838639731
163505108
-930115145
-1023294476
1036548698
493048591
-1367580852
-596008005
-1406347797
-1352256142
-2076115927
1470394960
411291
1518397584
1136489026
-1569014546
-790113233
911162186
-763026382
660254014
228758825
890129045
-483728201
-831504971
-1192897186
1055254144
468881759
-1102983109
1268945350
1995752309
-738909053
1897728781
-49652333
1796733886
-2027982220
2054823907
-856750972
-404052661
-1019017740
1881792852
-1547075974
-1090355279
-135016472
-1450882439
-1325135797
976944758
1734647370
555441361
-41126443
-63949941
-752906652
365197412
-613346986
807362073
865529402
-858746326
-191128581
-1300553344
1482572103
1920461996
-1880931402
333293723
799169644
-838060309
-1645764012
1373845833
1366478117
-1092471423
-72082994
-249824215
1709047805
197810694
1766597086
-521405276
-419112381
1802562740
456547029
-1709398737
1633794814
644131918
-920290901
458439633
-1479928035
-972224452
909861207
1741955811
-445569806
-859350790
-1974207135
-1523391978
832916193
-185288013
1686811060
-804570182
1583957332
1429761577
1594258360
-1361063363
2007316465
-1849629737
675668128
1627333105
-1950671345
-478948008
1340466432
-568863983
1393380965
-931655415
829606305
1848748037
-1984100860
471718893
-528696936
-1856992283
-388878713
-1194258991
-886696556
-1101298373
-1319316600
-1546761296
-1259132808
-1707503348
1882454869
-1173945256
1208488233
-692934119
-1157835037
1849037644
1887106472
1556316258
308313346
199306732
19780450
334931179
822453458
807501523
1426358470
-667013695
-297331851
1909461888
528528408
-1644882369
-2047430395
492372023
-434691195
-2141200499
-955746104
792878633
1965953654
1719154025
285194402
2040694738
1910956072
-196633815
-2035526710
-560777310
567896956
-791583488
-882049856
1785031903
-318676981
-1848868480
-1979278722
-1506526519
-1718960003
1399969631
-395293459
-458037762
-30653925
-1683211395
-1644772198
1643443232
-342667871
1631798053
1209065897
-1984622156
1900984664
694843026
-1318400503
1888088652
-740126620
749905845
1431045864
-1043951896
-1988068518
1609789749
-2100295319
-139106662
914726421
1654596023
380671636
1823778152
-745013559
-2108450977
-86261106
-1682745995
575326808
-811675755
402604809
200146530
735185380
1108750091
2044047613
-657762575
1556323749
-28588545
1520021912
1637870827
-1569943301
1461523645
399391346
1747576644
-954262586
1099633767
-1446353660
503596668
-867244811
-821852168
-1150646950
1533232967
-1600759203
1241504134
-2026932217
1516358511
-702991925
-1268906041
-164603046
-465441543
-932878500
1511811029
1657939918
1333862278
1630883083
-1503051979
-931406906
281183228
-1500872822
1753446933
-105566599
-342338971
-876424106
-1174797867
-896991702
492797462
1338348805
78346184
-2065437283
-1443956717
91790306
-2067769286
-1153768251
1645097906
-829282885
-1644836427
-632526655
1421660541
2094361848
-2077254528
545980169
1217369180
940925423
-508805528
-1074917404
671417587
20583543
698197698
2026503197
754345801
1497014971
1083604655
2032622069
577758889
-1345928881
-1251276383
1998359899
-2088428595
1433940104
1360630302
86781786
795169080
571847431
-1287233852
-388106030
558180834
-2047452777
-1357679732
-1662049174
1005162010
523057209
1507631954
751991748
251265704
1158862971
786740628
-1106803725
905891377
4390160
1216914553
-1739358935
-531525409
393906845
-1252378859
2002659764
1821192768
-735401520
500399083
-1042313173
594823534
-783059273
-899094605
-1146409756
-1005362320
227135823
702028892
1807238824
525781984
-349101222
149789779
890133162
-1163805747
824913780
266071557
-1267215436
-1049685278
936197480
-505220189
1951170722
1138884295
-1962199105
-2102494428
1187544596
1303327943
-1866559846
-977319281
1568376670
472752562
1777857473
1738681466
2091377347
501724164
-576175109
-1427324723
1663524067
1341432902
-1025625697
-1808788021
-840956047
2146656180
245073002
344804691
2017046312
1526135071
1713242771
177787490
1822440703
-1940995052
1067800349
821879515
-1607567718
1897037374
578849131
303329674
-1503669756
-1594021112
1086511641
1673765990
-1403039589
950502790
1252595976
-949783786
2054460747
115158165
716556474
-1830147658
74426878
2094394688
320578273
-892152870
-620287917
701419365
2121486898
-605957166
1327741325
605341847
674395517
-2130367953
944710093
-1236453050
-1977139198
-395103866
1881950852
98998301
-1398977796
-200093069
1228996642
-513937493
1946512514
-127634464
-1766762733
279712325
-1975277681
-1026348153
-2145915925
435660841
1482918239
-657853772
128283359
-1898480666
-1599830020
-1268718769
1013271159
1698867451
1574254103
1848819993
-433322623
1090687166
-452108261
1982550837
-1752162232
-1319847553
2135189119
723735018
2073842949
1890122733
-96310949
-1020859225
-1678883946
2085266103
289413438
-930075577
1743478893
361324662
510804286
-1292978795
-773759286
1205944265
-1258594737
-632639471
-1299805652
-1511067199
-1886464040
938005748
1369555716
1945116288
-2135511677
1704061553
-353824084
811965468
-1352290732
-473944259
-207549801
1147645896
-1567781636
1949923921
1735811784
-342180555
1108436335
-507178258
-860976249
162859061
-1478326348
-1156021023
946021970
2137812129
446602235
-1224280824
-565732846
-1666371459
-521964556
-827147756
-1816709490
-395750311
1795038558
-1069990513
-960652508
-1587411463
216009181
223176992
1454527669
-45934280
-1247911920
-1783290866
1209788129
1317186345
-1720923678
1508025602
-1206012812
1274368894
273044512
1982503952
-1342735585
-920025043
1133261644
-5998344
1851020906
983766864
17531312
-1731047000
-2053997079
2134498124
-682079563
-1711133436
1527526061
376245557
-1082296460
-801982998
1727893501
1286527345
535195789
-1453221264
1177170758
12720794
224430392
919214959
-1457459377
-1568776535
-698382439
-1862365115
1344994992
2045549136
730979927
-1221598507
567765380
1475423910
-2071565458
379733970
-1947561379
-1646385911
-1460744124
561952573
2122653304
1234355519
-601442566
556067115
-1630229199
108784094
-363226875
672783051
-1395387720
1796912878
-98182404
1592467367
1573390853
-1393715508
1412780466
236946218
645960201
2079433040
1764787335
-1311654302
473328165
296800562
-286048005
169494021
1683972575
540257193
2101236611
-1170639687
-901025837
1769160276
965441952
1606653327
1476903911
-1168992419
-832184020
-1624993072
237258946
-1963648037
-1644508938
-68596484
-1899280259
62480504
784012945
1033428495
996288667
-529110957
-1524632215
-305640186
-1947897546
219377191
1949422358
1035433377
1805751163
-1385129044
-1735242508
1903044713
-83025064
18436925
-725687565
675071732
27293811
-1885409350
-1169456214
1593040998
-1747850659
-1090183505
1613841842
2069533243
-1877140473
1083652277
-1690377679
-1163677372
158272116
605043736
1484637364
-367132945
1958204080
1131761082
1664599106
-765727029
2113823488
-1516444618
-965289555
1708376138
1986104154
1482359111
228157227
-859770681
-2093670121
-1343414933
-1372920540
1293699530
1579231718
1170647491
-1210447795
-821031029
1981039108
394873917
-1285376780
547492788
-801525335
-972932620
533943197
-425349013
-432609851
-843557930
-738567474
1772351375
-1560592405
757918086
1497506343
-1282907584
1957196173
-223656316
453923509
314928293
-1882663318
-1432261237
-1827698554
1770719720
158106179
1379837498
-717817472
1339509893
1646065108
-558186250
2117940590
500702916
-1239240958
1383281934
-615754917
1435109251
-1214838704
-600212193
-1987108829
2130179897
1064311703
1560303033
-26467770
-1908645577
-77882378
-1832140222
-1370716417
94643503
303618822
-677250022
2101103765
-1386738438
-2041483950
242855935
-72204816
1694098069
1542660614
-788255309
-1348234386
-17931668
-1257946651
-302486053
1743801591
-2132963877
471746944
-1569844694
-1015899826
-1786306063
1396609700
-265960514
-1362305366
2040608374
1093116179
-393309239
2042050692
-2074916561
-191953289
2133738100
793149106
1816148319
1460081043
1611436031
1370761653
674625425
-1335444293
-1373635540
-892360626
1589767573
-635596922
1690081245
1941371478
-1638571321
1064789953
871091452
-1040341809
1888837782
-6333018
211697818
-79277259
-349840572
-1485818035
-1927859366
1808054810
-822598934
-1491853471
436405264
-178090255
18931903
2036110103
-1818183516
1838917929
498738328
869710684
1249947964
-2066571139
-895859022
640656717
-1965495910
-870286198
-51338833
1086262764
-628003647
599214497
-1771738914
340178191
-751706401
-988240162
342499007
2069851035
1879261542
-421617287
-885231675
-269725454
944199035
-454659749
-1779075747
2004874153
-6733676
-57545996
-1843682001
673597822
295786331
852343371
2009985187
-155078007
-1400884519
1574419286
1006819494
-1470596176
1022587856
-1599994997
-1061258835
-208432033
309909607
-832278346
-2083597319
-1501140103
1322944524
599249165
533582877
-1176295543
-438716011
-726468479
1897717693
-851595716
895162280
-30189738
-1316623721
2066951955
1456113501
1224730101
-1922410553
527639892
-308136671
-921798144
1160260422
386008385
794495965
1998641319
1357008819
-1277359988
-590677418
-1066395079
-1402932139
1135201801
911715030
-1804455170
680216416
-862732123
-777350900
-1389447869
-1605627785
-551257706
-84053456
2018844853
1002893170
-553414189
-1276851350
-2020060430
-1898167456
-228747578
-806372748
452455773
592838095
-679930304
1791708285
-1730558927
871884362
-587467347
1712412496
1533192920
408031779
1121093768
-1798750027
1906258301
970757233
852302352
706959383
-217962529
-1110463908
270523964
1046324838
-2050492056
1016850327
255622635
1112234046
1244345982
-1944443090
1262203487
-437901751
-1639457000
1958954113
109093868
-891068448
374358675
280748175
-2002321428
-1078166536
-1685092155
-41896073
1734867445
-1137355717
1206073426
-1429976516
-1171149747
1550347893
873877054
584507592
871336862
-1258031055
-753026365
654190643
-885399067
-1998038877
1944016741
1689383236
302875824
-1073513272
1277798978
-1542991049
-1299432824
2136097228
-1022096722
-470829376
2035909547
212050347
610532095
1920961872
-1624327682
1146062361
588106660
-1095976810
-1921205183
2110612902
-1816929412
968222280
-2069849980
1546981149
577309029
2036884514
1754524121
-478787795
-567268590
-2053623762
-1839669942
-658891701
-1040474847
-221099706
334303757
-1372908330
-1282588564
113574871
294504693
512727931
633895070
-2007865625
281745196
-302756390
-619905015
972871000
-1148252129
-1470492311
1984603319
27166573
504961721
2016809624
1005273790
-530540403
-633543214
2060456502
-944664616
-1846629049
-617107479
577611027
-1753183182
-1372555882
1801836049
-201373211
904440964
-1113419931
55434793
435059055
-141225631
-637760172
253063248
502928607
-1518051376
996812220
1070068631
-2097097097
-392294630
-1032204816
-1071791625
-1284528016
-1024573467
-129808954
-68278396
-1274804710
350187649
-1251158187
895852770
-1829713081
-362110335
1037979391
918359288
-1820977686
-1163147891
-27463759
1371915747
1944264186
-1663992970
-1690572951
191485230
-637327460
-985888373
-939456520
931051327
1315238784
102009642
-1751791607
-1942199789
1006522762
81574297
127455329
1804698413
228833717
-471016170
1743034727
-1767298869
-941224140
543144748
-1650205465
-192591269
-765005351
-867592633
-678109166
2060772397
433471930
1595839115
329832905
-2023515544
1104263441
1817842656
1430059290
-1410590910
1577697380
1475701073
-486617078
-1527408533
446488805
-632465002
-1671027052
838361033
2127395099
-419732241
-53839374
9173867
-1857316928
2099302450
-977621990
1092458678
1149706477
-1997615833
1604429707
-1461987612
-1038311052
1595429907
-1624573112
761842863
-1598983028
1620017810
-477711580
851064136
-575004749
-122055767
232517696
-308610930
-688912176
-1218329317
154011090
-1799323012
-1813386601
-1553678853
-470802905
-2103861790
-1180914896
-1064088958
-2051036182
2049164887
-1514112741
-337346270
75377574
-462477971
-1183821235
-1040407333
2022111625
-1840730330
1998084511
-292595508
-398049430
-1996156505
438935144
-1938228980
-1270726900
-908170197
-313509272
-1076613958
-1778877277
872546617
944957927
1510868306
1241812376
1770674201
-409894371
-1521729726
-383873143
-2106228348
1854532052
-1113688132
-1881437293
-848399462
589396043
-1934857267
-1829090861
-1875136232
-756359587
1293980847
833313064
-938168375
1820261858
-1087392422
-1729409218
675459645
-1216261291
345189728
1995605192
-896989000
-1806772809
1230316794
875418124
740027757
-1830784846
-1389697443
-865595484
-1699975188
-1118274304
-267716526
-553361534
1115890647
-1203447027
158453253
-861568460
-1207269668
1058378715
-710860772
194952296
1740984798
283255845
-1538047221
2001670323
-1900271243
-2037000761
572329638
2035274125
-1372495464
-633484452
-967955721
40619936
1059113113
364487208
466146897
1558489153
1476177232
1203359288
21461156
-1243613122
276337819
-16444217
504862739
-1725008167
2001031685
-944715548
-659094845
-1925497580
-1683392572
42839632
-969326090
353484079
1813795305
-1765431636
-920081833
-263377297
1522065618
-1094415149
2113379735
-726896352
-339638558
1044963972
-2025074376
-1355698469
-1866179212
1042232388
1186377383
-614122740
-1216649972
-1797957758
1544233104
-1832421458
1837302991
-1998526725
1202872686
83214936
-860582604
-628711072
-127492256
1052945789
-426135044
-930705867
735283523
-205387281
-1555484833
-1804923653
-116778756
-691174235
4984455
-124308847
-860475627
-351347523
36584769
-585951018
-1764109429
-731318845
643067121
383452307
29044709
-337032653
232549575
-94337640
-1360030072
-1082162628
-991136976
1127937316
-1421923511
-1278135610
1999178382
720828041
1640104260
131860662
-1991207638
1170923024
995148267
1282991216
477535337
-940563943
108015969
301377949
-1874305219
2143304326
243278856
-1272199378
40326110
162894426
342604120
-1513505889
1350406330
1649897372
-526258190
-961668736
1148932266
-115214975
-218437900
1386270768
1034684005
619291849
-1969266546
-156779285
-2126204103
1481375337
1397578197
118736903
-118197001
-1716179863
-5387305
-1746136454
1360756526
-1734552305
-685970961
278919071
1641804700
-1357218755
830959961
1932584761
-1988407839
1175721751
1259658760
-225354825
46290550
1632613864
478124214
470184121
1786040540
-1445238714
-1451658691
137223635
584669464
-1630748813
-1114898395
170023312
1457333342
-930376955
1858711165
-1303074632
1055299851
-403575863
496868078
-951067179
1663365592
1254439141
-2024436468
-452752140
-916823988
1084961596
-287137809
-1684605016
-637443470
1358893845
1107456258
1165260115
-645578804
1628568574
1909188634
23894952
-783228537
-1381252370
1102572746
-1379603605
-520717841
-263228759
2028969205
-738327173
216379172
-2095500696
1546573987
-681989102
-1790100210
-79596872
1814247192
-1712778166
-1205845363
-861174622
-1306740446
561007586
-66671115
-962330869
476499123
-2030848190
-226263879
-313158050
301299118
-443487300
-317537691
-1832826265
326873093
-812357100
-961762607
-143585662
-474128637
-1882063551
1882844051
-454406156
-884974106
-1319255691
-430352203
72875672
1906673072
-1121970341
278761639
1899625405
-500450242
597624735
1902441334
-1671294130
1584160921
-168043854
-1596106434
-849026252
-209606517
2076960974
552090589
-500738825
2143077237
945808952
-240433175
-1416131157
857396831
1904029636
1793362147
-299206647
537208145
1740692382
-1411865428
2057653467
1306131936
-702770618
-1775969737
-1974682211
-528402677
-430345252
-702171265
-284580511
1495816775
76385693
1094630075
1185768435
292538839
255108013
-1906421039
645809980
-854362015
-2056957162
-1831013625
-1277778197
1538196926
78106640
613232128
-836266415
-1645849327
-1534868350
616434661
1750749324
70840346
1261376201
374345697
-241581337
-1957180468
-1122008905
-1106206509
1514133888
-415612388
-186806563
1603717439
-549948885
-1532472037
-778633203
488080004
-18474602
-2051174586
-1244408550
894893908
-592251219
-766962403
-1667710751
1665116511
-1774548928
639941617
376330380
-2046900655
1017059554
-286901758
-1451981803
840038399
6819090
350929865
471724809
-1968174116
-999002208
-1695634799
698849678
715836849
2136957001
-2006462389
773618087
1267650957
946489508
2129855651
771112117
1285646585
-807732414
-2020499634
-1351655104
950810480
1358569743
578153381
-1583087369
-1534518771
398498046
2029140343
-1008045323
-531081594
1409854949
-704141542
-425898427
-713669288
1107445413
-1404110653
-98266968
1524951875
167212173
1892094231
967044501
1278293497
-2107571201
1186586369
546343296
992137233
-853478572
-895363898
365995359
1442889793
-441256964
1980185685
1613495913
-1306245172
8477162
-303170333
-1493440992
-399068103
93265198
-1243503177
-747219311
470685765
1351471586
-197733822
-86014246
-1595400167
813742666
1039547250
883016685
1526822079
-1082370249
1666648647
151228818
1820025554
-1708909909
1710440357
-365930574
1013495925
-1535237950
-1455798932
-641196079
1190530694
1892618959
-380437307
-1385224484
-1540296430
1940822213
98557375
220088100
-1019962614
145161432
2049768473
1115782826
1622817079
1522066787
-864483999
-1044245092
1568008299
-1505343221
-7893955
1039018271
1502143224
2088108325
1706833160
1711775311
568627558
-715940268
820221856
-1612660349
1107391071
-603626634
-423105923
1267537365
-620229138
-1582527807
-33764602
563157217
414803944
-702400216
1630451487
-278659381
-817388119
2080752643
1459096582
1837279879
-2094605564
1572285678
1241947743
-930912684
266941044
220395504
1987723148
529408136
-2068257642
250789855
1997915202
378876051
2134225627
-1123537661
-1000251303
1441196093
664983928
-1839320582
980839394
-1687128782
-22172510
1036432090
-988158594
-795945281
1826903287
-1212613988
374097389
1641212894
-1451794625
-70802761
1321892069
417979759
1079513939
647680267
1533349668
-1272223544
-1703885220
-273289216
1792015816
-278671761
1020501057
-2128722705
-958497058
780626213
-2138084262
-261486400
-549198024
1230647591
-1012810391
1528162003
-601127550
1727377327
796396745
1299777059
1502011031
2109482688
1239536871
1989017769
1242749712
-1052381
1836582641
759786750
-1744192994
-619553108
-980030514
1285348931
578870681
412979393
2068488269
-472940988
-1093745832
-975103204
-748052320
130262491
239517634
-150901553
894703371
961746834
928861605
-1432992376
-2055478825
-1151221620
-283048122
2019867414
960267405
1658921892
438410424
-2106223829
-894076832
-771960106
-1818272911
1284568419
773099498
1078631133
611523353
1731508613
91644443
1650410782
969384869
1084937735
678293613
1305678788
-1413816156
-1254509865
-1213989796
1506761771
-1634830887
-423599016
655474709
-1712266367
-747337463
-2001923414
560070253
803266986
1098831125
-1218703058
-801202668
-104804764
-1996268982
-170759607
1325417482
648240300
1428897783
1655628647
-359095983
-1458616225
1838529343
962116930
1508337635
-265364957
-1908273359
1730393187
-2009785626
2098808199
-477038059
1100285416
-1886507491
-254720664
-1537268728
728595592
2104240290
-748250473
-364944693
1574488532
-926826799
996036792
-520821033
-899502145
-2007361657
1885334892
1337632180
-1789477280
2060103820
-748425806
-1981377142
2000136693
-2126866867
-1820183158
105680375
591887659
-214375730
-1220192806
1320018467
-521524325
117946334
-1588474731
398460946
-633321320
-1100994421
-1300323558
539353401
1139795495
1594279384
-445706535
-967018413
-1125261234
1875886765
-23922628
72697972
-377874287
-1456676082
426675139
-393911970
-291150407
-481383793
1197947249
-1999504110
-1411367977
512065031
-1890138522
1899518634
981291143
-1809404797
-1106553651
1872228965
-1207713927
-905669763
417695224
1692620547
-740265171
-674737586
-2093737272
325933139
733926909
258916576
117356114
793590537
-1613951136
-1609458265
-655907138
-902948395
1638945132
1598105297
-421078926
1821033392
1244789404
-389967173
958289776
1016638328
-1292464173
-1446831193
-181730564
-1137066817
-1491348831
451056300
-1520806014
1148594655
933984196
2125180397
-1739033931
595363665
1671709168
-2143975923
1098364411
1664600126
-1758231342
1241839330
-1746556153
-680529834
-690662318
1474811752
-1841885497
1281593057
1236395032
-902349577
770647681
118839059
-688727214
1025392056
-2042313928
1349151139
-1003249485
-1369053611
-2069260460
1626022814
-740564290
1461606127
-960576895
-1379826056
-379330493
1200110421
-1431586858
-1649570461
460731689
975245937
-1434787270
-279378973
-1059377298
1508374789
-1955484925
1324986786
425062508
1998056343
-1919957281
-2000031872
-413409699
1743762346
62647543
-1915946514
-1760351711
-1745947602
1021467729
-774531972
1653435710
1114835256
-1146367115
-367340881
2130682919
-1391087883
-1682317741
1544559127
-2096559936
1171956700
180330083
703771041
1731105057
-1604797918
-1482919666
1590719017
1204360858
1860045939
-871360436
-68129709
922773750
945179102
-2064234099
-1631610981
1179505156
1555385616
-1284389155
-1108287831
-1918579374
387412676
1296918082
-945742615
1929967675
1777099642
1717283688
-565911205
742686244
93865062
-301738113
-1473312089
1172473090
1078100907
1437963108
719097972
-1966776802
-1924615224
-2065000450
555945465
-1628930276
-1354814894
401602794
-1759190573
-363165895
936400355
1311176026
-507054311
2138821843
409403218
-855149766
-1634628691
-1387106514
-862000604
1697417363
1034323924
613173364
2000324673
-397035724
1863138057
2010455037
-1961642774
1355660942
-2143514099
1320512721
-429348118
-1773000736
1942624834
-1585158038
-1354388981
-1868238701
615867961
-1924222531
-2032205877
-693897498
-1372805239
-869246853
-2034866353
676859085
1092653538
834699411
-660474728
1294456086
-2016748703
135364092
-109445388
1937297102
1168895525
682649776
-392773962
-1093979422
1840881441
-902075141
-1281519063
1661175816
-373162445
1456888821
833166785
694096095
-1834839178
507068492
165067667
-1547798443
-1037722157
1066203974
-1292440058
1740922952
-1436801314
-402248187
1271253450
318486127
-2073755681
-1418792179
-2014606583
1578365819
1325268013
-1076614141
1968490973
1434429561
1832778946
-1114413129
1114964481
