-790681235
-1866755000
36709038
-569987171
1099135241
-1997092432
-463552972
-2100018684
-176048167
477143716
-1973645341
-749428203
-1219979326
-211914935
1823280595
53644205
359009356
58026620
-162669734
-1108127240
-1021256608
49537610
-1662698902
1825373956
695405651
1378874276
-1323585737
-1996072816
162685987
1688849747
-730220004
378658346
-2075879937
1879748137
72141759
1142035576
1603324172
-2007428488
-73083022
-1585008171
1446546534
-1740782392
1940793308
2059894815
197031524
163366339
-2017371688
-806680626
476115999
-494911628
1673372060
-1593550775
1683230005
1845688240
-169886178
-578518668
-336781366
-490015276
-745914702
658608781
-33564465
1169969072
-258343177
-1225903560
1809575046
-493399614
1831599348
1491739607
1263489861
842299046
879226237
-1895477729
-150401415
-649862707
-1305136421
458495720
1962195437
1685934445
-1409934933
1523394627
-790139572
-1802978376
-1816166394
22409937
1752871396
-340325553
742476514
-1385922222
-1887792980
-182079751
1475759543
-323849860
-1760035704
-1889603441
-1367832475
1189488141
-580838198
-1087092933
1228988244
-1546353117
-1567278084
28252385
-471354916
1783553483
2130861788
1086824156
1299051239
1469428695
1115080615
-312942099
-2039699499
-1211979533
372304282
-54263441
763556255
302560250
-2322251
-1054590513
-700906434
-640987259
2010399170
-1692901828
152088653
1820486853
46798485
591247770
1273127661
-848674926
-2022991212
-1698460997
707772392
-1201981501
264792953
-1522692144
-1543292392
-300434496
1954259542
-1521527523
830885385
-81627052
18106585
-1456391445
267272925
940136903
-432447791
-290756925
1543083376
-1136754133
2060071920
1731335128
-2060029509
1683607798
436476370
-1080953148
1978457725
-1489842223
1438822973
-1437423497
-603095273
-1679026002
964713898
601902188
-365949001
1929808160
1091603972
720168476
-1430585415
2133055206
895877551
-1181937225
1023397449
1418025416
1716726475
1671107601
-1834087092
701308582
1112753849
-937003558
767110784
2119473101
1900997085
1566940690
32210657
-1412596084
-1388903515
469901243
-1406995378
-686376442
930979530
921677519
1104851308
678977354
488890838
-1685524364
-932289590
454500000
1619596261
430742125
179494982
1872802341
-2137085521
810063316
-950951506
339222938
-589193531
-412608250
-1190457943
1824649080
-726032614
1756687581
-1914854440
1880982343
-1411201852
699093284
-1320256712
970614063
-1399919100
717435975
-1427000887
30219983
1865936771
-1278692790
1930932852
-53422771
-538171682
-355922180
1584297257
-381685587
-1921830556
-140992661
1555307847
-142646170
272681758
491345562
545954369
815623474
839391759
1144056177
626142845
1539168293
-1021187652
93896180
1441464447
-333764863
1293720302
86055351
-1566827962
-2046483001
-1443574859
-1769716847
257981174
-826620527
-773719120
-1610773360
-2067718474
981880991
1318236300
-714902484
-294838053
1935690670
-697835831
-1119659074
1378835526
1640929424
-990405948
322993458
-1980551671
1325051385
-467970575
-1595991813
310394448
-1957496682
843983975
1526730567
-122719362
1572387171
-1134295391
-1243588493
-967216234
763163965
-236285054
-1498214207
2036422620
579094966
286351001
-1742468280
4486843
873642792
-519666010
-914612181
-1966970903
2101202956
881449053
-1241535987
-1329682744
-283865716
-498052759
2125653700
665810703
829565270
-1846653005
456601420
2114187177
-580287310
-90246941
-1171309827
1176850397
-1266367274
-777820634
365421056
-833224018
536190072
-2141372366
686166783
703788163
-7857499
-353175674
743567387
29499147
-1695345967
-1216465674
-868071645
-1773965478
-1371639250
129474150
1294653698
916941399
-324463040
-603182123
-1109187465
1801532250
-1443039055
189024413
878880780
1518328081
1775879265
228934904
1957351232
-933950301
-60086335
-1040589882
-968491258
917350166
1099004001
-965291892
1464235378
1514316021
727219142
993847743
-2094600015
-1622187988
-1027511935
-2004235453
60444986
497319991
-1407026564
-1816300242
1215736643
-396593029
-2129684074
879913680
1975221109
2009711859
-1838872206
-2109553161
1249506018
1267496207
-1140452468
213170798
610373174
959923416
-1695607668
1299008967
-1860015060
-137714601
23820766
-1049606310
1006245700
-875671241
422937730
1830853773
1238808242
423126697
2035213600
2415956
1556601497
-1982134393
448693599
-24681221
-281847944
1191184060
-1387195786
-341683421
-1548229404
-43240990
1228872962
1575194889
-1626442889
1786389036
-445324774
-1871354098
1356230152
-1852393595
-1318776416
-1382259085
-163030500
1634181625
1712399834
-496784541
294488987
294034772
-1719197632
-834880714
1899159494
1396851464
-205668457
264798963
-803753112
729781843
11895614
1330854423
-1634105269
-270160223
55971783
-1757804
-321909267
271524910
870631624
761706268
1790214516
-1810685201
-445991949
-1586109282
-246769442
821184434
606927204
-982477808
1720741244
-1634620541
230462778
1193150319
543037856
300990802
-833155480
1116681475
934608277
384625106
1352353484
-1350739993
-1047928881
523231651
288536705
-287144760
1259625571
622095794
-1858030479
2130724588
-1453238344
1979640288
-982616531
1019513206
2106419326
-1084383775
-444325632
-507686680
1273457887
-1637942170
-957613504
298846440
-1416970507
1655320702
-1535216408
-1007588794
-1727808389
1112055097
-456465821
-647545539
8951238
-1632291954
788126890
-1880261640
-25454603
183550590
1520680336
682400088
1854629479
-1094146696
-2117683364
-1467551756
773379949
-294685441
-1968348520
1243585888
-321820608
-581067383
-883960536
-413315662
-1310163915
1651114154
767989405
-615531710
-62334162
1063847026
1325925835
1049028272
-340057260
446870802
329122712
-1017689302
2006262274
-363406139
-628426986
1031181038
-665761788
881866220
-630030636
756060174
-475222784
100014971
-242523280
-1590919822
-774023628
-211919980
-1155162255
-600388573
1297724513
-1042870160
-1628925869
1208221894
-1731883770
2046468998
-1550146334
686122341
1059570385
601775845
-1970987829
-642739339
483373394
1125003493
1587260783
690428436
-2105012239
1544455678
-1934024710
876332177
-601845726
1896307959
1975467188
344409393
775334614
-137758398
2038011798
924207152
817451316
1922357158
-821554656
-1177079034
-81103736
-1794127586
1183786601
-712109078
-1872979589
-499886079
-986099849
-208042597
-124130684
-2072716446
24519376
1916504925
-1778025058
-105456455
-1625755823
1673898305
2128527675
517714882
1120007485
1698151594
-1487256456
1826389156
-686126184
1674926347
-1337831791
1915538518
-300038474
925740277
734329238
6932286
-1708362738
38679376
-302201762
1318157850
390365011
-1952926488
-1776562244
-1118259933
1101075653
456744491
1727085296
-1410107025
-712371005
-322835152
-184331424
839329942
1366207653
356203515
1290832776
-708653416
-1462753080
-1404130561
1500802349
-846922242
-1321249815
-1858261021
1284307672
-918256066
-738199626
-747500407
638596226
56863843
1812681378
1725657675
-1698122869
-1192506899
-1167878408
-1374448249
1160483313
-1867942411
1060620083
-1677134499
1260982461
-1249928043
-562527348
-730014793
1455206848
-322295674
-1485595437
-1566877303
-1476872065
336536329
-1709866878
-1218428071
580142699
-1412993525
-422784498
179368449
-171801003
1173781635
150848896
-1706374221
-24339680
1490726174
-1263005884
86169918
1649362359
2121673502
-398754495
-1731007601
1670936129
457865599
-435909335
-2055924359
-558875501
-1348531109
1574671377
-887718472
-1612985370
1229821070
1609976643
-1896428237
1260422601
513073565
-1243294125
-564544128
1865957464
-417497645
385914480
1023708077
-1429783634
225011885
581197563
2128171837
1190623895
-224750729
-1361387683
1654560112
212103818
-1089338314
2007586325
-1071550264
1283278550
1176748744
-1897275121
835013831
1983054618
1748628553
-1475739844
1232862716
1110149369
-813446983
-482928802
927835712
1669932302
1978867419
-1983113181
1816646973
820117278
-770309537
259032437
471837999
1610733964
-242784189
25855760
1917521902
935580689
-310063755
-1901409196
152115243
-776395349
-1360225348
1118984540
1649566457
-1221787178
-1396475687
400527694
1053683087
1365581049
1637671913
1106317812
833588044
-16677853
1931855117
610415755
1870739450
-816464906
-1445604532
-793884709
-647443882
-1010803997
-1212746569
-1564158073
-1406154032
1436914327
-1434452787
430609574
237728398
-519807820
-1590530783
-1243106415
1140266678
1860517572
-1103029191
1612567294
1783858156
1532811626
1061152441
-584269747
-945680871
399226585
1887096513
-202461918
-1315284882
648547466
-808112750
-938890701
-2142889560
-1447730135
-180888713
1188920162
1983799445
-245801009
-1176538654
1685199117
198843606
1526467958
-112587820
-272862555
-810160155
408255913
680929410
1825851005
2130283097
-915304069
-904227787
839852772
54466921
-229755975
2098822001
-677256075
1598392494
-2105052830
-2098262951
1370178988
-153183188
-725080745
507398737
262099901
102114962
-1544737970
598013925
-1825252192
127918017
-1875620340
-2002142488
-915199376
2137890698
2125423827
858119904
1267703797
1680343227
-1547217896
-476161631
-1607464321
-983584676
-1641945735
-703203785
-912278283
1559096630
351841005
-920860151
1607649324
1281293204
-1289854660
276781114
921953404
866750797
-1445755470
1647970130
166650001
824344064
-1419635953
1065078045
-986535554
-741600351
1082366401
1926051027
771964951
-48950475
-1407965356
-1239473288
-1620758657
-2045566503
566735145
1909915269
607213823
-494859768
-1111558555
-819717944
528034073
562646300
1999899948
1447332232
374376924
-2048276203
-1220145393
-1289891348
-1181473158
1954903704
-2123458366
1374680220
-2003315689
-431652037
1554190610
-1993350232
-401460253
-1602532353
-976295147
1325426857
1079501418
-1173816291
-1250732126
-963712219
608815146
-340863995
772545027
-1509181129
-58761370
-1556652893
1453356009
-682903953
-1586560199
471665379
-1942369
765170934
1893964781
-253225097
-1179814014
1764424950
271596685
-953446697
-1512407631
1979205176
1518831032
1089789321
-1015869696
931899405
719708599
569466018
2107448881
-1101331598
1348136402
952214155
1263823973
1436396398
728736990
-970286072
1132185551
-219557953
690757402
-1202671242
-885587541
-1704235595
-1793524932
-1876329388
1041878894
-853611684
1824900294
1595199748
1606880063
7848160
-299963491
844505297
6227877
41800749
1265836251
-164399053
-405607808
-2131596586
498150627
1527749970
1931363133
1203230263
73700022
1479086792
1623674949
818232796
612930692
1375732395
-619075658
-794678236
2024697222
-1174317623
-1785317548
737919265
-814951158
-1036682443
-1152462911
-543182910
-438559025
-829053950
-728584468
709323060
-733770606
-23955634
-961233465
-379577724
1750181096
411271810
-1475644100
1839358088
-2088590514
1852238295
-1881825695
-870918657
-218802818
-473096933
2091803113
441638903
-652215805
-129723212
1206803165
-1685365650
-556010481
-866788635
-1208049524
-305064132
1096312972
828400975
-1434584128
-1918555857
317790320
1789723323
6798130
-1202608777
-689435563
-804069098
628022079
-1521141436
148235592
-1126666308
1605858522
-218717779
965600992
1615438329
1766041540
-738255917
-1586491758
621893067
2013819899
1256796998
1559546947
-2130976020
-806209937
1807979175
-790417377
1688540688
979877115
-2246003
-648306264
32775275
1951802770
-414268756
-1494322159
-848551051
1841233080
-2101049036
1486285773
293646577
1734692660
1040970870
501778786
8976170
-607280381
-676779315
-1287279230
1239263616
730860431
903931067
1741941339
-178186974
691719457
-603833006
861115949
-697728484
-2114501741
1708303572
642085661
-1342037868
889847881
-1191978595
975339593
418842191
-1604168863
-415888575
387401755
40173690
1526510632
2001112049
972373986
802045351
438222032
88978466
1159859358
-264170475
464170335
-518726545
-1955217126
2100193332
557033963
-1787326018
-1183422144
-782141593
2086348804
-1687066718
695236264
-647820533
1217609584
72092928
-19864975
447633335
-404172259
-1467513100
-971040684
1757285573
-1691107501
-1907313163
-2042495242
-899917807
2033882664
1358465334
-23285380
654893568
-1355121863
-1927248817
558153316
-806091324
1595618710
-914916580
-1436745837
440322525
1470273278
1009493989
1388142505
1831034082
2021241675
-941260865
1707155612
-962454912
-1173775569
-630134479
765097860
2022399171
1599901216
-1586448103
-2145152589
-293692012
-645146736
-1731028528
-720218360
-1610896254
-669922462
2037891212
1727364484
-534053692
450532760
1458115846
2008465949
1137594238
23449936
2134093660
-2134418734
-1793376701
-520742160
-898314185
-874973697
1230334427
-1309994592
912963376
743889650
-1391046331
624262136
1339161455
-1460142147
1317868799
631014394
1303202453
1090267213
-522147196
-662290878
1276096987
1462985403
-41729003
2120544379
-1830824581
-15698718
-538054468
-284308715
-1148405170
-1828974799
-634931059
-1588262348
756221366
-668477247
-1393837778
848736747
1111218109
276670633
-915011942
-1450026583
1626121086
-667385711
1966560289
1534311155
-722359869
2138709125
-1121211982
-2125924525
-886900241
-1039586293
-1886344868
2059585936
-581034722
-1382971274
1669081362
808064542
718065546
578878588
-962845522
1949929176
-1936495568
1781559558
1987398712
373382636
-1954025806
-1213033657
1409659495
551947285
-365121665
1017006095
1258643303
-1725229553
-575128016
-1984135071
-111752228
-1215503032
283508277
-773438654
-1948940250
-1057677357
-782145104
-52887341
1943114726
1116701601
-235397472
1167360674
-1603655231
-516636430
375200322
-180941508
551748451
1048840200
-297154893
226592518
490428871
-1306837474
-84951335
-562644916
150873524
-135721576
-1972867964
1579546778
-1112054646
747849082
-1073879857
165862730
-1359846082
-509658082
-2013616436
1378925918
-715038302
330377505
-530309025
1606557327
-233904151
-384652642
-1210180246
-44474458
-646064022
1426057630
-147618518
-782683127
161807268
-1069674034
-354219552
-676805480
-1593871230
1349849202
-422269261
1383631289
549163743
821153434
-2126034988
-1682820431
1017498187
-1474995566
1632852195
1655647797
1627771151
-804735842
995292561
-948524992
-713020562
1855206118
-128677755
1467814183
1282320173
-764104529
397976707
1827439082
-733574315
1803025611
1769554891
-1440837172
483098679
1498233683
1050352063
-463113948
-1338346575
-1299370350
-231744825
-2067047051
-2121794130
1162451779
844799608
1078772412
679610610
-72205313
339066867
-1400726007
2069677079
-2058291216
-1047797621
385348945
1462705874
-12169014
1514926250
-1380026238
1180915578
-552977412
2142921460
1417912278
23354571
-1698374878
1524624812
-475473045
991496166
1670760380
-589791657
1274456083
-1001753956
-1470634459
1823163294
-1968464535
1327689195
500888509
1300164984
740673828
1120361672
1131103336
1066115976
-1871320145
1726281502
185819964
1482555843
1376872952
1143585046
-1416983947
-770340011
1020332168
-113376615
427697836
-947770427
-1346911277
-935711982
370399560
178486870
534665681
-1627714184
-1134252492
-1370594384
-1550493492
1902432395
-2037810990
-1864118848
-342308997
131297117
-1613001681
1867376091
709737040
1240253971
881607287
1663496489
-5019122
1996498668
703137706
1866438464
1228316573
-715408510
499702671
149974799
2016381217
1505769040
-1040482583
-1392708099
-306230200
-1818257293
560054248
848057681
-2143032861
-1034154060
1255774690
136223187
1122911928
-1752682298
1772100674
195772852
-2073072235
-1837493813
-696890176
-1702869846
-1418764632
-1768486628
-134907694
-2058945953
-1613692914
-405400503
1582475873
721847051
602669993
-464311458
-560450624
1632736863
1243534902
-290585496
911705817
1783094436
-827855971
529730359
306498472
-655280604
-589890421
-1787457180
55634413
1543214280
-828634819
-194086251
-974259683
1279937538
-8178273
-1113396993
963989913
173013741
1703531157
969584172
-244998622
-1994754895
1814702231
1839629310
-1969044341
1653230380
2109790083
-575516173
-79137105
-609886258
-968368210
945816233
926659749
-460185916
1703979067
-2014597724
2109123890
1270433880
1877448368
-2036197041
-405950082
-1588958058
-2019488827
-1770071744
-995938293
499285299
1639504255
-1349022528
-1863587102
-572909142
1487570557
471728521
-205267698
-297698904
205124242
-719634735
-437812402
-1807345238
-2008469357
-727597945
-1184072699
-2079060509
827435377
1230326492
172995189
-201384094
-1075585911
-1744081404
316573996
-1000466572
1995591994
-617663939
-2057062467
-146481850
-538866248
-1329611760
-304623693
152062415
748693279
-948889386
-169829181
478205420
-1196998965
-1645538435
1651102784
2035254988
1593114854
882512268
-1479227437
1425718413
-1307051967
927087715
-681308310
-381761753
-579122329
264600263
-110928272
1149789577
-1315883281
-611254626
-1562707905
887984897
1215977746
-651203850
1856075730
1787616
-744643972
1338562123
-1617568065
7146077
-1785855898
1865035017
1878466403
-1823635271
1004016612
948025423
-1083337122
1162706340
-1155298693
781634805
-240244927
-1219451425
1387850742
-1541478704
-639242106
470193697
1547039097
-801983436
-1365718336
1340054590
1179105750
-267790919
-712243437
-1106506106
1591963423
1112299074
855253221
1964420459
-2014629509
1874140987
-773630251
-745473178
1370905405
1588653345
-1340449045
189968154
1322349106
-1604745145
652978705
-1103387720
1689999930
-991607338
1949362882
746187685
-609575655
1621038356
-427175168
-1202984614
-2067866738
1358666985
-309445237
-263155060
1471134629
-1750848097
190658127
1307984268
-666113975
-1617392919
1395627549
1941616879
-1372588515
-216739290
-1479793250
-319472271
2001093003
-805764890
1747352452
1494084118
-1390536164
-398205012
928057857
76784274
-1220948214
1024152821
1383993212
1574193130
240677139
-260545415
-1420665214
1991316314
-809935473
921525936
696791290
212024185
-928717116
216073367
-334529892
-394049638
-345592455
-564026445
-1296273756
65516917
748388296
-86020522
1298934978
-669657849
-209858248
604869664
-1080899245
-993395018
-554098678
631103176
-425384746
969574327
-2063737901
-1785538788
-1039907176
2139822260
-1223384758
1310766662
-751358286
-950252888
-2016878749
315991888
2023445301
-587354611
-445630052
390470889
579026083
405184569
-782943338
-1107148952
104723872
1459393285
-1952370202
526759697
-1560722968
280210095
365575213
2032359063
1696321667
1275123201
470281317
360868322
-992748233
903005362
732039037
207334674
-412486338
-1673961461
1829911336
1145057218
-2018585799
-172381747
1328209138
-1609258864
1675003492
1220945233
1761740436
1628437725
-981313270
133312241
-1535007864
-1900805935
-1092736454
1073276326
-1468906530
172209057
885862074
-1693021454
-1344288688
-1314227180
-1116910277
1002274048
320093076
1123821890
720865742
631123721
-581538575
904772511
1886860438
1502331896
-681631723
1747139127
2134429631
1430073168
2052122148
-1271982022
342679726
-578486195
-1490291692
-1914442053
-309714823
-963101879
-1267168713
-1050571084
-222445671
1688135009
746045721
-246239411
7319774
-447797672
1255395211
1818279005
-1362350174
-1543625542
382082559
775391536
-677186239
-1835007932
-1623540969
634055562
1795150280
-1243443581
-153221769
892109548
417831915
-148587078
-1082482974
1600139285
1574939708
-557399544
1541078148
-1836973877
-141207654
846033098
-826070900
-931621926
-1034019609
-1483379138
1238141182
1922775389
-2036303363
1903759720
-248070202
1835225915
-1983865887
605430328
794687503
-189482508
2016108089
1397675500
2092446933
666970525
-657633797
1056157107
-180325192
-918095063
82486119
1765415826
-1152401645
-1104433687
623404854
-285339253
-1622053299
-847837867
-186239213
241884923
-54441106
-910442740
-1156883126
1267335235
1018646261
1363617049
-1436471361
-922958677
237902568
-129957769
-1900025312
-1878004094
-1855028693
-92688425
-1628276898
-458837623
1876668693
-1975753057
-2138513832
1097642897
-117388480
-1034430410
-99072551
-40570015
-897969504
-68168834
-1528642620
-781862434
2137058262
1624150689
-942642290
-1070597787
914576326
-1592474864
-1236906005
1330823035
304388710
-1819047479
-587240501
953261224
-510757159
-1693710376
-1864980857
-284219745
-107558725
340009759
-1498388649
-1398081374
2125437630
-107440296
2074438663
1905579556
2119973493
-1129278629
-126363926
459068335
-1203799697
108488348
242657294
-991778297
-1113298040
1287979768
1837307313
923047824
-1968949637
-1268361552
-1238468622
-2096073748
857786042
-2117942603
387890123
-692069912
150306177
-362008283
894603582
1387432856
1832660008
-1296330731
45992142
-1511492417
-1919553352
-327961455
21599280
-1930498187
-1253259327
-226432544
-1731486142
411774723
-1038358678
1921757451
138554940
-135924463
851064777
-881232736
-187512284
2077947139
992181365
408827059
1055657095
-699364961
894567256
101609253
516071781
1336058098
-1646007095
-1364146136
1349295724
125174388
-532389671
-1901906175
2086513257
-201895062
1721910764
-1593853168
-298211333
1960541579
1686326411
2085149965
-384116855
481123302
1885037689
294027412
-2000444299
-1789996542
1451093763
1839188450
-1576824431
1783738694
1329545884
-2042160160
-1390806831
1596919963
1886540712
-308710815
-1705471422
-22414769
1758959256
31628456
-554502597
-1642818500
1070559030
1443634220
-586707247
-520280535
1978908993
726969246
-1983796081
1111138927
-782141892
-1303727574
1446752870
-1935239969
-1011610494
-1209784579
-1899787038
-364078109
1833075614
2016585991
-1080891233
313905122
441334233
-1562718463
154131450
-1703363351
-657879277
-1973292111
1891760138
-845360505
-1452973866
-556400020
485684433
1307209207
1643230120
-628684836
-2051969874
-1003560316
-1156637280
348293891
127884054
-770825175
754173499
788329087
576541315
2138175607
937430895
-1261078001
914267563
625004987
-636732416
52788309
-1677606923
1157937247
932816659
370414813
-672397016
1691149968
-1633197824
909336158
-161599387
1578826273
-212646548
-1589849794
962800215
810999982
1517149845
1079412315
1931062952
1364386308
1865984495
203645448
1189879990
1260088512
99324400
-226727083
-393097338
-1142650571
456634664
2060571539
-1412448008
765531794
365605523
1494643222
882801724
-991021500
2067227442
-201279428
1740474244
750750105
316491991
915956142
1729400059
-69261915
-1598926271
-155687707
650992372
-719429271
-1267796888
-1365186576
789656422
-784145872
-523351784
657276275
1309089432
479038012
1066992324
654192114
-1386728168
-1083232862
-1152693869
-114749105
2035946737
349778290
-879569473
402685073
223278620
-1495893734
1474550559
-158103578
456004150
-570735093
1345886721
-2117275414
761156467
-671027812
1492691261
-1058300631
150503122
-1345550033
289557894
10633442
784682386
-1016200046
60912131
885272078
58665443
-174641498
233117213
104959904
-64584991
1306570821
-427998054
647337229
-1263342659
-1607660191
-1713838102
-1829940723
-1252361667
1440224360
970723265
141973155
810293350
90398703
704412645
-458210469
1985002870
221695630
756777032
1754062290
-1080901097
-568978168
-1408133543
-136418949
503956434
1750781615
911290262
-1605613409
-1543713855
907325446
1984666981
1610754469
-1846301560
170377127
1117528612
1020150931
-2020881531
1805302119
-123043970
-190354220
2033436998
-1027211337
1454872064
-1596196037
-2062238405
-1372209331
-547624469
162976839
-1834551124
-317183742
-928439989
561516200
232490220
-952441346
1117572936
1867709954
-1750937393
-1255593455
-1130094405
1710990832
1965834584
1479411812
-707445244
1097455947
348232119
-1743458736
-126061030
622365099
-1780715919
633104525
-991394077
-1553200339
-1052567584
1009620623
1916966597
1884442742
-656549922
2016210988
334738300
-522427656
-1530124611
375341441
937617965
-1614767245
-548578439
342360342
-487306053
262758079
-896589008
806642752
1860335705
-1741921592
900168658
-755444282
-334401183
1031978968
1478960660
-954420537
882042979
-1780854245
-1056128343
1688891867
-259965825
1704800096
-1649406284
1868077175
408407799
-560712419
180351863
1721901717
-1924891649
-392826187
468016464
-735362925
-1026077481
-1111264260
692588006
-2112254117
506640155
73969658
-1940791905
905260739
506461529
-173105170
-908058539
-166045129
-351238940
-693550442
-1361436344
1176070037
-57789209
1630277549
-937498027
-1814212520
-676711748
-948723787
-13907352
307177719
-876966018
-648311818
-721400018
-391173489
892123868
-675034427
2077992463
1178743487
1568395056
-1824977911
-373647269
175955411
540478159
841472507
1480365762
683908899
770050722
286949932
-1509324791
1047100349
207460853
-1996617012
-918991109
1611483969
-638506098
1953151016
1155087260
2064622348
-1155903487
1102112372
482007972
-1227239527
-1443840702
1949514698
-2055545301
-1706000349
-513623172
681801330
-228196704
-766310259
751242016
2101828451
-1026741505
-388866682
744396863
1841269002
-1145480893
119090920
