-786014643
152969341
245436118
-1399528117
214569272
-1830764499
-265359986
489693362
-936035427
-447719080
-948105915
1608553621
926103097
1906756316
1347007413
-2092902203
-483170237
1111493816
2108019413
-755296816
-2139083330
1129953743
-2114401974
-1556468130
416108301
-174394901
-1147455971
1790548701
377347532
1789515780
-291581011
1552210784
1907002076
-727437120
1397001702
941728708
518965696
1789191485
1526810546
351151636
-1449896665
-1227330034
1728381871
640622382
739895497
-1707185532
-1170250717
1591708070
1284195445
-11081682
-1592281556
554572521
2062404715
-1411506526
2042494011
-760025435
6707942
983671676
207465411
-72743832
-621668611
-1650042202
-2116939220
203780999
1691706539
-1098471719
2097648909
-759924415
763445804
-882598300
372523418
455787811
-1797216630
1648642092
449142619
-1366972499
-553339530
1197352179
1485240863
-1650260171
-566240165
1429899484
1768265519
796409611
-1708315472
1399490862
1853458885
632638685
-1272805491
-759463336
537828030
581103709
-1168019839
-804357580
877787023
-2033147616
1011060130
-238230897
981179509
-149848375
-1344449820
-1148682263
-202920464
563453798
375531182
401373304
-219712143
769613849
-1657071190
1728171891
-816253615
1294638074
662313948
-1507209076
-1097906171
165014843
-211742474
-598396995
1845837456
-1967367027
1129666025
1344725319
-101256648
-177200445
-1240626241
186510839
26623356
1177378996
-2007975001
751945642
-1386655676
1348858212
1618683985
-1207901676
-400436390
-2060076443
577659004
-118910020
-1259450600
-1742659973
383215308
-715029686
128895331
209024638
-200342816
866133252
-1544499497
683521156
-293236829
-520811370
2124831555
809211198
1408031458
-1242884335
-326216361
645399458
-1670911457
501592373
1811714460
-1123839286
-1456359260
626376179
841650339
2041197083
-978763046
125296940
1629056129
569081770
801272539
728117951
782281082
700144858
-2067742140
610508226
-2033394181
1302636873
-1743149744
-1427673074
1047291341
-845002772
1906971426
2001985024
-1646816120
2090914424
-2025078943
1152024190
2061835077
987602691
-1584670455
624821048
-892168809
-1921123349
890135168
1569763632
1156870586
369346038
-1622771993
-1903993477
-1937790963
1324530874
-2032332621
2146497096
1173550525
1783380287
1403331963
68075553
1389137602
-1598215454
278211347
1655316337
932477711
-139166085
824924632
1977624133
-334294267
794186690
1411596365
410285654
923684648
2040702190
-1128760346
-189241529
1700781844
141313182
1931193124
-364637910
48315313
-1037609475
-1183060767
-1529414840
164243621
1147446048
1180205292
667841313
1173444874
675378609
-739025448
-872689743
-467260576
-2023107118
2029441041
-914021131
-36327227
1908757307
-1527941585
-115397716
-2053344413
717536420
-716362098
395796834
495562793
331966826
1254803998
-527326039
-621807683
1971648876
1807063158
-1446194775
-924161360
1589292854
-1535696593
1802904283
-1988295437
1773783137
-1673224593
-62170607
-391533431
-310740935
1859456196
-1513622087
-1539639427
1371367584
1439163442
-2053507487
1637932310
2032657713
580243086
-1436616579
-2008365494
1733629096
228978445
-1301109144
-307383953
91677824
1974963991
1755563688
1474059576
-1532523811
226051169
1815439990
1870835422
867615404
-786176966
602275964
-646658147
223094280
-1266624477
-686927904
-1642758815
1827293919
-534206555
-662265983
2027891393
-2081126955
876596063
-987722369
261425708
2106816359
-1664803490
1198021376
-967667615
-1888303277
551975601
-196562895
-15631836
806662711
-519738821
1146625163
395739438
1209945464
-413213494
-1941448873
-1556091804
1825154405
-1830397336
140477555
-567251124
81336731
-602525455
2070544726
-1878782788
1765383082
-176457755
-1254916528
-589041453
1161278456
517864831
1073309718
1739159085
2047176933
-2024705786
-349117058
-1508914606
-997350352
25058914
1695608198
334947694
762516120
457625329
1335441818
-1280194233
-1746896442
-137124965
2040502294
-628802710
1857589353
-2041250781
620847880
-115642712
-1224514397
1502691264
-1867571397
-486256704
-1805075293
1375967980
-1541109904
94464349
1465736594
1728317050
1782548462
827822914
1721982131
1619012590
-1752371651
-1362108221
219930309
325958408
1011470637
-1464565130
1542121899
1418986658
-658180835
-1074950358
-1110168498
282324667
-1279545223
1747773464
-2050891582
-588081710
-1308486524
1540861016
232074407
2052861816
763256407
-1269895274
-395205679
-1214643680
-746851288
-1786730491
397136171
1133479481
1473934031
-1396373613
1134356951
1598030974
2145488774
1117500509
-342094182
1142900108
1691013616
1075811428
-1551909001
-637196620
-811701668
859775105
-1961859687
1359292434
-1240422326
724726422
1828657013
233326558
1860293933
-930643194
-767427793
1427685121
1947891570
1420839270
-118887619
1421112043
110772672
1535489140
144392522
-999018333
-787467647
-2131907257
1024322396
-966589153
-1797871711
83990984
-1634259144
390219477
-778671466
754324064
1946271748
-701750127
1430255775
500940530
-165737938
835702153
1427802959
1532792587
784783757
1807713966
2124195148
1058521432
-257376827
-1057341116
-1078319276
1081241176
-1113272082
-1755347276
110113153
-1613133231
1687667831
-1688875616
404182221
114135687
1742755912
1557695544
-787949353
1860131243
-1985830874
681876427
-1549002266
1481156498
2083502940
-695287391
755843886
742563878
-499195242
-1434881785
208595282
-219732575
-569446385
521935530
1155287338
394897911
643155438
35626280
-489017659
1413948307
1448425197
87599844
865126577
2102663494
969102652
958544153
-542577799
1904933244
-1750185052
-1964553167
-960788114
254554288
1197614318
-1559448233
-1596300630
-2065386719
-1713822332
-1776249526
-1901776559
2001137093
-1348101287
-398542732
-1110518246
892162686
-1462876154
108404795
-1003861747
154989451
-1744516811
-1427288682
-158379378
-1087249856
1194304322
-1738006302
-1218228071
-939113223
-1900555746
-1062509835
-225276850
1403017292
-844888969
-1670952077
-292887632
-121450627
-460724971
739481696
2073086889
-1883355082
-2097146233
-1933767946
-657199535
555337079
348243198
460152249
1631119727
-766286389
-1017187720
-86767672
-48107201
-1623603012
-782048992
845635956
987257717
829544327
-1366540300
563805718
-657107327
12838163
273218984
1312902940
206065941
17193247
-1067326007
-1476664219
924702179
-584361285
-1008702426
-989930033
1806819243
760884729
-1476703637
-1012833779
-1518016140
1062484195
-1065561075
-646041923
637222681
670098351
-1394596755
-108751431
-828222969
-1720006607
-1383036105
-1081377876
-2014308797
-932453232
-209134836
788343784
-265507918
-710032068
-934904224
340530551
1651955604
1314773535
-52529500
-1689402001
1440223825
1415932690
-1421825626
547009162
-1738199688
-1539842158
-828890824
1860611573
-1095444988
-1845408333
1165828368
-1808855704
-2067433760
515540052
1285043950
-1294409098
-687849556
-1154022253
-1465669373
-1448422618
-794864703
932486787
1839916689
-130848831
2090427762
-1346656996
1564335822
-857349651
1603617173
756673907
541614606
-331026182
1485573953
-776860374
2040262944
-300689541
-756463656
71011369
-432234761
-872688104
1952688967
-2019033715
-832051060
-1516441694
-1027951476
623653856
1750509315
-35759512
-700951944
-2043935606
438927372
767832776
898558134
-1369813368
-2055112564
-816495864
-626533109
-851036069
1530695035
7664742
242693342
-1532372670
-1427605745
1866644845
-131266821
-983711318
100399642
-1731092086
577095059
1528305381
-1794544721
-987785762
-746150777
240465434
455297804
1901977428
1703124965
-952954244
-204073549
-1323778570
287368882
1659355838
-660031015
-656541316
697937385
-82906682
-834188540
-1763237082
464695235
1771120288
93445359
-1589272373
-1226908871
-1465706571
-335304528
-765733584
746649542
1804238140
-1484464100
-45090403
-1598209679
1706628847
-33827990
-639992659
1039810826
-1314531070
1192774933
446364262
408970419
1658287184
-1189197817
1614553480
899423394
-1240289833
-970759181
660609577
656310308
1792162150
-1736131582
-1126940287
2119483108
1901398932
831587249
2082754306
722395757
1273714420
-2034430471
1032992428
-2133679124
-939939706
-428399953
-1829151586
677337658
1051514735
1074775597
-864490001
-478919654
-2049917972
-663431374
1328181950
-2110082370
2045174148
-639228154
2129063303
1070192784
1656334461
-979832863
-647095368
1985101870
-428111216
2108804493
979938179
131805109
1145665247
-1437393846
-34112778
1180466241
-790464218
267903473
-1743834040
-1448898124
1322655793
-701389477
-1962878092
1394258615
-1987160179
778164227
-1803214581
-1686784770
1605412994
-1737640471
-1482060218
-1934115377
547231296
-1443512391
1750851162
-533085500
966265175
-1719127252
2084641040
-2070818098
-863764884
1691887022
424362644
-1095275651
61795369
-1653004991
-832981876
482434687
378311797
1161397152
-228756372
-614593690
-1166134043
-1741443161
1681660680
1240396206
-1687205263
-1051639567
373367146
-1606623491
-640787350
-1266640446
479635173
-1672856148
156435115
1653097255
-868481942
-484620410
-715023602
728852316
-1467891431
1286873294
133194274
-2144006547
-42484710
99688326
-304553190
-1863450337
-1087135826
1533919982
-490999033
1552643600
-1784483456
1644633930
-1907512503
-2011239140
1945982017
-438386200
541202243
-1063133950
522243699
-1430826655
-1502967475
-1464461497
275458691
960785950
-1390490898
783156825
4244509
410621726
1678548042
-1135072776
1973573308
1348212469
-465881383
-1009027631
876126591
-1718076137
1186449241
1638430315
-1856637885
1515874134
-1992617211
-312647610
937097709
-101670999
-966280185
-1866896063
-470985721
-1581133266
-1119626966
647900220
658758542
-277618831
-1366829869
1927522045
1857395465
-1444278546
294111025
279872087
-1225402915
1029285332
-585384013
2118483080
-1573343009
-1572166133
507425210
1431694819
-937340885
-1405683336
1298331791
-882036818
236158515
1591381375
1878435479
-228127411
-720359398
1768628937
880874437
703570847
-1528464574
-585706170
812015439
-1137093977
1475334179
2090115189
2113198244
-1897028241
1613991518
-41786398
-1423211620
543839272
-1686944239
1711287280
619195377
382321813
-245876115
-2119122216
-1306608659
1950919850
436730244
-1522283023
-1096627611
-107955344
-170189465
-1892811983
-265841691
1686793259
-1382643088
-612891917
162124588
2144757693
-691421477
-271220230
1824140506
1848711244
1460275099
2025910197
2086019687
1007244066
334212715
141178052
-580337577
-1564656427
1377269026
1763288506
-1662288981
-1971401817
1022095947
109143588
-432868710
1544784943
2130682612
9664458
1685750912
-1598452680
1137821126
387119668
343733527
-290091032
-381332651
2071682671
219647716
1118631204
627222457
-1891593455
869824755
-617617101
1469165917
-1021875079
1932538821
-1963010911
491239702
-786051749
-1760988791
2044731749
1581324151
-873573509
-1593197174
294240069
-1122997405
1589873848
317761257
-1636562311
1666328034
-825558965
850551435
564263054
1181515576
-44541872
-1270474668
985968525
1605445939
-772925562
-1093740
-1612780708
-1707650363
62375762
-1404227903
-1695623837
-283520815
1948252681
-521043353
-1251265934
-416382903
-294453906
-1947418789
1858800353
1829320056
-1349240455
1910207542
1427976440
74304668
484718426
-1479221759
1999063441
1920610231
1456575677
1885443117
886717180
218785190
711944014
1805418437
1466181154
90570354
1645204606
-1374711322
-469348884
1667723493
-1349918329
1962995054
-1101557531
809712992
-1078083666
-1728284686
1040341277
-1138890260
1448810695
-1951332874
-745068976
-2063783026
1059135486
200775255
-1778706872
831639774
386427603
-313634548
-1735651457
1142768090
1480775270
1853373709
-1618316793
-1433491209
536739060
-259137134
-1225624914
2116098425
144244641
735725184
1173193821
260392707
1724295287
-1247606752
145126336
-1976130959
-1205786450
816935441
1506875691
-482021403
507836205
1969083775
-18824005
-1697076705
517772112
1815973525
1006028988
-716585198
1465855980
61304112
-247151030
235254195
1860209295
1263105236
1899274298
-855995117
-512724213
1162225635
1197619258
1410012336
-1687369931
-1057041909
1519475254
-1099977209
403760874
-1408006656
1636596221
-316768403
1908008018
-1183268245
578758436
1386061854
-1408830360
1208873505
539581226
188724630
1550967737
-1054917736
1316423132
234656287
-1653370005
-1628417130
-354845702
-618878805
386187905
1125467946
1249291291
705128931
-1920227492
1194946783
589053389
1408360063
1246436740
4459823
-1306329344
-953412905
1181772712
919413302
5325731
-1281284166
136898019
1204596391
294722447
1980177534
-671551424
-795257853
-314998108
2037950040
1612850560
149614599
1442311985
1476700397
-260135398
-1517211
-1587944807
-949738456
-753675390
227718071
751591474
1086368590
687799213
458100400
1524723312
-1904035506
1082308821
-1940765548
503973442
1388344925
-735835783
-598782999
-806021957
-782581054
70411431
-951881618
1152021237
-1956668690
-2147070339
1950295884
-1467811791
-1826215729
1593192684
-1659538805
646777411
-1828055451
-1028031297
-1444247609
-1811984340
-1057950316
-236038437
-931549662
1397844744
-266481348
435574216
-150567044
1487722794
2122595206
128127856
159201505
535193477
1812819329
-1636591835
-813160893
-1940728499
-967357460
-1565533208
-1684458136
181374429
329147733
197129959
-1739600859
8559835
956382562
-839867833
713293260
325271705
-1134790290
632238116
1439865826
1322172094
1306837591
1986210261
-284353003
-1803329755
1654419349
-726917260
-961833620
1536536836
-737128561
724462492
-1131536704
26377808
78127401
1786900340
1899923562
406983008
-678653279
2088897260
-1900404931
984068304
-655500901
1634620742
651613878
1210217895
-1936508807
1447025112
-1764343694
188932028
-565377808
-1886462705
-1578367265
-1925526443
-681049128
-1616810569
-559620298
-855395568
-824562110
955991672
813049512
-1934537466
1691235279
-1655979101
1452121815
371526188
1857310271
-1558253266
-830734969
-1934034691
206846536
260240637
-1949547627
-776010667
163932584
-870098589
-1337651417
-2011452512
1659880061
-898630681
1387289892
504469811
-1266122796
-1317166006
-19304986
1439021817
-106690689
-1834317880
1748484398
-749092526
-1926313686
552680606
1958305112
754264119
-1054049616
1551425996
1838011855
-1544343903
-876722774
1738112796
-1678326590
-2131861461
1894103625
-1468538526
-1489392617
1556649205
-385639579
1389131524
-1441107552
-380073012
-1670457387
-1667436356
-1727731060
-346783097
-2056174336
-555177316
1501506079
-1901891405
1488776884
-1530650286
-286947419
1958004850
38146102
-1604323411
-1425240157
1545134495
-291829095
-633581473
578049104
-141397194
-258675629
1804697604
779866435
192659187
500194829
771971939
-205891988
-1461693640
-1828190023
4498930
1250963016
-128547021
-513357591
1436837023
459207504
2041713983
-1334230177
-2049500979
32327858
-1956939893
2060168928
-957732964
-1820267965
-89265415
-558241971
1970270573
-596293709
-126337976
-960160269
-1562944092
1942232833
534430580
1042529057
667541167
-262616527
-58773156
-2072689414
1284977223
-1537330116
1036850085
1473077133
-1671011850
-2126337720
1099444958
1139161634
-1923627048
-1691617767
-143380764
1903951318
943463333
1330219718
325778824
651694442
-1841247250
-317090641
-1173737618
866928215
707930022
2056340398
401940279
2076918565
-973595676
-1117278580
-756519198
-280183044
-604337690
-741995850
-792889489
-2139004293
-2090436264
-73979089
558010053
704864711
1444784854
-1931773240
-961067051
1181623271
-475115857
-268049009
-469102338
1494780751
-968301588
-2135333500
1642517683
-925715526
1971749776
-830069102
712802394
-597608132
1731337248
-1279232579
-1713793673
-1048748905
-2140446363
-444928105
-65132279
1539479756
-509447057
1112580600
-574360268
-1368949259
-1839757347
-2025646867
1663263007
-1557600942
-562428836
-1380225296
-848911585
-945040736
2063004013
-84072359
579494164
-99903823
-373381526
1531707924
-1642237165
1519322937
-2088368182
-1729219692
124234821
-1126637595
-150481757
609158151
1371131406
462725297
-1496397712
-1240120629
1931938160
-1344111238
-807824108
155472672
923447986
-2032520494
-923404002
699776797
-222098628
480629779
1958770254
1973716456
-2043394619
1395844790
1930062936
115513633
1966418095
1267293925
37788647
82066846
1295577777
1371361613
1653102052
-1688976547
-106928714
1432972857
-85337353
1688160438
1263934468
-789734948
1363324749
-468484912
1543015328
-1718733331
-266148196
-1021995691
-870949903
-1085935495
-1234916253
1875045225
1026027939
1575300084
1669172342
878965719
221992142
1463243920
-444776519
361858701
-503982762
1083684561
1655046443
-1675450038
1021383060
316975969
-590958810
-14691947
1244611381
727264288
-801162012
-195833360
-1484982686
63055487
1209808965
1122100813
-1345024223
1778786062
-2076284978
1036751809
1067073786
1867184722
-1169177355
-1278718089
340614365
1601109724
1855411867
24912102
1131813187
-1085840234
-489574439
-1707494586
2145728658
342361439
-1353967874
223316543
1725772229
1767703258
-1847813928
-1046000157
504545100
-2038925949
657558579
41509342
-1846740944
1860401410
-1315485282
-1522123796
1867208570
750987715
1559960436
1584016778
-140880427
2067228614
-153179622
-1917348624
1600485746
-1560120653
-1302370171
-489772739
18874411
1946530609
-257309442
547968500
768313322
-877574793
-848813527
-1538991705
1303796044
-2075584222
1228528706
985275377
-1157547904
62634569
-901849430
-1833898328
-801709963
1207179214
-2138534494
-349589933
-46298060
860936950
1107888213
22803930
-426954103
-1014946756
598083355
270555516
337336297
-1599094431
1940183547
-1874436860
555195023
1071853767
-1996928142
1637292351
-1314759449
1795819007
-480679054
-614972248
1381577264
-124746848
1704232621
-1339387035
1428877660
2094366298
-1765028334
2136580726
1772065338
-962470582
604992151
-1134370261
584988886
-1775809649
-1429522119
1474048983
-1921117409
-1723863268
-1046885568
1379544770
-120263478
-923649841
1623606983
1417756771
-448750218
-1730600509
439866235
1139547086
-1055476463
1648519649
-369410141
-414897045
-2101867911
1205447613
-111482529
1985478632
-436465562
-992978529
649426996
-658842768
-402516858
-790628386
-129488185
1887432732
1018481897
713369716
1210694888
1113645737
-1221666913
-140026929
805251538
-957441429
-1342893921
-1681245467
-1010577744
-1971680382
870703593
-819782006
143831395
1259204682
1930097135
-1396824059
1324806018
-2145999337
1634522161
1820577504
-64644702
498639138
-1948344282
-1180108801
-1427931434
556673981
-1313762718
1277225459
-134370183
-1550818098
278862836
1833546383
-547117526
671396218
1815741456
41996732
576625175
-521988576
-1944223763
1423392137
626070910
942975624
773547248
553194374
807337329
-232219300
-1709647606
651070289
672518105
1729198806
643507549
-358547855
556363964
761506490
-218329307
719853922
1994000322
-431400569
-61121835
-1819244048
794538484
-135315224
-858563200
-489767224
-169800761
-890174608
-1607155590
1235586123
-143272103
-2088562809
-1385112769
-1401828699
-521714950
1180908958
-1625274478
860438814
1745589229
1954061737
-2011982871
-1744014673
2006137198
698230734
-128829432
-437248040
-827749385
-358923174
1191292907
356290992
-1119109954
923295476
-655826712
-1823604163
1872804226
-2062747372
-1344131819
1807922693
-838530937
-1714950219
399562982
1366858469
1898569951
-1056315320
-405493990
767918112
701956842
-720037652
-993997096
1869757370
-2032986849
-2104172580
-1165381611
-223194873
24021259
-1590501848
-1615926728
-1126765442
-1234613095
-1386837592
769505535
-1290450734
-39072876
1995926061
-664683613
145084739
-1009777302
1933145592
-642217414
251827504
889174834
-32620177
134135132
-530521871
1299773936
1703736845
-231519223
-1578430493
22709527
761152666
-256351287
-973280317
1735255374
1689831068
-263774443
1207315775
834477943
-1338146036
838712821
-1470369334
-1893836820
1103858253
1267090666
-499434833
-1564482037
240967001
-909269491
1733020009
644062196
1148064829
-979249033
-1200362192
-1583331695
664106951
-300973597
-1857874473
1080863190
-821722500
1589515922
268582869
-1649967799
-805176113
-2095869074
1448512928
1870933188
168700048
668415602
-245128639
-1812176518
-1139953758
916248904
-517959388
1860343607
-688305679
-826748365
1584101168
1379025387
2002996898
286687023
-476770025
-134330520
1243063435
-313925803
1826546414
606523754
-723139100
550952580
721143039
-821314600
-1839543489
-600885443
-766776866
-1040112823
555528629
-1114501425
2072687033
379574217
-2064166815
117878707
1865801460
1533261787
1673441554
-1000470983
-916783115
1185298370
-97402821
-2034449565
1357980219
1831049468
675514414
384453136
565322421
-1222797810
-941593719
348047964
1925721937
-1491695993
-1733815568
-1697829050
1020874194
-1957937346
1835794940
1074512532
1078197222
-2016791843
818808690
-267867405
-1107477385
-295790941
1951988919
728082529
2075240001
2083950436
-199128957
405320399
-1680848988
-22959403
530831573
36003585
-1254132805
1102915846
-630290394
1369255353
166251692
2026625582
1132077537
-1082971885
-263512255
17274030
470809105
2100393010
-2146049097
822445904
102386780
-639258340
1841002454
412543951
551736879
2109956322
707028545
-1415324261
-639344582
-473325052
-746631409
-703178532
413592351
614199570
533611929
-1278761545
937784165
915656598
311146389
1841476561
-1363705678
1728804145
1104032099
-1571673583
-2123893703
1312812803
2113115046
1467559593
-565851536
-869576368
2119274007
602024789
-162348026
-1885479072
2129818517
-650178075
-1484838380
1005014437
-1941783681
-1328880391
-580836974
-758152669
855950406
-279672565
1229537804
-1699711220
-500847811
-1774771789
-763534444
830022570
174542259
-232489179
-1367484422
-411332735
-897530045
1676304381
-1362590918
1181119412
781713769
1386449726
-254769355
-471003481
-49534888
-833485160
-1525123420
1118178789
296884491
-2047873815
784876361
-1462455740
287382682
-1730631419
-50898074
-94531001
146769102
-1052469062
1970711154
-346382653
1931738615
-391291890
1299017994
1373130180
1012509180
2006013130
701966373
562040752
1138907314
1953569339
941613964
1100116653
-1942785679
-1572215497
822077320
651532352
-1373675035
1635530846
1821271516
-29171402
996582945
-1086437215
294557173
2089350086
-876036615
1135471112
712612959
-1339719689
1553900432
361628847
1811608955
-1037277633
697145135
-1594370543
-1849927825
-1962400660
-25537448
1141408392
1924743005
-1898337081
1423049754
-1911047404
-853434922
115084150
163545255
1401715547
2119587473
1687322146
-1523007965
1982931952
-1929279657
1858986457
-1673958210
-2009565993
1962396225
302029620
-1606604796
-482792376
1437525798
-81371972
1818019699
-193049165
2146019406
2029481865
-359160755
694572292
-587217302
812999212
1795877040
1634458151
1965301704
1515798990
-1201259549
739666126
293252802
1288290712
1779326962
2008715377
1844638583
2051142741
307467388
249327766
1827849405
569867350
120246986
897074514
1059634261
697914774
322320164
-1985431537
-476269984
-634479075
2094672735
-1537542002
-360186862
74383528
1994532538
-1019420113
400974245
-899373687
1125193451
1964093808
-1404305521
2126630348
1881589363
157158835
2057012982
-1538098021
-1683696582
-1675334845
-84176541
-1416310045
-1053618089
2054621592
-1507787850
269025590
1059869230
1295323610
-1427145639
-2072775693
2128223167
-1197696605
-1831802696
-211935837
1618386493
-1179415031
1781980656
-641072218
-1133382690
170248923
968999110
1941205262
636527345
-933830103
-188528422
-22383670
-1689862604
-531998711
-629011685
215975942
-1986775449
-1829939560
-1274628227
888182226
-572772068
-1736892865
1603468777
-299457279
1228568785
-665471433
-127054219
-657036461
746019392
1901633870
1286334677
749213910
845906676
-1196188950
-1638076656
1298466440
-1381321441
413376590
957378422
1084173121
-1643813718
36751900
-1146840624
-1251968305
1927188878
-346834406
394499033
-1320250526
1632924514
215851320
-444227347
-1768858326
2114964020
-36953647
1956745472
-913211330
-747181925
-1534946767
-1161778479
-1618094913
-750859508
1173775191
1672119646
-1386925763
-953823124
-948654085
-1605335910
-362529960
491317223
-847038511
151514460
779951786
-2109913089
297749263
180143259
1086934500
-349830425
-1497273811
-1860768296
1307816502
-845280238
-2076926485
1093549275
413920500
1875149574
2059193240
-385782111
1810468726
826431349
-147355248
1118780820
978349375
-67265907
-342411259
-1095760644
-930780064
1369444750
-246390270
1497474997
1129674782
526114205
-1303532883
605990434
478575058
749882584
-908145972
-239808671
-2075886576
2041456809
1398497929
-1315022401
-1080337397
-1505487521
-126180487
-2107298194
143633720
-861874438
-2115168550
701318261
141538096
1817612101
836109340
-1504712985
-216033830
-908637910
-845792350
1901077079
1353855945
-1111726783
2066893257
354686346
-1143851294
1866447785
45766184
597039470
1301630785
105154331
-1380306151
-868486069
1150138460
-2137297604
-1172545160
758221880
999058537
-1794230223
-78443350
-1884828465
784902653
-764078728
-263830815
-1685081052
-1303924747
-354390538
-424219235
-441140494
1420415897
-1476416693
565857909
1092160535
-735030019
1067351661
-924187625
-761708734
-886991446
1519876980
1428216716
-469464342
-219703938
-416014670
1851584960
-449732223
1553914320
-555774202
-1327240895
1835511273
-1333124393
798142833
-1907476409
-1728699610
-29256885
-2135596567
-1242901773
-179481771
465186380
714728813
-549669413
-1399520803
1538051971
1551165785
-43510586
-1747098397
1118962055
-1744460805
1400713651
-807777789
937055873
-1320752539
1676353568
-1226878404
1071720210
-860139644
-1723533176
-154175189
194108275
628334705
-534233044
-1440654469
-791272738
101732871
1371244822
-1287851877
-60441300
2062791604
-534213030
-393303118
511097534
283376532
-1830465377
821508047
22501025
-4620357
-338430243
1660830565
2076757741
-1918455598
813266791
-727576843
-863707283
980199908
2013744428
553956108
-2033335676
1671981434
-134955719
131289456
-612180914
-242087964
1235775617
793945494
1160934405
659062489
-2072287776
1891608662
-498917467
-1336289726
-2073395107
-1771423007
-1932147245
1340131922
-1889782353
-1361376014
-1632937478
1502494425
-2060181246
1605710403
1181202103
461771738
-1438220806
-1189668030
87898742
777793370
-195440649
-1505368828
-559740323
-403189638
545601947
631846009
-1586356376
-336560184
270420104
1338839265
-1998356012
-1722208047
1422997870
-159223425
-156477759
1210280186
204142660
1368289931
-870669294
1619885967
1368154324
14902636
-1461719401
581716764
-2030926979
1415458854
828708462
-732835845
1769468468
-1447710704
911545766
899138606
-2110826037
569447371
-775781084
-647103378
-1221072011
2073387119
371592138
-319154556
-1025399
-2062969338
-290317355
1201075414
37057158
246687549
559587974
1394073412
1642432855
759937112
-1212838396
-1847829196
263344599
-704620186
1187204480
-1417732885
-320941418
-1228820554
-587419750
-88376290
-1356888867
-1472609655
-1409957118
1825211848
1588518895
744185608
-1782866590
87128382
-519514991
1188972407
-2012402565
-972476800
1491336397
1005756843
1324184974
-446239791
1344766962
-1206363975
923789052
-1039892344
2131299038
-643930640
1300602928
-1395738328
-194114434
68760840
1058853820
1742635182
-1956608362
1063163802
760326082
-825081046
538897085
-913769517
1120024725
-306027119
1229691819
225106532
1275961759
1684334288
1732278967
670470076
639643780
799112740
1489979802
-827452295
-563272057
1176029864
-905976712
-1301198565
-21451732
557213743
-622225375
1278789882
-1558521057
-1383137964
1255479443
2008447097
-1072758188
-540502322
-1431774269
-374062468
-437221266
-1872960504
-1585849188
-1331906281
-109506460
1567238384
-1825109433
-1138717305
-873872286
1338046735
201713581
1353126757
1673784044
1554649049
122363705
728187672
-1366087095
-1446979003
1472335586
-2014711925
1871584798
-1728805472
984780904
-1232264417
-1544019112
294299550
461668829
1085003747
2138668623
-2061773902
585421414
-510886142
777076520
-1238126177
-978839742
-965997700
-74020742
-20747955
-808260341
1797420057
1962220595
-2010220576
-1880053444
255385753
-173321539
-1297661434
-1033560077
-1474759121
1447944284
2131883920
-1544650249
-1820330192
-1472721703
-1292264380
1649972987
1222093319
416629092
982272496
-1162684381
1002584940
-1269100362
-296681534
2037329608
-582643755
2136546678
-627404073
1256676216
-1361725396
-1527348515
-891251695
-1507636928
574979521
-1962237028
-1805631700
-392507092
916404609
-407272708
653575955
206680590
-2091423128
1142557767
439849840
-766197634
-2073182412
518974566
1693336449
646681378
1109952346
2011226571
1725270578
-951963857
-647905475
1764992656
-164284569
2130868527
1696344989
2044516576
-593821032
713911812
2055878733
-25786987
232712867
1128294444
-451441112
-1694680798
-210944292
674428230
-475950011
1273215667
-1056987799
438173652
-1843769239
956618130
-525356339
132469057
-560702787
-1969367860
-538777919
1604890662
-848439104
-33385196
-1103551926
449978056
-2126793858
-1486466842
1084484359
-286589467
-2022343422
639797999
-1235349557
-1185278033
368425224
865581739
148931179
-305604840
-429294345
1750703952
-1536525608
-1777455280
520461069
34823402
-1048561809
-1553860725
-1702441765
1823328199
1780805263
1132707591
-135950092
84181524
-1530280596
1034706253
729657313
-1860382777
-197861342
718389942
318020695
-73710400
-1539252467
-1892102864
2049516203
476295466
-2004460201
1489577282
1965693829
-2128547801
419841233
978544461
1222186451
-467108692
-2096821498
2017074451
-591844351
419950760
-290182259
1928481661
-608602010
-632761749
373846943
131635352
-221389567
-438741947
1576071912
2099531232
-1440738716
-347149714
-16013919
1519499969
63844847
-752755931
-114152482
1374796634
-1463079103
374287642
1519002148
962881411
-53938964
482383888
-479596738
1625370129
-329574297
-1397728322
-115598512
235855960
-671327928
1211703542
-2053602260
949121521
1116757938
916474121
-1750334748
1445163196
899575307
-689221784
-42183009
-48137944
-401016334
-1892212338
1675585712
-1101649231
-1722720144
844271901
-858112540
-146579286
-1342822035
1770734663
269297947
-1374309572
-1477603740
-1783707537
102241049
860849326
-926599078
-1774736625
-2057639011
1002512101
-863278837
45661404
1344509875
463906094
-881523866
253158183
-207883962
2047663675
-554227908
-1589372027
-1595954183
908728939
-432909261
87332274
-1748290762
-815220146
-1057470464
1139869618
2056377734
-1330308760
-980087851
-348676040
322621731
-1871126221
1796662551
776944459
-838199861
885655658
1431838035
-1127826137
-1764569130
1727267460
-1932995214
-1558923423
1618940042
-1897536642
-1859758036
-1851147187
1996040110
645430237
-1221550150
860488867
-1185381796
304853235
1699087055
-508998816
-167959781
-1859480224
81280200
1099826153
694290220
1163527643
237847841
-1133556106
874515748
908971570
1410443819
-1361883475
1914712250
1379703439
2101961467
-1628845939
1033187298
72038652
1961315493
809052045
-247337702
-452202712
142788266
2113033220
538125058
1666639979
516301486
1608645323
-110609102
-1519583225
289921902
339487520
-892310969
-1490654288
491505392
887713485
784218943
922946125
1596504059
2143993992
1023763462
1999264512
-421379383
819725469
1394307408
-1144692637
-1588750086
-1049434166
810387369
1442640917
-1156337460
995248233
-357924918
646663796
-380490871
-1087861292
-41814995
-864565589
2042605376
-695102972
-2024926238
1216351982
-112220233
1769851
-202944861
-601722620
-1617124705
307516772
1446915622
1752223493
-299910391
2011286519
-1144459086
1158442085
934201369
1679557410
-1063798539
1596375856
639779576
1547442533
-1495570669
-614209130
480188431
1454274813
-1931972862
-1472246870
1141888881
790933828
33570836
-1587823258
-1742997352
-727645609
-192867883
-1825298190
-727505581
-583237895
-1790629354
-1707975387
1236123647
-1408046922
-1906839479
-997867445
1831016692
248359499
-2143788529
1399581481
1101596482
-872836028
-1023034097
-2093387715
269998237
-1880539161
-1980993015
-242134199
1747504277
-1516225456
-1090079446
-484575982
1152683785
39938525
-851099743
637957989
-1690671651
255666123
2049578610
-1199055526
-1799354902
-492685279
1667787401
-741774372
1789215542
-21070388
2048517649
1719144040
335941732
1185609995
1332411142
1361888276
-84377234
1982899725
1789200136
73291986
731628944
-1532354089
2006343794
618589941
1690848391
90192235
-2084200277
216669428
578849531
1560135462
-371277893
-724524178
-666561992
1452900969
-90319583
-1013252242
-999952604
-1181047429
40145379
-573809425
-392788883
1453821358
1743046629
-1023169118
380130305
-1826899521
1276875390
852551662
-1515951165
-1435186558
595457096
-1309625801
1120037243
-771987010
485555767
-1283391902
-1774761459
1324301141
305452012
-236627559
-1127909395
-1866515288
729419
-516295605
932891858
1913796153
1205261642
899720822
866155177
-1174199407
-100911604
-1163693016
1663832012
-835209885
757441069
1385977410
138414707
-1681305104
-1811770529
231361407
-578965654
320026541
-1906592203
1287124404
-539944956
258844196
1689267006
-1055373480
1576774479
838349079
339559766
-1887304377
1689286280
-2079088150
2106808631
-1950670654
-1858529071
-1253176510
787444310
-2066666054
1892759072
1871311592
-1095040788
1447852365
-212753030
-1521240589
1729090898
1017087120
-1415328159
1743162150
-1842348911
80537487
-485955189
-560674922
1590055481
-1504059247
482875604
1851607440
-88220815
-1153166432
-107902348
682765753
-1983168689
-267043257
1410603892
-1038929291
849670250
-963124323
-2044318371
-832541300
-929309780
-61066110
-1900436685
-403687413
1343205484
862763048
132004257
-239242136
-1604905541
-2088339243
-1332433291
1924240104
-2040176387
-987711258
-1553437875
1516238917
-1107516997
1640789014
-1267822
2092870282
-1529604424
1865691392
-577423962
79849538
-787980223
-947329310
1362259800
-1283289647
1672217545
-1414464605
1457190304
1290497313
-1901849420
2103090710
-1216006264
1246493568
-345631117
157483136
-549587865
678820295
-605459504
840447831
-569889451
687209151
-1049630838
351518796
-45729318
-2040861759
-1293004252
-725092981
-447548440
819659676
-266929927
1346040129
-303223029
-1793180742
1402313364
1359848798
-7934242
-2133543035
-802339778
1129720731
917311680
1648475654
-1235356457
-1597992514
215178440
927607247
1413552361
-749099491
505164277
2061083
78197754
161187936
695353770
1334753331
377637665
-223608183
-1027731880
562915346
255190235
-1975980487
1969758588
-569150645
-1280396770
1868507691
317992140
-454219990
1489319086
-305339387
1569753772
489494298
782235312
471349839
-1673997850
1518909510
1344743292
-1169196349
1421963418
1919980417
827634103
-799506234
51217011
744436074
-1037623649
822671414
990860827
-756538165
26139304
-986085274
-129542672
-1346185407
1628614472
-441308314
-1468250121
-1297941470
-396261873
-1544669817
-1415374575
-1821717094
2094319865
77254941
-275011733
-94275561
-1656228857
865792646
248201275
1322932198
-1411437557
1015548011
-202062680
1415572766
-23073085
-195630011
-1220957687
1916774844
844902442
1698486051
-550614702
2139225615
44136713
493379241
-794873398
-131315882
1784863443
1742650971
1464627969
1046512807
1429064882
1695412507
1555763713
-993462767
1294419421
-1566023952
395058627
-436467195
-2012239572
-1335418104
-255060252
-1872282383
-2107550227
-40096257
-1264279912
-2045391059
344388088
1246611553
1007001822
-1785563878
140755200
707344749
-461738507
594634120
-1371955924
-2009950692
-441288946
2097310296
-1667406619
334756961
-661872062
-2105485470
-1864109583
-733036879
-1125160506
739347352
-1988170304
1563771845
430389852
-1891803029
-2090723578
-323182947
-953694964
1285073773
1677642889
-580836664
-626771949
-2060536265
1139601723
-951486238
1975358236
-1621995380
-1875542645
2097674078
-414872915
-1729961794
-224112137
-233684091
780644067
1814533712
432807653
1982037694
728877410
173581020
-658475597
2034074639
1578083974
-1375167177
-1976084724
-197002781
1314766302
907965138
-1677405571
1382300685
2109304281
-365786270
-336032953
1279353357
74235585
1898447555
-2024917386
243000720
-750853911
-49996519
392128050
-2020823747
-1982735838
966547768
307639892
458457006
841553523
-2000042683
-1165644228
-888331588
792449032
-1927382627
1007021025
771074815
-1288600982
487480821
1266641961
910278548
18210032
55745729
-1678637958
-2021534176
682944629
-1619695398
955867536
858696469
1495749706
-1583220390
1222254480
-1504806348
312614510
-115482678
985648989
-736707758
-1717826820
998186111
-750420694
-1654233250
-141648156
-1912302272
-1729655727
-936310367
1740607965
-1733504468
-1667826590
-1129111224
1406856090
-1912527654
-1651283075
-1530095841
2079670331
-1991664191
-1003329052
1818643359
-1022312442
-1052740646
714076875
-1131151062
-2085155242
-2052996477
-1114825102
510928532
-1562045485
207536550
-1723899531
-2099034651
-1583005726
1980357658
1665396066
19995484
847768927
-1971107767
-1601173876
-2057201481
-823075191
-985397486
76571422
-1369155407
472646717
-971019025
-101259406
1515275980
-1062534041
-298739366
2075612067
1784774480
1777349557
1261666412
-475482528
2118626195
-87886196
1272146631
-716523261
-1493475719
580173119
-2009395274
1804277985
4142398
1773997950
282766738
1901650403
1717682290
765877004
-1256012697
-1550303659
120944965
862747060
-229878058
-790433795
-902019324
-1442241923
1105843516
2108606063
-1329112861
1849276956
1056511763
1932830367
-1818994692
-1794296151
550569624
302512055
-2072169065
364907158
-741612882
1073187115
-1738532436
2071415516
439958274
-2133965303
-1145490011
-489978762
-1691284882
-65320555
1002471271
-249105134
982750114
1955473685
-361129837
-1543365882
202892289
820872936
-968595960
-1220226944
1426399432
-2005187875
694229932
1405183489
1800471157
-1107633215
331530348
-870158324
-2019548570
2059654713
-1112052096
1861958682
1749745343
127089874
1822282739
456532176
-1470834543
543984982
1616099170
1777011
208654392
1426827105
-2004777725
651984027
-2080644093
-2056351693
-1331484695
1748921894
-626739942
2065113030
-1460751483
-792081297
-484690276
-2129532126
356360559
810123456
1789831943
1607532528
1915070310
1498757892
1515099101
1270760781
1203399061
312701120
-1031964797
1062376929
-1455321833
-922233020
106996075
1354491695
230092477
-39662307
765411445
-655486419
1184301582
991520461
1989773202
-1952509673
759274639
99947197
1499378858
-697776513
1537716547
-356185998
834806207
1045930409
2132459637
529200895
172868690
-808537067
607977396
2023728826
1959968517
-1306588068
494763550
-86801870
-700520063
1203333695
981190881
-1738917280
73953945
46047228
308466686
-1823475173
-336658257
-584829724
1308830544
983162065
744748118
-1461183191
-1804554291
-741696396
400666937
-1188586756
-295148278
1372564145
1398018362
-1785029417
-704179452
867838311
-466459170
-264884969
-241057764
-2076543402
-645026841
902678221
-1508030621
1486634519
-413412030
666149844
-1087205608
2021411403
1444105507
-1562552282
-1495194770
-1789886697
339221102
1376210539
1361721745
-311575601
-1515305896
-1720780334
-1437966613
-1732341008
599481678
-1133588188
206067874
2031684948
-1428465643
-1915984106
-653002907
-1135547232
-13956303
-78760994
-1462246552
-1643699968
258803339
1508631560
-1530026836
705586710
1741922125
2058633353
1175677827
-515359953
-754625008
-1902050284
704077139
-2124633417
-142673095
-1706937940
1780771225
-1360882449
-204917344
1722794106
-1822889167
-1196068388
-80916623
1154068704
554670548
630242946
149908823
-1212424499
1141346273
-1176991406
-1747807274
-449043118
-1524602785
1442435552
957161208
38709109
164346177
-1656442920
521834539
1942311493
-73044500
483226930
-1874733463
-278074322
1574487543
2030124964
2020963481
388711822
-1190134735
-2106741416
1554328117
527916679
-972498457
1845668063
149881388
2144179734
-1345799578
1980792932
-510137336
726611556
-1123106114
-21775324
-1835908269
-1294077348
-1521790519
-847026147
1692068151
502868093
609217643
-1066547963
442225764
1974206192
1230711322
-1376086915
1384987446
2050534621
643327392
686388358
33340437
-367098631
-1822214625
-443154893
-143382497
350066019
-1659177899
-1879925856
686806020
917762224
1515376673
1216760098
456037170
-1447168956
-2089862586
2095625663
379830577
1168383971
1938400877
-671385888
-1774846641
378950279
-1249908368
-19512507
-440697729
-1073905549
-442189867
1413966136
-640739971
-1807075705
1209731224
489223173
-425235658
1792507606
-1002545108
-555862872
1112267111
473889397
186009540
1716822472
-1239873660
-168541035
435385550
2082357988
-163494438
1691022036
1597596863
1089149643
-770500361
476825295
-566267627
-1744157359
127047497
-2064456453
1684053913
-353190849
-1902609148
-1321589579
1426174693
744421259
-2055988663
1559219607
-1463206107
42327240
-1455718524
-758426100
1572718369
-911298081
818383893
1446442790
-289790598
168101631
-1592802510
165554606
686343731
-1871918126
-1904997621
-352427908
1375368307
-1721367568
1723906606
-1990683639
-2116697976
437440152
630953772
-1435012286
315114031
-714492515
-288444803
501697950
1544764178
1841919901
-774888800
473565810
-1874764399
1422049657
-1372300666
-1652375165
-1689535548
1597999872
866791984
-90584868
-2005916992
-763950355
267850134
-801944606
486237722
563639827
1952648650
-1193295963
-2006032472
-335151658
-2140964771
-592525192
-477321330
1805435357
-1017872127
799171779
-1823455112
-1323456251
-1057436305
1017737495
-491916252
1167480216
780151691
-1766467198
1791589411
-102192962
-700137019
502533156
1425183455
2088929587
-1182768703
-1452375806
-1866589985
1346298169
120709433
-557749479
-1290765751
-1048311856
-528179934
-282073418
221372584
-1220343515
327846669
78461188
1565342959
-1346469305
121339088
-1484655386
1078422974
-1003027424
-38634907
-1487005434
-940833309
1309028770
-1379117551
-970556626
-1941866718
1251020096
-2116493624
-925035306
-2085706439
621619615
-1472047921
-1058470659
1874339102
1419489677
-1692072797
2130467644
-876893046
-1376224463
-16045031
-1373437929
-1133218374
1093311108
1168084422
577195670
1518050164
-1333319937
-1855236448
1479422740
-207376057
-1506924394
31078885
-248126634
658447383
590667748
218752827
2000651230
1951723224
120577446
2107129624
-1273147775
1455443865
1124244845
1341516131
946081335
359835844
-2046716017
720974427
-23591887
416361123
-472973730
-725134921
-1785034191
-123051738
1932106396
2112389135
-1818294763
1707663843
1835563821
1522368122
-935132493
-537635235
181758990
-36473737
1372488172
-1904056696
-1799133050
-1778563056
1281285115
330123148
-1168278374
1474810940
-888160242
1509814985
-1543648827
1448124805
-2141509097
-210482917
27501288
610075882
1428316643
-67656098
253424511
1024051461
-362850454
-1606506188
1658218005
529122672
-241242007
-2012925179
648084985
-856946587
-1856365778
-900471737
-631039950
768112292
-447956302
-1525901057
-192804945
1497105817
-1522090004
-1843156602
136364226
-1620315203
937755747
757461904
-1292154929
458859324
-412829179
-1758990486
-1979852992
-800654633
-1633844169
372921730
-665587525
-2138738421
-530870739
-1002104788
129682839
1820861810
-2062273926
2012329378
1705370251
-1816941462
-142276630
626665037
377186984
1525444852
24536975
-1010701502
35270025
1099878621
-338182119
368247054
1782117576
-1970645214
-2114106773
1278261942
1866687667
386644112
69989226
1699662072
-1033950146
-1464371541
-350646505
144372183
243253308
87117008
-1982551841
-1607713706
-1642195511
298503069
-1360493263
454202499
-2104684533
-1493842288
-976803759
-1928451146
205165849
633173998
533493355
-31057638
-206012870
-2142011675
-976568085
199884396
-647506094
-2014569484
-515746549
1755493635
542384536
-1342746742
-1536499795
-160282865
-143422068
-1216692499
-481379734
-442255067
777805864
-1758821539
-341477910
1383032826
919533397
-602060936
-971229835
-679412114
645341600
232412896
-275796022
601376716
1396620589
-1723431910
-593172177
476996176
464966123
-757135175
-1419052343
1889342953
-474244344
939508667
1182890797
-740404417
1187722151
182745650
-1058776010
-1806295306
-187835696
2112552486
-1036561896
-738628300
-964033880
-896114759
-1233643595
-699879072
-202531103
372345996
-358603729
918365741
1257858675
-621674143
1999873470
1349784022
431094923
-2023656958
-1958423102
110332586
-1421462332
551521120
1666185755
-1701281845
-1344739692
1333474302
-1731876936
2054556210
1246757896
1400172175
-161605010
1483360757
1735518131
-441302306
598324746
1642943436
951389667
-159100691
620758185
-1100811567
1924508950
262271585
1294976582
1501577862
914874796
-514322916
426239379
1558340892
1028939997
771293739
-554015219
543414770
303621868
-205633565
-484991158
93468763
1833227420
-488786362
-1481549419
-260156764
1685958627
-37353814
60465084
1799161172
1298037725
-1165197412
670194215
168769205
1472207875
1221585409
2134116140
814467731
-498583908
1291007102
1814766754
-1131508157
-169915789
-1563137767
1035673267
1985700070
-1316623415
-1521821408
691460086
378870767
2064407693
1191289673
354426557
-1633943582
-1313934390
-1695418342
1389929386
249538909
1221396576
-2129477494
-866957944
-454241701
-233352458
755600104
1819133527
1757373367
1659763502
1929568764
-1031258712
-1570399505
1198900251
-527011221
-982459349
-829863893
-764474385
-151149985
-1408248698
-1908381571
-1303342344
-1758888089
-1398243993
-1663655832
-439140915
833562267
54657244
290806438
1127958212
1380977411
1713056993
-1582788827
159290022
190168632
1630681402
-828737965
-131130203
-565239988
1495438979
-1564431205
-569660018
1882657767
-282584443
-686192082
1837650490
1827352497
2100829642
-692014330
1170425162
-346362377
-2028577165
-1676795097
1148338194
-1086430840
-2058044344
-1662829785
1570727637
-391282976
-427154928
-1776447248
-808696781
-1679858552
-1426182110
-1486911291
-1182496802
-1377090116
-1932755909
-992281982
-271483756
-186983603
1130068626
2093639463
-962959031
-470253879
2049991721
-1643543914
67981730
1329681368
2045423206
-1392110181
-370226774
1552294888
197584866
-1068598227
-2107191105
-1270099956
-1515057537
1452491763
-859052083
-1708753631
-1678527809
-1052397815
290248382
-1302798798
-1358529453
-1588257021
1265423665
-2093792995
1704715250
-1154896847
-95614359
-1169931914
-448711060
-1541771996
-1510369145
-1842920022
1693005054
-763219343
1772070651
1943743079
1962862311
-1031947596
-420143048
-934428613
-1780780997
-930438441
913446567
2054094715
1757544950
-252799340
-309918499
-1578559898
-31312044
-750615240
-554017521
1355330953
-1089309602
1962270376
759897029
1295203940
1694046664
1616518313
-90353203
1107212365
-1435196934
-1475928997
9492850
1876537236
2030041964
476908550
-1548637459
1391420135
-2133740490
-76484328
1563722780
-657005832
1766443751
-1807938962
1101649777
1583482972
959133844
-63008046
-679725524
-1765055562
-1541699532
165586884
-1414616628
-200242156
-1749807317
1578915965
564310210
221802392
-2095736028
-1542840016
-755707288
-1726248358
1370007843
613504658
-1577451984
-851564659
700545497
-234732132
56044064
-1767173921
-2088724678
-635434097
1288692861
683626534
-1061314740
-624727496
1342164166
-1715607752
-850171838
1696603253
-1434572828
-1324572135
-2063478327
1919708919
-248904802
90793819
1250613152
1919099209
-716137134
343517890
-671762066
-585903344
793182177
-15997402
1664895951
-1644789357
1177226475
410860701
-1705785681
1518000509
-149985988
-365712424
650355931
2056544481
2048451717
-1069584435
-1592629035
-766460545
1498129486
1077705878
2021219047
1486199621
-701449685
163000984
13472890
-1124600040
140322093
1843769576
-660738905
896979411
-1300914533
230255081
1097505294
285183887
1557283298
-1486692807
-53174810
-1925019867
530595785
-1180982835
1223707734
-238909968
-1987112728
1906904922
-1127774718
-546157609
-822486182
-884191754
-238192921
937378698
1867841457
-168129281
281996907
-1726416118
2125660458
855808571
-838359889
-1871110033
-290243295
317929024
28705064
-1100478747
1885349318
2145897238
-1911802259
-596248585
-1364593647
-2070451942
1911998289
501339407
-1165622029
-2024002012
-551696076
-1389769411
227169741
1797749484
-1710786666
264973111
-1184902107
146381481
1519906028
941784992
1490908310
-289816326
-359459658
-995251315
2118731016
-1447722486
1283664593
-536506556
2019290657
-1143133970
-927507447
-302161594
-529115141
1237618768
-1389143054
2092036495
-280992233
-1681497774
1101136887
473128219
-1125974384
1428282540
-1494593613
-518523476
1988022419
2026476055
1680296575
-2047909430
111447566
1918609901
1706607179
-1183237877
2041220263
-1239243504
1747702705
200450196
-2079915537
-1618495733
-1122524345
-1056789537
1872056023
-531751304
754702388
906331581
2015366754
-1769922656
1676913669
2045945246
1592843164
1635026280
-521559103
-1793420016
63046346
433179754
623199802
129829253
-562195998
329931874
-707959898
1866487384
-1141343171
-1641450549
1737409133
-2032174318
-2020620918
1090955721
-1623177917
-634105368
-814159867
-1635505591
-564470151
1113039496
552987113
-539881370
-1733499760
1906908436
397465123
-882736370
118856719
1928167790
-1081504697
-1622116379
-628159850
-1500416330
-1654907961
800407656
1486448434
-926689520
-1191895455
-1478015659
2004663281
1023570858
1808582105
1482593354
-1425371975
-606038787
-1938255640
-945675348
-1831692459
-293684398
156162932
-2056589110
1851457744
-996187257
-726221312
576216129
-2078440442
1320997906
-1907232667
-295475039
-1173326473
-1992280506
-321543230
1660206928
-1013206946
20611029
541231024
760979374
507953409
-1039929195
846950074
-643687302
-848371637
103753862
-2009250293
-157463693
1663603863
-779544045
-1250798487
-388084926
-2108027954
1705991320
-1190792094
1561543574
291013299
1398448932
-1258471996
-1581923439
-836481667
-938255489
1525437009
97919586
-1291561563
-287131282
-2111356493
1974060594
-2063916799
-1695370699
-544687955
-679709372
983348754
-1858884516
1033367443
1929581911
2054025625
977725366
846892028
-468681394
-513072785
744022430
1857448373
-1768735470
-841156458
898054532
-678265096
-2033352777
494940298
2132924839
-1591390244
1546021853
1232432093
818898979
705864975
-251222440
62139906
345588782
216103363
-584590573
2048195688
308515742
2079216870
-1411813327
-2018247478
-1634065234
-863141483
2067449716
-676420411
623060992
120838866
-426921502
-1856745814
188024550
1286872691
1254750629
-284506219
-1732453924
-16123043
-1010489806
-878368066
953631577
1846234866
802152109
-16998898
1354085062
-1863629369
970755724
1736426485
-110734386
1275220890
-447139718
-463014278
1133850072
1376335490
-2061474947
-930570349
683751377
-1205569176
-159109542
-2119548234
-1010277330
1744906677
-1665723081
954207151
-145102543
1109046348
100558210
123074228
-334608022
-1219682885
-1788683246
1291511222
769187968
324405676
-1622996597
-1523108103
293533745
-2061875807
1602033925
-1772244762
452766102
-55784736
857464047
874436383
-1920987477
1164929963
-674413007
-1590428460
287803406
-747331660
-819549807
1509468244
1782061831
-1043520561
-1256360105
-33678361
-716362808
-1562156823
-1772009166
-2096228390
2085820405
1605488184
1991141980
1171204570
624063845
1170260659
-16892419
-863101563
1026160938
296446404
434972620
-1663737282
-2026812722
-1280127172
1610865404
-1514898880
1218398175
1759590023
135017301
874956533
-369984594
-1397804768
1735916704
2116699784
-1170026669
1346316358
1583500359
-1324607816
919582195
1952140784
-1474670275
1366937839
-980526779
900540669
1857076763
759436178
-573601199
-26922833
-1947258485
1085263002
-850560390
-922997926
380846313
-1191634589
-1905426241
1142899800
-1625487066
-1266430012
-293441731
57871679
1486580208
-463272865
-996131593
2062081621
1423855375
-1281220039
1801062361
-567981501
1884924946
-598775924
-1915768070
-1976723191
512364074
837868508
-1560238815
-125993422
2077616213
302650183
-307401846
1862630984
-353043010
518673185
1265255658
1940240265
-1367765405
1012919232
-1759455057
851444186
-357750280
-496575597
1918869131
1924635131
-223523573
-1128919175
1102690867
-1193030661
-1009636248
-932195249
1667387235
48124142
-835956034
409947595
-1067806170
-261270562
915141761
-1779038584
-264628397
-1445703169
1481580050
1142549856
571287898
-480884187
-1855840227
562385921
-1036180160
2087120762
330292803
-216022342
-1842142233
-1229991061
989193208
1414509974
1252357011
1776925410
-2033556563
-67987797
1636083113
-321285446
81822768
1764329907
-1601882952
1556330351
-2122735533
636411099
-1651571011
580879381
-239575860
-1739509029
455888802
-343909237
393525339
1668201030
-526018552
256419568
-1770096079
-1608776158
-1072632762
-1727109036
2049811088
-1882760261
-1871284304
-958367566
1173799342
-1008563788
-1416818661
236356126
112416991
1177197662
-1783269984
491077434
-1028871694
-339344564
1946372768
1217637614
242850010
1269234726
-1282471927
-1882905769
1252426640
-1993779523
658272726
2048363007
472396856
1405085280
164974556
1247025999
1846104450
-990432147
-368021822
811887425
-1210846893
-1671935958
-115790512
-1264278183
1211052451
1175427029
1923881453
1866937813
-129827928
-85362951
-1809750942
1923961379
1626494260
-1888053758
-1912199196
-1780804462
-2128681893
2051041043
108122448
-345694388
-1305573032
-1893827561
-1588255305
1151400580
-399101264
-1791282666
-606819043
935371243
196824983
2003254729
-1600617090
-48958105
-567311213
1883303279
-518528495
-751173370
1449166431
1722627041
1132903119
-559198160
-514834671
812503268
1785753654
-2039627748
75997566
-1316934978
1517446986
-1201699451
-1288122659
-1263686389
674619868
-879339108
1437299370
-580665136
83400462
-1589706176
1152940236
-2109820464
1458032661
1542498667
-272072199
2065569054
881462592
1838790639
1293597273
-1420393229
61830970
-1403836573
-1202719127
420595137
1428267147
-1581088937
1284520482
-740054904
1389321060
-561909298
-1000403367
1998208615
783919003
-158774547
1268074600
1034236277
833813747
336177135
-1371723762
-19310895
307393953
517548379
1131933587
-233648649
-1567580917
514528377
-1671275985
1149845845
765191890
1092884481
-1101032276
-1244718051
-607186414
1101113366
-863462326
-38942372
1888746728
-2105105038
-411555870
1855869003
-912151500
374260705
-2088140979
1816060389
-928216161
349004787
-165485306
169552825
478947807
-1374432276
-653625843
-1238989823
-1790315207
1942367231
-1722899442
-1062976782
-205472697
-1167771205
-197546558
36429141
564983547
-511234363
-900089451
-985951146
1586109411
-614463801
-182618487
2091241115
-1600551506
-1131030360
958359385
273837720
1681108206
879527677
-197641247
-1752253919
-1639138785
-32013378
1427299516
-121919680
-31345689
230136636
948112687
-221011384
496225695
158726738
-779499707
-1153556183
1946917393
-1735597093
33601082
1526241286
-1659492733
-98449053
1704489756
-427711740
-695582220
-472138976
225142703
896301413
304379045
-950246622
1914796945
-565183020
-395547686
-1385103415
1136586654
-2094661631
2124340705
-382463624
721095573
1315210096
-1551685037
61845383
-559840773
1533288334
667171481
-1524909954
-632574401
1917046021
-1445435727
-1697492609
-1460858594
1638642768
-1677958606
-876058366
-679432376
-1932144239
1619096973
1342124232
-388286909
1130135970
-1511028843
2101265161
-713028721
-943960983
629128000
-1816566033
-275404277
-1166573456
58500526
2067408967
1039659415
-140545100
241262699
1551414901
1076710649
-328172100
929102832
-1386758487
1777193476
1877671661
-510388625
-781044401
-1103511562
1025837340
346200784
-1112587573
-1443954654
632651109
-2003047434
349947750
1520667854
-682446022
-1290796986
532916867
981787230
-557056834
228602216
1949591829
1130028721
1025940563
1416021071
1727371092
1942926026
253493105
1392536951
-866432594
-1325610317
750801593
1643337069
-1931372293
-1117597795
1408615241
400777620
511686133
195635276
96600401
314295589
-1420541977
299473841
836818918
-1997398409
708039331
1183513048
-1505235434
2055709824
-1195507784
665054980
-688061125
-1867437925
1613506276
-2792169
1726040212
-1168707445
156295623
-1492183241
690586129
1462348991
-1468664103
691485614
1986283629
-887484713
-1305344098
798517266
1416395394
-455818138
1177447959
-1157164123
1471650776
-474162695
1869151611
1358060542
1666508414
-1459959208
-1710974425
984215528
-1393875427
-875119093
1484184786
106775689
676376649
-1208434913
-1542441724
-1426687802
-868610534
-2070813399
-2101395768
-1254782234
-466539781
-232931957
-322486368
-745094027
-724558655
-1852083211
-1406337351
702120042
-1554523905
-401440978
-333681569
-1431654517
443313048
-735128044
733793458
-1874280688
1078297236
1039986913
487610777
304924038
-935632073
1519262383
-1328050185
-266397194
1468374095
-2100177091
-1421894627
148617542
-1937634867
-1099341581
-844719745
1171070430
1043332503
-309951709
255302057
-458592882
-134962788
-1384688495
-473192845
-315612754
964355880
907318837
-40094861
720932230
-53307527
-33506754
-836324685
-1276385552
-887662191
-863905958
-999800669
555070780
-1558068915
1155599412
-1919706288
-1809331629
-481182794
73275198
-1865230122
1037117982
-1734153066
912139952
1372164371
-896433112
791728462
1734943951
530804381
991437697
-1134969626
1056506994
1925602037
-1261995803
-2045968027
1179832769
150911484
-1528519906
650238563
-1478915264
1383032997
-1483957850
-1353061156
-892926197
804680427
1761533327
2030792774
1261922403
-1454197499
-1234709337
1453085924
1110960488
-580527144
424882903
1861811036
1431436584
1957787821
949032395
147214727
353897944
-1260053468
1222555351
-935827320
-825664672
-1757500313
-1320298728
-2089560033
-495534564
31287969
-1451996710
-1622047937
-1251323424
1094409137
-1541455559
1942065629
-2077209283
-771225574
1457275146
763606026
952076546
1608173374
-949756933
-4718013
1411677189
-236844596
168861432
-869462264
1207545634
-1491576971
-95498544
444923306
-417010300
652145637
-979903464
-1114328471
-16730845
1147756273
1565962575
-1325568067
-1769100403
-228318196
-364888254
-399346444
-1463805208
-336286465
-293737551
824275452
-1648772298
-1076425768
-1984051661
953017474
-50312230
-1120276445
353806166
-862145989
1153810780
-1622656169
988585482
-787573632
-127988888
1867704467
-1696313538
461187360
-1907181796
-1786430583
-1447416885
-2124956559
758706563
1345874618
-1430478703
1905926312
574271067
429603043
-1695111969
1309222506
-1265240290
-441110089
-1895150824
1315277474
-1150704064
-1894482483
579942290
-377524844
-160755020
1777369563
349381057
-870209742
860647348
1803205924
1493222292
493718702
1489167553
-256206033
-1440490722
-659227824
1636278761
1021848761
-220519815
392805513
-2053147576
-1106969621
-1996267033
1335269191
1793629904
-156143665
-1143144391
1841799818
1604778828
959476480
-2108705421
-1047745226
-960321631
-1066249823
484721584
2065289003
-303185065
-199556465
1176918595
-734562414
908722519
50810842
-2103507169
1609862265
2137985526
1880593008
1505385080
-1465749598
616507697
-1774324453
-1326374743
-1815348072
117908794
-1506184531
1153029720
-1521101822
1862015283
-1052376200
-850249001
1862764603
956317752
-610423293
-492493619
1436712737
1446354083
925724411
816217365
-2119918292
1132775306
-174314392
783909861
-853406270
2126689420
1475422240
-548158414
-620577590
327708109
1426761087
1397840211
598037887
821824574
-974342569
-594187548
-1598891386
-134582239
989553445
1071383277
722152257
-1174045236
-827153786
1817223746
1935936101
491971244
-593374231
-1966131412
1975089609
-1248614772
1033351556
-1125426616
709328769
-875754217
-1756959349
-281807441
565356587
1042254747
-310710625
1625799254
1585830536
-1964976369
678911876
1202784184
-1585360818
2100973143
-694909417
1984309681
429901883
1288520901
1775605118
-2093674323
-378256019
-638390045
1683320737
1475340289
-1160515600
-1924791441
-751203880
-1314771304
-52106600
260057766
-1767773980
1001141714
-790351343
-560593467
-251107293
-249746776
-729687756
-895464244
-789528577
761400595
919877275
-1194774396
267255719
-1226688082
-69740681
140588739
1092185601
1856530841
997936032
2125403886
-1704852001
-1463726943
294854381
1430411968
1994064240
1608982941
-50097211
-1798781111
128133368
-22810342
-1959595274
937611832
476436675
-1098232262
1789953221
376678236
-955125161
767476184
-1171683515
-2035449241
-1083036440
839533552
-1870219796
769876213
1175812368
1901094718
362952290
607473868
1101884351
-674620636
-374407524
1404886629
166978671
-1626331184
963119145
-1573689429
-695704932
-1139881826
2007950539
-1016834303
-632766861
-1750202182
-542734263
-1755739510
1806710985
-191838711
1171282819
1095789475
604182094
-1912177079
1484713159
141195956
-121882110
1600801398
-783101598
-386641112
269841126
1374399599
-1481929608
558525369
2044358903
-547089703
-2009100520
403904240
1145148759
-978962621
2108401034
-1627813908
1216680397
1289927307
838559211
-1248993439
-408286353
-1483758721
-1221495813
-1213561629
478852253
955687878
-1645236683
33509476
1343459889
-479705343
-355690464
40323067
1056137204
240152620
1709479397
-659163674
-1342158765
-1320498870
-771044064
-604661038
1603035986
303827265
-353976582
-941637543
957264063
-497077246
143191927
183365579
220529067
1157904620
-187552244
-1359441616
1766229270
-575696014
-1330752652
-248105331
130411497
719376890
-2049144637
-1563568282
-1522706392
-104847608
185363387
1834139780
-2089972889
231827611
-2068274083
-1364640776
-734197635
298656215
-224608317
-1438698145
-115663753
1741069027
-651336660
-1435214234
1859519183
1875901204
2102866520
-2134796400
1395824862
-1145312950
2017060886
-974675658
1401377934
1722699418
-1243965414
-1184278321
428044883
1310990125
-1507783916
-1726609807
-1067020709
1110723943
-2145280515
1923907224
-1065607933
-632665269
1710633395
-2098717659
66156173
-2068005347
1081999304
718591656
