1691910118
1764636228
1357829484
1740688576
-502326841
1708828804
-803789758
1514260679
-387993970
1048426941
-1713522986
-766891018
1646566729
46981343
432508150
1830593063
1268926003
1498587917
1773662437
-345729560
1355433818
305839468
-1478312285
538288239
191061890
1725339710
1879399280
1639810250
-1760421047
1804425006
-222748269
-702666150
-1814253429
-1857283347
-1181072297
-1823978879
1887874055
-138393603
690647126
1069991322
1950831938
1005512395
1644604409
-805973207
975695019
744059139
645676094
-392134317
1166354431
-1106141153
-939486788
-1313720432
-922644242
-98365119
97288676
-697225058
1307355647
-1445801405
-484749176
-1634590792
1811742128
-408802293
1150438817
1942254855
1585019872
-1677509085
291375948
2103047513
-825177743
1417887624
1641967637
-425486064
1533240873
-334006079
864758136
-1077352868
238013656
-1871230157
743326372
-2088879444
1616769472
-734078541
925557634
693221217
1872347952
-2059721123
2095217652
1133364676
1996656753
-755385949
1034608481
606823994
1500478182
818095784
-248769423
87932598
1680299374
415826126
1747246357
165911662
1512871437
298129037
1400978121
-463282991
656686538
-841939578
-274828515
2145186231
1206442714
-166036521
-1003726735
659223770
1682508029
-594953552
-1714169089
-345833852
-1014819801
1337273894
1657218589
351253385
436576611
-1210700217
-891302461
205405816
-1256750604
1377844590
724815947
-2016008179
-1366879043
1142773719
1817342072
-933143
-1448879646
-1614337931
-169464902
946151044
-1714742098
-1539426558
-1568059218
1259124066
1408948150
998073176
258931179
-2000926076
-1368639681
746144255
-782601989
154774049
-714514980
-939512314
-1485095513
324419989
1235767131
648619030
-1050385033
267764377
-592501279
-596854077
1807327096
1560233397
-2124155564
1684327461
-812285889
-1558601742
472711416
1508156583
-11017682
-773136430
-1121179812
-723203298
-256111115
1436427652
308979831
1004189213
-1542822053
-1527625133
91793933
1975911047
-80633282
-733541536
-1571414441
1371668324
1439679448
1061530512
-1162809118
-16538888
418608195
-1558363961
-2099339850
-1374077679
-824024002
-1374019499
1404409531
-1681753440
2092550961
1239621296
533535576
1544326795
1703559534
-484534685
972056157
-624454719
1960868537
116156998
536630818
438795406
2042668298
-1413384465
-684920080
-1028381904
-1087213680
-486267032
1733457823
1842433961
886570489
-91152094
1874575487
-1621047594
-1863693328
-330679512
354305147
1619900096
-1315322649
2101425303
1906441339
-1359866831
511317014
1899159117
-1313219318
-1657029238
1066168514
-2128696353
2010629689
1317041875
-1897141566
1343348688
2023034306
1892487956
1481866046
-688077056
1591150447
-1486004510
787340730
-757352606
1846095804
1731174460
173765970
-1092303374
1845288123
666877847
1742389830
436627429
-1164404425
-631017930
272903097
-485330143
-947941860
1092738495
2001871285
-860605969
-1753506283
-822682357
-2001020046
285703662
117118839
56258109
607204824
-1617815990
-224583587
-429708779
1186362945
-1363172050
886456595
677053574
-1241582206
1192503414
-764890953
84100741
-28838101
-514870871
-83736547
289263907
1142763790
-1795575514
1812741875
-2036400675
644925182
-109494116
1440159525
80523315
173063896
-733798209
-787522942
-2117833610
1152463047
33381944
-770830689
-1184135194
-797788222
-234630692
325190395
-1486240260
2067850841
985133088
-954376861
-713033981
-1688419407
-1531339828
-1052440424
-1047434260
-1625058099
-489820177
-478811858
-1699720349
-849185266
-1894501102
-1532101450
-1326820323
-812939012
-210209360
-832190689
1637087347
-1796621754
1314285029
-1006063015
245808948
-2076417017
1412862564
-1717484486
-458299978
133451850
2142964398
-1132966235
1157840686
1289740240
-1603274112
984907241
-1697469119
-1817421552
193455756
-1342576282
104336858
125739902
-841842580
1256163957
-1975602626
2001072912
1874347475
738901385
-2033274020
680470525
-504078587
-635489903
253343593
-641210681
1466527880
-1615599199
-980026196
-884167556
1829065755
946091216
153009558
-1433574601
-2022511385
840810595
2024686101
-1521992979
-1365734668
909846570
-979946967
-460141979
198480350
218933546
-328729162
-1536836472
550590151
-2073634180
-1006867044
-52458022
-1662752369
2028572788
1039053316
-222880184
-1518551742
-2010165756
618299900
1017060131
1717986258
2050484322
-520478650
1474790764
-1209937659
812073192
734943597
-2017798062
-1242048336
-90490564
1291833112
1948816376
-715989979
359286192
-1095162718
-1727582086
-1720132887
-372358677
60743913
483638577
-976659798
1955949512
897784165
223719478
559766127
757966974
-549438851
926001701
-1927887599
1711044608
520585493
-1359072733
-837806359
-1497875803
-1104873109
-904286687
-1804326198
22916363
-654043357
1404115809
-1429118415
380026425
727530143
-1554298056
192584891
93725699
-98191468
1185196054
-1145326890
486363570
-1671352103
-635189565
-1764857925
-65489693
-1769185918
-1452324885
-1344797029
716725423
927370029
-1412313636
570892056
-1071026420
1482715547
1847659149
996938998
-998829966
-624153726
-1394005535
295597842
-941645375
1062430880
-1922163667
434917778
314931297
1320561939
202933495
552595293
-1959758678
-1692028441
-470003199
2050735821
1583880838
406076145
-1316798843
-275559005
-343666603
2123101658
-1306147135
-2094821317
-1052039152
1800156798
1489063861
-1600395264
-1936238928
2030937206
297961258
-1322476255
116866512
394472947
1615282166
-175718524
-1515443311
-541666355
-708096386
172270330
1907209405
457089755
-316135044
-35558732
-263566034
1303867012
803689218
-2032576522
-611417488
-1097326442
778292671
-873213942
1227941
1330229846
674701951
-1689039498
1969858985
-1281547561
-13452808
-1644777360
2103948918
1517944463
1810796226
-2145738094
924728008
-1087026138
-469599321
-1834942007
1928018691
1386869393
932162077
-1315993965
-274144172
-618075041
1645470991
1326848361
471213847
-722936749
702075875
614501241
-985394312
-1761487054
-34774600
-209803625
1768545372
1954248412
-1665674001
-672610187
-532962175
-1161786719
-1055696147
1524006162
-1124173341
-533923635
-1177285602
-1132475280
-313121951
-744512124
62434364
-373739639
946840736
-1572637995
-528373040
1826971779
519412783
1616883208
1532569593
523729442
1399447532
-835617222
456130923
-877454723
1448213413
-942331860
-76534854
-1308656396
1482323458
2019507031
1386535896
1862123361
678363041
565378114
-1984084772
1130481292
-754716542
1168416792
-1516835324
-1332709916
-2068858972
516631924
1674110205
-1728237972
-218554128
-1185999233
-881242015
1449904371
-584477354
188735549
-1751439744
-585400440
1648408885
701262627
-1316352926
171080235
-753332992
-94457620
1574347020
-1660357945
379810845
1834290092
-1854555902
1097737311
-1810250224
-1457497563
-1213641203
468744584
845598168
1630508376
-1725814978
-875188713
1191467929
-1987663009
-280658638
403101722
527846522
1734849401
-613278058
-134247413
563326160
-1236086938
500488429
1326354498
-1371711364
-669889035
-1441519216
573166507
36945296
1137566426
-2045281546
-427910215
666084664
746129349
-1464962507
-1946018406
-1281612073
2141051567
-2027876152
1523971756
-262264464
1539771766
-503730542
-1885915090
1377310535
920697516
652611619
-1058670022
-1874417721
2047947691
-409133767
-1696683533
-1533156442
117971948
-1198851192
-216168710
-1305753786
735274392
-1914859075
-461896667
-1642584226
321848159
-290998592
-1138819214
-227820583
-381852791
611422521
1972897081
-1518177026
887359562
-1108284586
791351969
611024592
1575539033
638353098
-129660076
-1245997385
-459158845
-788955880
640308854
192714591
1792185595
947050512
-1269672238
-533766433
-1552958922
-235008358
1281339990
1652781854
1907459317
-14057038
1220123841
1069156465
-1536873501
-1142123086
873306522
1944080009
-1710987552
-1290656809
-95524509
-211343476
-771178147
404357117
-1265101298
1901899136
-1317978646
-1450797395
-471608656
1257122288
281419532
-1973950631
904766068
840917961
575662419
-171614491
-279381295
-384931964
-856427860
291264105
-1656695553
-85381751
1014633203
398539317
1110631078
1110229714
2015644108
1840094485
1180490200
2065422287
-1246073421
1000717269
-1280439231
-2016093815
-1766246320
-175885049
-736182883
927856905
-663403505
-442304253
-177083031
-1006648070
1677184752
-1202407890
-1445099555
812464525
1348753051
97666431
1397764632
-1589482852
-535600713
-1728849089
-1899289187
-1263457262
-427816325
1480982543
1371131646
524639369
1357586052
830903855
1402479574
-304040396
-965744663
-1516867844
-36445189
1026050558
-613158004
-927976262
1373911540
-290715405
421292210
-260199277
1968598696
1974665183
-519518762
1538299104
1145414744
-1222825676
-650373447
-581655642
127847631
-1015678672
958068669
-983275166
1156665047
-429848513
-940180877
-1467802615
1419775727
-985890915
889012082
1448709705
-1202860230
-1771361217
1358125418
-785066219
-107275591
-2056102925
-1732063880
-966169248
-2013581380
741730501
-25508677
904248359
-1362584171
1499403941
1500300070
1149989557
1511623055
-1113512122
-680626281
-1063840478
878628638
1197000776
-35653336
-1915645668
1608019799
204586904
-1572338235
-390079767
278725538
1699772951
-178448897
1623250604
-308729939
-97296263
-1855235554
1095373286
-339276125
-1420159377
326431868
1450709311
1311618973
-838924280
1315636496
19871366
1245345112
-938350252
-1498195383
659981046
704560424
-1922560950
-1290282211
-175785541
-2146995923
-1627279125
1283063392
-1525373261
1780619715
965850022
-1066015911
-1810789000
-55066050
996621822
-1178214511
1082197150
-1230213929
-1179689623
-1930390034
-173424327
2033013216
738108539
769190657
-984410463
-1899536833
-781108668
-194483557
1476734584
616736025
1857158133
687993510
314981612
-2141800244
-1776315191
-839665871
1723872569
-1441325277
1297133602
1325200332
-68238735
875975876
1940302321
1282203157
-206731137
-953084947
-827301541
296070547
653980009
-614804897
-116059751
-131609406
-154924332
1071622809
-1445374689
-571046034
-1227737139
140452937
1380890367
1634257476
-1506035003
612798463
-81758576
177063845
-960209955
675867171
-1963564726
1148622269
933998436
-1027770071
1431365364
-1271719468
1144701085
-1668441342
1959775232
1499583715
1664820421
409826773
726081077
169305450
2124266067
-274563089
1377587086
1927008896
305633409
1297486583
-123757726
1221129259
-639634677
-1130267035
850663876
-524907279
-1163790794
-1977332428
39527724
-938088273
1818353427
-1446202667
1222506070
1139283112
-914041852
2139444071
43686505
223806688
-182500993
1157290789
1495770972
590035626
640007953
316610847
-1798024555
-925056896
-2091335514
-1472818899
-826225198
-1734897902
1214486535
-241649377
-1037758900
41463713
1563134627
-1944431303
-333815271
1640673164
-1798045807
1058842590
-1617004591
2120038698
784927189
-726439798
97303668
1971119579
-1317940511
754890245
-1967836277
-1865573031
1346414943
-1258981419
-1274663540
43718227
1307490349
267379443
842039426
743984188
-66213464
1007228354
1828988653
1715469919
1794751277
1869217596
1144875238
-208303050
-1529150243
2130642286
156824455
925287164
-2079524449
-1589829850
1283949193
2091151489
892298090
-1733143319
1224736813
-26161348
529817540
-1117201110
125386592
-1042276442
-403496827
1759725497
-1904036839
-1764162875
830436576
434859129
839241221
-259560954
-1795006813
1389695318
-1414538906
1957572688
1821390781
158366581
-1482782152
1666232405
-1052955647
989355948
-911764075
1244589098
385420072
1258939955
1916140889
-1675355623
2110240540
-1435716196
742257161
-1793021258
924562035
1952200960
1249013488
2104892463
644649785
1315083642
-822741877
-1547948312
-176464398
-1561787687
-395180762
-654553273
1532169438
11041680
-1609087034
-2008463157
-516700290
-329189391
1875014985
-1497983389
645631575
636266650
1822454732
1141105661
1552375541
1495786543
862864460
-595159716
431232050
1971174473
1712825999
723805742
-682195273
-1351324243
155293508
-338725027
1442230723
764682176
-1988359063
623205797
-1517166549
-122312902
1705546732
1607992678
-647748191
1315848218
349812885
-174030918
804890680
1982362329
-2083958494
-186053430
625770023
-1245079326
-1488839245
727512925
-172219444
-1396263872
-272935064
-983427663
1240976884
-612200808
-1658120632
-1402403954
1438981209
1274696538
-486624924
-683775593
-1440681877
2137332019
-1183417029
391701986
1590717523
-172093755
93621344
1774479819
1414815284
-814203238
832853593
1527062789
-175006797
1511398997
1348167882
-531024399
-1532685895
1833852202
-1041135917
-144570574
2021821559
-1425365617
-7284043
213033601
-43418710
1076119091
-2073748037
1397397693
-1456785633
697169455
-1097147817
-404652219
-906852487
819538043
-468833142
1951969930
183793458
1861788322
2021303433
2129538527
-1435586593
-1006024007
737423261
790924435
400025527
570777741
-2104808630
-184448960
-1670700203
97883675
-545519949
-1752856475
-1551970371
-109659324
695014972
39065394
799340700
1646391489
1078164849
296636323
-2052972845
1238406739
37901094
1146984656
1528591158
-749443009
599090142
-432127358
750614928
-556826631
-996460944
150918921
1385977834
1222585375
-2133313817
-1532873140
174544396
-1937255512
-608752726
-73413088
-785952444
1176459357
-317105956
-262241315
-488626075
-1219056505
1341847045
1081877294
-1459788782
-2124771351
-1793664527
-1893964247
-374694084
219064304
599687384
395831967
237728744
-1176148184
480891070
-1365989196
1027534901
-854951950
-1059831780
370589361
-53028963
331128436
934494912
1655809560
-1003801478
1208960464
-1637080847
1643062776
1354169804
102444183
-1150444330
1300403843
-1506618055
-1272388481
-650900969
557074909
-1620106924
1373051220
1581562820
1004154422
-1673590751
199873324
299363446
2070936858
-1413870119
-2087770146
1517716659
1118997511
439507945
1941508020
-2008849514
549917247
1402598464
1022579039
-1375859281
-1833928736
-437168950
-1961379541
340190759
1205994033
805195575
-541978765
-1064610264
-933236419
120723712
587760214
1317176955
2027152038
-1198401622
1003779754
-829845646
-117174862
468004172
235074608
-155696377
1215933609
-1566406321
-1835851511
-1770654395
487860067
88686965
555516009
1726473958
1561056028
1582675740
-1779570551
1812543037
-1027581046
-1845752638
156328930
-1395230122
-1310971599
161099723
210792855
49638490
605509877
1100626562
1259821362
-1243397320
360323313
-326471075
1758299539
-113597054
-710443386
2126538372
-1650189532
-749972076
1253517749
-1758399852
-256164527
1733557242
1135954353
-1266734689
-695093449
-1086016493
172349103
81816951
213515163
-2101395727
492901633
1955870251
-976572387
897450115
1609348450
-1114485294
-252692564
-1381946634
-1638521197
2080015494
-1259868100
604486743
-2088244186
-906157901
495261622
612905596
1625099929
-1012691055
-1200976848
1940265252
1532164261
1934957038
547609437
-644884899
57365976
-211050191
-1535421113
1761761574
1244972641
870885530
-1668147653
-228159916
1980398634
2107322062
1109015555
-1437155399
-905439956
-234153070
-748504486
-856145535
892356349
1636255190
1424458396
125309407
-1759891539
-1694542347
-519048515
1690259177
283271123
337840187
485539707
1012836033
-547753502
2010420135
1543884247
1895704052
1614758592
1435777265
1126936512
143722534
-51306599
577191374
1265088529
-1704759571
-1429832465
-887302031
-1970742850
538059517
-1052636427
-721957035
1100662345
-1260731514
-503694563
216781113
851967866
-1397422119
981699311
-351680148
-253833138
9172817
1060382748
2007413834
-1250402001
1358445424
729104851
-830687226
-1090495643
323678280
-1161323694
2042529193
1758384076
-540371172
568734655
940656217
-1267903289
838471494
-624224457
1155635422
-1623486604
1188804954
906472743
-1630772382
-1573479392
-1885263733
1227036635
-1004765832
233441789
2069497421
29784404
-303401377
-2117575150
507186235
967323997
2004614022
-1617669774
-1824507845
1285843168
492086098
-530366800
1534828256
713195125
1581391903
1549038225
-1751875569
1036789819
348790661
-1616882685
-904887836
-233546005
1761630684
-1168271538
104543702
-1554422231
1445959169
1938419849
-1776399336
1594787357
86549849
2126969166
1816074562
51333698
1203149845
1309883825
972837424
-393782915
870828471
1355981933
-72277462
-1242088591
-1697696299
1459136096
-697237691
221224721
1180345629
1163528505
-2105417464
1168242294
957704856
642978159
1475394897
167672818
-915371726
-213229708
-1309249671
-1627065244
1420618106
-1217926102
1889627574
-2115058995
1678550949
358275221
949678273
1949180195
-1245921832
-260045614
-450596424
-1985506715
1782091430
1483121224
-892034492
1397219823
587011030
-1412483812
-1469496578
1261061135
-1334200982
-1189824278
-663389170
-1901630505
-813101860
-457777999
-922051563
517974580
-1164175190
-1095267827
1475567948
249522751
208053269
200092588
1090007277
-2002870574
-1182537948
-191994118
-1037770543
-1928268450
410428143
-1940701921
1315895130
8774140
-338149863
1037223722
329614738
-2131437375
-843143779
964952462
461504404
-792508330
-577178163
70998732
1799599914
1129785798
390016920
-1201276559
532012215
-1700644455
-1292796405
-874582717
-1491457449
-2097205726
-1899507686
-246825033
-714039996
1182498581
584764063
1788942245
876011899
792564316
1585141409
1113547838
322982814
996172330
106844121
-57490627
519159068
1754984527
-2047469710
2022479452
-1757794674
-1130685746
1770786576
-1309639671
1414831204
-580868692
-280477676
-1947361447
418652608
878611978
-613043427
-1096248516
-281604703
888535670
1412840401
-1131729678
-2066014652
71261309
1388362972
110301629
1575980742
-766797948
-797890504
-217125928
-639116530
760234199
1554104239
-1664779609
666656233
1120881922
565795229
947974703
-2131481227
-1023689121
1951575546
-810787385
457562563
614607088
52227992
-1353188849
-617418312
-1527439506
1364604328
1188346401
-1176735181
738909601
-993756798
-1218024441
864846708
1843053554
-1290130268
-1433456532
-984340293
895383614
1040165627
-848414315
887211567
-580665364
-1328870047
1758922129
-257974015
-36083903
2072256615
1181058991
-2055750191
1177733618
-596999341
1848046896
-712195760
857919738
403714924
1035348285
772650789
-1331136082
-1736767628
338023450
2084889364
108280334
31711093
-318641764
23068765
1968100956
-674067264
458556120
-210594974
1436515314
-1950239182
724936476
1327051147
179844432
526793913
1076539427
-1305549971
-915600524
208266262
-705149
-881588951
-1544853394
169952227
-549328022
-1088927470
-32731341
-71220008
262815881
-1156595566
95894704
-1088901559
663390031
-499839155
-409876958
1897302002
599754330
549006470
-1433974620
-1028762633
-1935487958
2038650562
699907593
574055717
970162711
-517333590
-443282709
1265948029
-2033911164
-497506763
124017156
-2025332493
1407938133
-1895723770
931682492
-874076045
821206429
-873264366
-475649790
-1819434716
-1158592612
-680116091
1878400094
-1304284177
21474792
836618726
187075655
-2019471038
-2079942935
1451623288
-2009832527
2015165712
-1432386678
789290723
-1572196886
-1112008932
-260699092
-274501868
1568718502
-75504777
838179038
1422429792
561629016
-185133241
-1353848629
-1507573009
-1854018110
-1013027383
1697389811
-1293597353
-1102235697
-1929180776
518863389
1458720135
-513154912
1132144174
740447756
1220413926
2106780388
1463672235
1812849648
-1556028229
900007020
1695221461
-1606101985
687815631
1869451006
526675807
-753566972
-766972336
-2073763224
-1482033554
1912697687
877225207
-1006494760
-780252328
1471606670
1850570861
1672220266
-453880658
-423022957
-250160662
-59758333
793871228
-30472266
-412425697
-807312036
1598658255
-1517698588
-1316689323
2030998625
1540133750
-257578471
-1796041770
1033935803
364114957
-1698095853
-371023477
187070635
521688375
41809991
72697830
-2036458471
2025923114
2026677784
1428625154
-39422996
-1438382737
-1298187962
-1562516729
-1564985956
-2069618198
-1149875292
1186025171
1032338948
-843229160
620794893
1975442646
1737464444
-188212328
-1564383336
1391700541
-404582617
168205548
-1962829302
-1036765102
-1170133367
-1116451968
1242132876
1257039906
-1998498213
-1638075414
425304477
1035734111
-1206180446
944832114
-578518711
1620096392
-1004650499
-1119841835
-106434405
-1666737082
1550283327
2027920966
-224681649
746704409
-200045507
1527846069
-1662077237
461832243
312837096
238538322
856355152
935308451
-1952238179
-1624250284
1937954924
-298754634
1976391099
261855222
-571238221
-1641428071
-1444124810
-598033727
1446676654
1433120835
913689834
-1313560816
491358482
1492809105
1575568498
422576337
-605768652
2054169010
-1023908037
-896756088
-783871812
-1030019644
-1936786157
-1643148647
1834171288
366473919
-705939066
-1701688122
1053834548
-277579630
1231697451
-1312217099
696384999
1437201291
-2137899461
-381786058
15732144
-1986286597
-1225670814
-1429512955
-1834699999
1821346841
-1609763879
69778379
-1193708134
-142626778
822712756
-1094441302
-1943693638
-1301130030
-310555784
2007030650
991309587
-1208498210
-1720693264
-2031759603
1759437340
1157906177
39774016
1746647226
1674403179
139835664
454071098
54645273
-1474750685
-1527493288
-1145198352
1275612939
1330380714
459115854
-1636743799
65786364
-2028463457
-489563030
1612615768
1709006955
1866019595
1648681551
1992141866
1121360810
-1136582955
-1931445458
-852104738
-965590558
-668973701
-1424242068
-2078273477
631061338
-2010948097
-1252109437
-1144730371
-806045704
775591966
574700837
627614513
313139463
-940727097
385819302
-650646846
705553210
-878489141
-1765468262
-667241134
-2123475728
-602231600
-1818377795
266447950
-670548807
358539659
-1143362285
1413102652
1905966104
90064685
124141136
-672554666
-1442274678
2011189534
-2085165191
1123264860
-1047696186
1360877288
-1325759798
-733266266
-1834191801
787900277
445708250
1937248376
-261811449
1308269437
1028886268
1350429849
-2103525492
-800416967
2055509737
-1914200538
879519015
-2008921252
-597606245
1822451107
1274444923
-1965304509
194696571
-664510894
1926211644
1027505770
-1582650435
-415144760
-1217406408
824116002
1162247435
-1809362244
-1848752997
-876713856
-630127776
2099225634
1708301166
1856993688
-788725706
-692987528
-757437856
660235243
-250146332
-931452066
1343718089
-38197475
1070398272
-2007669908
1582876139
-79770646
-338738805
1657925183
-1189163142
1267111515
-15448946
1586199253
-286112674
948414260
-1831717632
-853427430
738838966
-1092829008
-625504982
1037572546
-1767249888
-2089344401
-794824755
1275689305
-1299620041
-1106333521
92115267
1815105687
-332878500
1376836282
-317878557
1986246649
-961294407
-1510804321
1383061673
1646214284
-1963884925
-1780221916
-635334378
-1372287989
-1540134530
505733370
73598805
-702329300
-1251002170
2047744050
-402608225
486850358
-2065672757
-1707367697
1527299551
-755114025
336511133
364972125
-613595496
369380915
85423465
1658921697
-819131898
1190075456
14100034
-220901230
-1868870269
-242337968
1684032805
888321767
-1040095444
2132292847
-1959667145
-281834064
173727684
-1897424658
-1758199216
1612031306
1033326295
1870522559
1674899900
1327406093
198923554
-1437327357
653748031
1365866249
1189894450
2103794273
755071833
-844590606
562621002
517588633
-1384507444
-1572726184
740945289
-1090177320
1065870171
400329242
1271331148
-62004659
1368171987
370398492
737837777
1220881403
-784046002
1718042167
1418248732
327516881
176149942
1845167985
-854167523
763735799
-1912234104
-657952403
923452178
1002643562
-1734415654
-1685471708
1063931178
1286214346
537856414
-866702635
-416374421
498834034
284623912
-1480256198
712565460
-438374711
-643189011
-1465729028
876323269
-1043561001
-1828878195
-1770231193
1591389087
802608411
-1384842222
-2114277535
2030416039
2017315738
1055368058
-1453039720
-84089809
-596158149
-412535182
-2111354118
1237121783
-207055022
-876293788
-1449153174
-1249760304
-1976539526
-1531010893
1050489520
1441273474
-1763863129
749632581
1235207600
702985455
-1619532166
-584435903
45457118
1128970871
149193431
-1935759335
1149715953
910820766
-224151628
-333271862
-1682605354
1555761132
451873075
-2000703646
-1686619673
-1283438572
-308546573
-316707134
1672302428
-1910021544
-312938589
-112783451
880291329
315435819
-1843427625
-368854560
528219433
1297012759
168794142
-919779861
701764065
-1226157344
-527100845
-819478881
-1015134359
-1125246230
-604320205
1431616321
1278077663
809195735
-1465766096
1420940734
1505046077
-1906112396
-2076121724
-1947090632
-1264691579
-565093163
-1207771256
-1859009343
325916986
-469187906
-1887426491
-1924817307
-946610926
-618650300
-1319405237
-1246752147
128963048
-1127327565
1985451457
-553735454
-1269165065
2122764210
-1845574979
-2019333296
1057705541
1070202533
634974421
1540324555
1349685340
990777682
316828406
-1988225482
1953975103
-1798646074
96345715
-384883518
690596252
251529081
-1640247199
1724217525
1650702141
-718583376
326882337
-1535870356
-921629756
1194170402
-2004936899
619031458
-1975915369
107343582
-1299474824
-1405191950
2051676696
-617782677
-1732603873
-835510374
601537561
-30472912
-1014560859
-597972095
1103765903
1018183446
-1316458898
-926133893
1239631749
-2045478037
1827571178
-614290998
1795316562
240341257
-1726951706
-817000729
-2034062322
317098167
-1045095906
-1704090493
-1097482431
-668490290
1943408150
-1920415032
-1645576995
-362097377
451655209
-81067549
1778820718
2057266708
-2092601630
934511046
-878441073
-1608764908
-1960459382
-1481307606
-1316602465
-759130580
507908353
247246547
-1118532427
1744364267
1265697233
1208132631
-1068513328
-1128307060
-1488963713
-1464021088
859434578
-593398438
1660597540
688071024
1329180847
1684149328
2018959165
11663653
-1813338527
2085235199
331097278
431430526
1684434719
-1664067148
1540203884
-990249955
-1188940979
1312877785
-943167124
-1160224882
574568373
-877629797
735378966
406624647
-458983305
-653664819
1410698254
-1109202063
1998749502
-843867893
-1573471595
-55064794
457304244
-816551646
1725625372
-1735329284
-2106569417
485772719
899473434
-299891710
457605324
-1605701627
-522246626
35397513
-1361158573
1808261204
527224359
-1031357210
-1025666564
1711210758
-1437674957
668300917
-717351175
-656030612
1248900373
-956776225
36985973
-2097930087
1291268747
-421078112
907953604
-603562610
-137798513
818333123
1684371931
-1643437673
1056815597
-2125514000
-1141721599
207314931
1558329877
1755970728
-780724282
-1840247366
1383010866
879487950
-1028943308
-326909701
1516361595
1765193320
1794507332
1449958948
792685256
-811524697
-1796827501
-102942810
-1320122009
1716459556
1274510933
-708754472
378935088
-369929108
-366734455
1465208092
-923830826
931651518
-2071202706
862371904
1870560639
-1650199278
-190201803
-1910768346
754576023
-1951319971
-538154249
-174436954
-967289631
-1054678509
-117613336
148498098
1766523854
-1074422035
-471019315
643192762
-106875886
1827088364
-64936533
541854802
-853433741
1363203740
-8579136
-1944468462
1207005155
1040234909
-788785993
-899210051
-310594863
1122037087
222502678
-1138767195
-733591109
762658092
-1332218630
1063549773
1934213895
-2121052053
647458310
-309698992
-17601005
79292450
-1809890151
844783744
-547362422
1047523516
1114553918
591471953
-1563049223
1876716556
-1161500824
-1925043592
1937832865
2036627345
1123702366
2022113743
-543062386
1848439547
553625972
-91372165
1557861352
1999735533
-469158789
445131343
-1687831160
1786457092
834900346
-391195533
-1849399090
-1424219624
1936984221
-1084042688
1319039409
-1808242751
-1516043411
506552686
-1851034858
-1329272291
1545469761
963404401
-9224090
722519247
1459729140
1733041695
1534420058
1322760778
1398037463
464863637
-1980647144
1322085454
-842832407
1611150427
2076503427
528816306
1737941829
1124936902
1953434574
-1919820188
1746962139
-530405730
165893458
1744293550
1192433250
2097815551
-1738963038
-624537926
1368033165
436813956
-951722277
-600273577
-748929924
1960038049
-652318401
-784264963
-339078283
160765776
1525252101
-1993235954
2133474771
-2085245969
-67470998
595662174
-373222851
2003081832
-822155253
-490423563
36261403
28935058
1959787382
-452233965
511343174
1719088086
211867133
2407284
-1507563778
952934933
-1520702514
-398586156
-294522080
2045540553
244236096
1692770484
-803958120
724667753
-1654354321
-1003932834
1681737748
-1945572846
-383400438
1366586919
1860109817
-197112477
-474264214
910320116
620866202
1809990824
-1827536921
2045336062
-1463022681
-1464384455
824960871
2080511193
-463551261
2031444516
-1888351177
778408369
2013314585
1109301001
1337126429
-255943209
-2101765040
-1624790715
929495725
1953476219
-444231107
1325409875
-2120903461
-1269427525
-1273936904
74845806
1716158929
1291829724
967029234
-671738247
-315306237
1601784278
-389587162
-1697405917
-1190820481
1731043861
-945609073
668067910
-1951023479
-760617346
889615321
-1573274736
1715531110
-877445457
-231484581
-346152604
31027832
-46303861
514854211
405509378
-227882101
-1581972235
-1525989358
1803322596
-1684146835
301439450
-1929597365
11509867
-1479945533
159536245
-947834010
2057493435
1552067610
-15906611
-1875405813
1879068130
-937878212
775947138
456465788
217599295
-1215691836
664999625
1530939474
1045851681
-496614668
464450485
-1861856661
1486178222
189952198
1293456311
-1816394718
1500455685
-1792294848
-1719617944
1575556289
-911738713
1876999436
1320335237
287367731
-1179688942
1239526471
1240219961
6451197
209671598
-1124751719
-428384606
1040507247
453442285
612286341
-1921731954
-155917546
-306269012
-251081215
-766781820
-1839548556
-1141552161
1990437449
974398987
487054066
-683936658
1245902063
-391611866
143029013
-1890492839
-2090157258
138189085
-1978401552
1045050657
1947307169
1886609026
41152217
2142744938
1175836102
-1268719758
1209942367
1853038812
623744103
-1277948133
-820440197
-1648392117
991213762
938977151
2001460740
-1176452073
1798293543
772954743
-468850072
1415170772
-534932277
690654969
1033437336
1056568876
-1442046244
-455987555
-366706620
150697476
-1118702891
1151551324
1744591176
552817117
118397202
1967031707
-282421403
-545940356
1319758503
1630063207
-947817165
1196867021
-1875681428
502620674
1782524502
-1281558780
304064860
-1862361442
610527472
1992525061
-235654881
-1765352600
1130741334
-1121778426
1414875108
20458439
410340101
-613875855
-152755596
-677823771
-1170111018
-1136476914
313454980
997334894
1096285809
-335689119
1572514634
134490006
-618507521
2280784
1864063570
-895229599
39374115
-499805943
-879557231
-1317739746
751655466
303000610
-1090222662
-402974669
2096190080
-470326015
-1046684720
-168978912
1688978533
1391310973
874700027
-1057800771
2117940705
1591125701
-2039134305
-38687546
977867253
1653254784
2066519467
471548825
-554945262
93355573
-455663570
108086077
-431272754
-1163422739
1906010159
-1640282202
981139157
1435493143
2054527165
2126881334
1951337245
-2115620694
1090688580
-1244899193
-239280803
-2001062512
320614178
1628490599
-766426689
1022773058
-1011924615
1056197155
603992276
1577477807
896395846
-1861085688
1938876103
-1364797086
328012210
1182243366
-1453868587
832614627
-1747064664
1472322391
1880253436
-373496740
-1987499097
-296524673
533902322
1939660927
-1380237608
960901908
1160698200
1370599847
1089304418
1525770208
-861028305
-1434899395
-580246019
1225965573
-1093062774
163231580
1735276229
-1138222526
1774624645
-722231880
975469136
-796554124
478345845
465373371
1071901698
-109523618
-153305760
754190832
-858027617
-1802307924
936061871
1930319524
-1024749535
1161683764
1298696738
59546058
-1860881973
1196600703
1314952451
-1591377889
904337789
-558165368
-2062309986
-1403854194
1272860490
-1166033725
331496175
1151120085
-434613689
-1757299872
773577117
882085479
1277983653
943565264
-624462041
-718857324
1926233858
1121667975
103474268
-249391898
-179758085
-4939772
-98964720
-1990449458
-1226091259
422294286
325915404
-1010171008
-1390428291
1129753919
168510022
91902234
1863958780
796780742
15772753
1469666827
1770638832
786435687
1030800662
-2071754830
799341928
-1590919482
781724356
2039963461
-1594784210
1801751525
-496059644
928323828
431323418
-1344780565
640239473
563659085
-739881819
1341908519
190684487
-1482869534
88935868
555681619
239260761
-1254296024
1048332758
1843352092
2066946376
114294177
-2106456504
1673805537
1128490737
-1923880899
-2121180969
1862927803
874046247
1937647613
692352398
-1837237827
1969935010
-869393702
1028736466
1320080508
1914394678
1773087716
771218611
1054324177
-1967099065
563700397
-1483514748
-887825443
1863971196
-987691801
317399469
182277965
176703410
797716043
569067198
-1867694114
140740147
-158367044
-1604790840
2088774947
122739751
-524198228
-1266205976
108263301
1101553225
1332029886
-27669469
568853899
1407452382
684109741
473266809
-739399332
-1406397213
-1854430357
-348913612
304239233
1319397509
1396682893
-886366080
827627502
-329168170
1118944997
-1926247360
299982402
-1239295299
1046432880
-714719202
-758735283
-212260563
-1630731918
1282240484
675123155
-923892072
-1696996641
1120228106
-947503985
78689190
1669121789
1987372687
1001045882
1778313506
-1848512442
-1439827956
-157240244
1290136372
497873554
712642053
1670617922
572431317
-8305035
1247609218
-91540190
-1623277442
280375013
848239837
-145941636
-1639715038
-945760992
238670814
-41346767
-307505569
1252638412
-79730428
122947385
-1177791249
-1496251809
197596197
-521326176
810620004
-82387520
-800293319
-637105967
988519188
1250202414
369796721
1770529558
-1113716399
-1410617247
-494435186
961270366
651687389
1731208174
-343475087
1674957377
-2027938404
-1907112721
1610675949
-623127999
-92480885
-88067870
1679799268
-1296310189
1249416688
-1481235503
352889233
-250021987
599697875
-409489741
-1031568095
65746815
-1994365524
1295314962
-1581768567
-22149417
-828822947
-1701235987
-160071277
1966516097
82039138
105945055
1291925048
1533148700
2023936838
2096934016
781165109
-831483373
-1841307304
-1584360182
-478473768
1960053211
-994122082
-1997296577
-1856461286
329361273
1292608522
5488010
-580424206
-1173255865
-1207411733
1985887588
1455898855
464171766
-1625866074
-517331975
1017786087
1295524566
-532702555
-1693299190
-997418665
-2019330220
329963918
-1168472044
816662891
177596612
-482016072
-931682382
-1061152842
-276259999
-1508950310
-2005575873
-1821705980
821661073
-1637199611
645560255
-943291289
1493870188
344617171
1326923007
-1072150897
-81483649
1269085664
1242982394
328103519
361761996
-998641031
-331529347
422174396
-963507691
434758547
-1946401010
-1417932377
-188986279
-277550081
-926120950
-793954163
-134078306
1161940698
-233553651
-442624547
1359878385
614473033
-483432555
724569051
-1434489685
39275366
-723605527
-1694090061
-597255947
-1533173643
-1423280329
-2102388783
1506608525
-2137950630
-940225540
-228661137
982233545
-1044218801
675986600
-1001571985
628174300
-587206447
858743937
756556394
1744266327
964429531
-292572474
12046856
-36833293
530836054
2016020504
1422256529
-1551484531
1863260111
1999816213
-325747260
150600305
1138752362
1983329606
-7745305
299286234
-1961161962
-1917950662
-615114209
-783608647
-602353663
-1124766990
-1549668863
-1720970571
-963996850
-1553555073
-734847896
1539654515
399548933
-1005465366
460789640
-2031779562
-1831052213
110452563
-564971453
417301769
-758676526
217509980
214201275
1625108475
-454197870
727455431
-2041817561
-1102000597
-622167368
694811741
-558737686
-213918747
-1565541154
1880957969
-327296543
2094468683
-904173187
1079552613
-872517124
36676696
393584799
142518285
1627207952
-1322630110
-1474573608
-799434031
1737183466
1153689694
1572754038
79231159
-1357979226
596484649
136592375
497111392
-1695471294
1077424901
-525643333
-1122852430
-1083871123
632341281
2096289530
-278020681
-1075185499
1549547484
1921644023
1135342788
631322496
1657990796
224025973
-14003235
-156044472
307683194
-115687062
-520345001
-2100685619
39480625
-895733006
-1043417921
1153254007
1728996344
1535148934
161616378
1673369754
-783159909
-921229459
37349037
1481118478
-87589519
822168434
-1368763682
1741388797
-2088896357
-2095771178
428613083
113112062
-674390391
-1425855864
1101872218
150628195
-1057196606
482425491
1891701985
-1125153586
-768196381
1475266263
1332094568
1420757258
-1583333400
395417083
1561130300
562394135
-1156496982
-1478378079
262562341
1085242246
1803209128
-1028862245
1455280075
457428487
-510112247
-1889872418
-314197419
230489152
-431631903
488055029
10724690
1173920479
1563385779
1061814968
-1796045860
1446900210
1503602742
-307231875
1950416634
-1573925515
1665681756
-1389480435
-1023197626
-55426260
1481146767
-1941265510
-851044657
-184122957
2088457021
-1859452176
-1330920384
720108755
-824353642
912994027
-48721855
-558396650
-999889004
-1824518104
-1283978212
-129611620
1756427835
-780997121
-2056666972
666587951
-2144841950
-1676911952
1546549330
441758613
1103515185
-1421529381
-685930576
630523942
1065319851
-1597552587
612087801
952419485
152320878
565116793
-1190938623
1638341426
1827663481
-849770085
-2062928046
443278055
713527471
404469827
1210453911
-576123102
-1452240678
-1564488327
535240766
-423916421
1416974577
-899656036
-642989992
1788384983
-1870871395
2065777304
-2057901374
605412533
-1334905863
-626546857
1151043722
-2009070649
-1986500967
-398202249
-75793014
-256089404
1940568782
1875460414
-538354855
749470844
479784231
-1941390390
-1687298460
827541548
-9300935
-661303412
-810247849
-1540705517
-700083037
1608094967
145584833
355649349
-1505226420
1876896883
311810294
1940779966
723557358
-734855528
34000951
1577120185
1320806872
1817234328
508772112
-928308414
-294940433
-491536901
223616257
1296942858
-1727295243
-565119854
-1049204896
-1965943430
-474436339
-421775451
-1984364419
-131359990
-516793986
1569082734
1837554950
-1791663150
-1449442889
317170123
-2042879059
100519008
1926212242
-826198738
65741575
-172094516
-1136053028
1785267927
-723500617
-1929917686
-1994537963
978742853
-1112388405
1392795007
-1757442701
1905661929
-190920603
-737775914
1090556716
-499869412
-859298146
-1041745389
222040053
724160339
-1763309402
1058905575
2007799493
-1505853807
-480907729
1703060038
-971117858
-1844911332
-1216547061
-1876671690
-1399466995
1286875763
-464413933
759862506
1920955183
1997670270
2012118091
-201812721
1637407479
1941231111
-1635928253
-427344540
-1390743313
-1899757207
836654527
138849168
546298556
-937188730
-1722038374
-1620479441
-1303610459
-2052880130
2112456166
606824237
1103480406
-1653005412
-1445772200
191267671
239265504
629865492
1056199907
-1294096593
-889616125
692828651
982458786
833509631
582074032
-246554442
470278394
1557647408
1122192072
1956167046
-229382145
802611675
-317303766
526006178
891371286
289120928
560841964
-1944553354
-1462739748
1142346166
-958277145
-2025742644
1234447174
-1100324541
-1726634376
-1742278343
1756019465
-1549160466
-249917307
-380353575
-119322308
-1374992463
-769587010
1275823422
-1815315654
-617138701
-1656356059
-222845275
1093661901
100290773
1419834319
-1951837334
489598088
-1739063860
-844213269
-2086458435
-526146957
-455520913
1248785155
1038251670
833150189
-997097327
-682321790
145522405
-915091506
-297973102
1989720437
20451342
-1752919605
-882678542
-2011019627
726517140
1785299998
-541964250
1005311621
-546233837
-2099818394
-1103094354
-198463401
-1190157965
670654667
-183550105
-795641260
743586394
-1696254363
-896870371
-1256877828
1677787874
74531294
2010413412
-923121077
1924131980
1930306133
519355047
-152065731
-362361997
532311685
-762432127
2019706260
-1301930812
-939037658
-288132277
102132696
1187856493
1772575123
-428498955
1105508767
956176916
1751395756
-1152707047
837663246
-991605430
-1679298051
784996429
-657701217
235768064
-844227809
1801800632
-1064914908
987207225
1393001310
1922877415
-1686440949
1134042625
294710171
91213793
1602388450
838294173
-401201548
1661503608
-1471261411
2046699523
416960929
222052321
-154900713
2097096588
2128593312
-1995433337
137608534
-1908282649
-2075098220
-1541719781
29661203
-1790879152
-1764583062
1402776559
1323205880
-1196570110
899765309
-2001942652
-1667868117
460747498
1324839163
-346640799
1557290379
1495614108
-51651768
-35642330
1106451512
68368010
2006792866
-1353515552
-2085374376
1303033458
1369877957
1908196253
-807623912
1246798360
2124044368
-489793725
697315569
-152828363
-807098712
1976480925
-928496084
-2142262097
1027959835
561061558
739321255
-39322615
-1858453688
1011895914
-293258279
906156572
-1316505409
-1529514439
-1328924654
-2082568697
1589999588
1449865054
1204811271
-70804125
-1247079912
1128899615
-1005192306
-1438793541
672813081
-517305498
1388613285
-1193702598
-591045207
1426639249
607299512
1001247142
555077485
-1476867451
-1352514525
688479373
-1276927208
1516497161
-628040460
-564293187
1725537736
79853392
-829291018
-1738424072
-900289361
1385512151
-779716374
1641154536
309472246
1863875953
1172443415
1587806544
230897629
808967583
1758952197
-1602571388
770272294
-1125402587
1063820420
801534490
953660851
-1113736999
667351283
-225138974
382212717
280744126
496997822
299808274
1305058152
-1870801072
262284072
1600549317
2001179972
1381199137
-750031542
-1407070042
1476149974
1639248804
-1107863206
-1860248600
632702470
-664031672
-1614875856
-1377564551
-93103366
991060168
-2115285242
249589622
-405759629
-1697579327
-670153857
1069717984
-1561139081
1919631492
-1000456214
1740886928
1309706288
-572313299
637715143
-866043544
-1813064172
1450052084
-1496107895
-925174069
-1724534971
-913641790
769796765
-245012914
1504449849
-957325305
-1991551318
-276887121
-494405475
-956402230
-598039014
345607429
-1456124298
-1347340287
998725081
-2005710535
-1919495287
-772823006
-1239024035
-329123404
436543997
-2117513223
-94315547
-744056487
1618410814
587033020
1664472836
1173199541
-1517815773
1430517084
-30535328
-744624267
2109790546
-1165865187
1467677367
1993118488
1507287523
1369054056
1264661027
1725009125
-506373565
1545247711
-342247522
852925726
928057690
1493811634
-1428803129
1753680244
-217089552
2088472880
1880968165
-225755970
-1024773556
-1207719264
729837612
1576152549
725107230
2088111186
-973315521
-1319779805
1902693022
-953589264
1399487990
1134993004
-571251468
1295938841
-813654432
-1906369493
-1311831334
60134191
842658059
-962308815
-1489869441
1129577584
-1662830206
-975734038
129935022
510177347
-609662698
-1819743023
438063151
1856056020
-1875857695
-1948138971
1485999469
