-1678881959
1910695858
-87943785
-126801842
1324096102
-783373323
1402434578
-769864890
2103466387
2024393853
600568032
-1565460168
-1847533083
1309236940
-1693108862
969016434
-1550795206
52283342
1507648637
-1800792170
1773553327
-1595392655
-865878691
-359980220
1309478465
994987387
1327791356
-1231719656
529958582
1432255895
1917713924
-1645339177
-2039054659
-793356112
-1180672591
-1399864092
-224993708
145456513
-663672613
-1691134216
346047849
702448236
-749284045
-151664111
-1450479420
972538507
1379666636
-1521811285
1189710115
918251525
983531997
1528647213
390054054
1755531170
-624068412
-402895194
-457907603
-2130550368
1076627022
1429538232
588626047
2006916038
75746357
-1478985516
-1155568659
-991000390
-188559895
-480954201
1716339510
-1913892721
2001694611
-1147433517
1448698605
1915752098
-723656362
822820066
1953920153
-711313243
1293581015
1088755063
-1539156005
-234888452
-996160769
-1981169467
1943028182
-1948387769
1943494655
-1854766267
1865084618
1955703359
718310292
-2132286045
-1063925246
-836937275
-586635380
960854264
-639750160
1432224824
1574215304
1771645502
-193188203
1896288262
-1428964094
-1855989504
1213491238
-620813691
1104154257
394798417
-773653524
-133029629
-1158624405
-1375753986
1790024043
882487067
-345531861
1463685126
1081680326
1962851914
-402019883
-2105228214
1920039777
470549185
1456597014
-1144971136
-1084720184
-1338875524
442095567
2020236909
-740095025
1901964178
-953496620
714323027
1859774969
2080979663
-928937488
972969383
1482010397
2032747391
775592492
125717255
446953798
2121723788
-625097136
482366826
-1348869925
620402379
287542698
11423896
2058755071
227584146
-143159027
1788004573
565670970
-237299059
-1163445476
1123268601
947024472
-187010863
660351176
-1004036774
2080072849
1988539185
804656662
1294427532
585638633
443671504
1588613925
-95234832
-692111911
-1341994249
1228604783
-1325110869
1675641647
74460201
-254756529
120383713
1535894834
2022815859
-2091579454
-822211805
1970229257
807227911
663835761
1127152677
-981833380
1513911563
-1670322194
31236532
235746875
97442222
963504702
-1917657626
-269237441
460104573
-780861033
-1104461678
930474734
-175394317
-1583507094
-478094334
1781702243
-112138666
-1636756062
-524275481
1255445550
-238062912
1834710574
-917150324
-1339522696
-2130344325
948186813
-957727666
-1694809749
252111762
1777743560
59276619
1537773264
1572563364
-1813342763
-770914470
732509177
-2019556869
1064890360
1329658938
1526322400
1062688988
-1390029155
-1481327603
-215894128
-976822240
1811865989
886940678
-63754557
843290371
-126823410
-697285535
-912946484
1563063099
-1006349642
-1770126957
1728230583
1584252748
1324477665
-2030873405
1478547374
274872858
-1807319334
1356144504
-255673187
682304447
1834823703
-2007824750
257932313
382690206
-1039887936
531630206
-1862374787
519898040
469279090
1432470181
1809539670
-653050562
1320399935
-86369756
-1631072000
-311446938
1681165817
-1468646462
-1798198896
1131737473
1954031792
1263085342
-377380364
-695364275
-867569544
-769181400
-1340514727
-1630497145
687175535
-1413781038
838758092
-811556156
1838212605
1321611526
472187683
-1712747391
877112157
1664173786
51869982
1849436280
-561958308
94548737
526788808
-835048395
842505825
1793908612
-350416093
1237901799
1435423916
878748338
-2104273149
-1801796229
-1006873118
-1662946219
566399034
1359830758
508865480
1206600230
-107838219
1868164546
-249860273
-1698916479
-1201158811
-655574500
1992239824
-875623332
889856417
-1465901429
909810839
418590581
-1931339318
-690643067
774446501
671375306
-186995601
87598061
150220977
2088520014
1495738163
-828661009
-325288592
477427929
2047008173
-1793467632
-1476346858
623098719
1685777039
2025121408
-592882405
-926532508
1152409353
-1136213838
-414729918
1369348015
-1929149329
185995566
-1903905322
-1775087043
561976344
-2015113307
1202276662
1170959992
-1696298615
1546032453
1331805076
-2005266519
656995027
1150889807
311623673
1053319338
272884537
-863549723
-600399477
1379512799
1814588437
345780776
1639039250
-876019099
-203800581
27607682
1264576184
136997004
-368090082
-184933313
-212685808
1440091523
1710298098
5448546
1154712153
1981460561
982825747
989751734
1816467714
-69147636
703605092
602049058
618014833
-408453820
-1734711941
332262721
810525951
1809113791
-1327709892
-1015549134
1902419527
-1375718037
-710011709
-107880788
1250578080
210797456
-1687403641
345169236
516103911
-885032124
-1027182661
1657520466
-147873151
-1611640796
478969847
-16498655
2078592927
-215824320
-515974377
699189926
1085732804
2136319063
528711267
600658564
1134380163
-2144676029
257151472
1250594990
-901137267
-1202503498
-1761026235
1302372669
1003361515
326033190
1235340864
-1580529534
1374016135
-1704350459
-453325766
-553683617
163824
1420598581
-1989623447
1122096338
-1396769955
-1174574405
-594511738
-1758623022
288039154
-1352716366
1033247919
-617028514
11621698
133232513
2066493838
880088786
141276180
-119095216
-623416903
1428054139
-975771798
1619828663
372178779
259333742
-684922178
-1559560520
-2059963628
-1743656043
-1416479090
-543285009
1718605086
-931914486
1390694427
2103601927
-469238608
-720687193
-727705236
1526340720
-1942466138
-2064581923
-414958183
258502734
-954594207
1184087236
-33413819
-1614194252
-521596949
149705588
767942507
1145851665
1652998751
-1378994286
215272030
1917573354
765953927
748948525
1438599434
2026035145
-1937063482
516216778
794953855
-621038219
-1464369864
-860144963
-1133012560
-94046878
-1758058217
-543607110
906191735
-12986262
-312343712
1476942763
-789892901
-1352333379
368253622
930049475
145022869
-1628538090
-57931131
-1954293550
1664217808
-324727249
488953193
187598042
637210161
1405581687
912163281
-1039081501
-877028074
2004328961
1348558047
259010827
-373413343
-637635394
664930194
2065336544
-356111625
1335214318
1644671527
674882289
-277068732
-36649517
-139449925
1614761122
-588625406
622028712
2100599861
1213801792
1205108731
1142112208
1042036322
528796501
1701437068
1297939538
1901592672
-1015198916
1580031914
126599813
158702656
-456269065
2075695146
-1584953081
1559022311
-1888981185
1563959612
-1879401229
-356132044
445453788
495359544
-276969902
51734375
1641136439
-1730991459
-1694646319
-341048128
1592607020
-2096292779
-1898711628
-299972250
-237820635
69043773
-365445109
1865927818
1206559588
395138789
961317922
-13892404
-453238369
47017875
-1385912003
535177437
-1508494639
607334286
2119675012
294418021
425991758
-182718568
172400700
929137446
1929200664
-271699525
135754295
-427918240
257290865
-1244165816
-1751886451
-1628997513
2104459441
840072988
1874004876
-1537163565
779010905
-495978971
1532184556
-1586091513
857550183
492033060
-1912429497
-762050508
-2092289301
755823284
-1069033785
723721647
-1673019174
-303260534
215883808
-510677535
1544936993
688003837
23405761
-616714642
-1149318659
-490530872
2090378565
-51738471
-609866871
-97396977
-1117337041
-2128671513
144909976
-1096905313
1483929303
458915073
870738372
271669114
-1073850466
-171323426
-1414886970
1983812241
873373544
-18050015
-1178714616
-1639996973
-1858164661
-1497688897
1893552760
2070305894
-1020531837
502768612
1841717919
-782127821
120521897
-1869664233
763933169
692987560
-1942178780
998999963
-429476506
-566915400
-391113505
-631509480
1902060105
858564390
-577373892
-866195333
-1053321649
-531712509
-1407409337
-1126014182
-301912854
-1714777483
206195759
595432986
-490695201
757938617
2135961329
-486913004
-211255018
-1722666902
452397653
-935760138
-722570320
757216258
301813278
-86442201
-1120970146
885850273
-1509005444
1159715054
-2049282832
78851853
243130565
-1038750700
300824364
-2130612486
1516783716
905300423
-2118329631
1498325386
-930671855
1888398528
-483795141
-1801283562
1243868482
1492934568
-2077941417
1147370286
1818963936
143435191
831240729
268705246
723807294
-301987426
-439292611
405651763
-455916730
-1127336281
1985901996
-2101081091
-374211596
-1141620711
-37960944
-238404907
-1072001784
1331002080
948501674
-1843606431
17436151
-1407333011
88595810
878915030
-1716141278
102668763
1082244383
-1496241218
-1159186103
135112274
1887787864
-242734342
-279960510
-1793087568
334773995
367291914
-833489691
233722469
-183189715
-217912692
-729261494
657724830
-15529407
730886914
-718331338
-1125784411
-1424245587
-1833223976
-1418253103
-2116701561
-154149334
1009511076
-1216780387
1905165302
-851748933
-847514961
-479591517
432356209
208942848
-487417421
2047630062
684164001
-1650830645
95097318
-1032111811
-788235258
5514483
-488526281
-698319885
90246098
-547426968
-1152988714
1777483090
12844820
-1097502073
-1306909702
-1615135000
56906265
624030384
381268958
-1735030968
1680232207
910498580
-1803863797
1100769021
-1711644182
-291170349
-2074604579
693655739
1929037450
137695557
1315369535
-1837633320
1798534429
798403223
-963117896
-267497478
-1110314814
6051226
-454905941
-855782128
120642670
1710002135
-715719462
1628359301
-418547181
699620582
-1803169493
-1048433997
913537022
-750743041
-1732363601
1676810133
-422727552
-1849243951
619211487
944443841
894484432
-916979822
244848936
-858621292
1641976879
2121950295
42207656
214896046
-925868979
964729252
-1322730438
985333152
-33130517
-306803129
356026288
-1053906972
460607169
-533933471
115058014
-2060577779
-933744223
-1275475004
501674207
678605374
-559044133
2003393412
441999379
1978535136
-194323741
1946732744
-2116782234
1297703311
1140841009
1409680608
986725976
1198609748
1972969832
-147415908
-825788360
-356763623
-15434054
-1299453221
-862509774
1135381337
900343690
587161698
-284127348
-1579630570
-1472081582
-1034226450
576284972
-367239152
-158993210
-437316213
-118375075
-1710877133
-2059034823
780706854
1333836498
926501456
1054307904
-82912159
-1055548950
1554072592
-197733996
2103062950
-1533402315
46074148
197005116
1347582590
-603416010
-1891996991
1928300011
544472355
248451178
-311298485
1676720550
834679123
-2031721335
-1521697456
-2089699671
2031635302
-473730549
38545591
1391769227
407692451
61682925
-1039447240
2080928672
1695503566
-1150622284
37512975
1162464926
547787013
1374245297
-905143573
-1473795454
571646923
-643370105
1289808428
950936244
-1150872987
-794128406
333386830
-45318295
1993720676
1371560617
2078797727
-1243902904
493435523
1123411949
1037056824
224408911
436616626
2114809282
301997098
325094904
1413101426
-467330601
1852881398
-832592233
1088219747
-1638432895
293776963
326554629
-1478407653
-1243192827
-1398850614
1162431874
404393272
1875992342
-364805996
-1996929833
544722104
-171033188
186914663
546561211
-1417034617
1504765110
-249373571
1373348215
-1689548455
-1263714558
455592311
-726702132
1767917497
1505594907
2138381457
-1614432748
-662347678
-568593821
2014199573
-615310426
1668557
879110913
-349954284
968104575
1334722315
-1695624659
1182855252
1285130013
-828099628
-1943037526
-1002796924
465601198
1705797087
-578532460
800180918
657290090
2147359603
1821283163
660133389
-1670144196
-678232259
320787215
-1189024843
1124682919
-1265239708
-2072082211
-2146680813
155356647
-1008859686
1773996249
-663803075
411769430
-854615051
-983068931
-919638868
2115623441
-910918851
-702419599
1242002992
1004472283
54718855
1529174796
884929059
-1776808639
470478402
167716378
-2136409887
-1425900291
-7309552
-96383137
667658615
1977208735
1061179800
-697085604
-82044519
-756955543
31782554
1370593232
-1569402663
-1711695749
1678713411
189688705
1822180118
2119323183
-2029611582
95376955
2132016690
-962269498
-133374438
-1077001448
1807777543
-1209310141
201667641
-109715710
1862590874
1869166999
288475722
365231478
1257037969
100636413
854071878
-704838262
1051908066
-258334553
-819787311
-195318992
1419165389
1312332698
351467331
-1409255236
-1244246773
-34374443
-1439103996
-337449821
-454705337
479708856
1847324
1206267781
1544285901
-1135028060
-310633719
1885578860
-1048858495
-2288418
915307987
1314252118
-2060472559
383025336
1175564894
-589183504
-1620233106
731300594
-2008032258
-2137807196
1277531767
20456541
1741915472
1032000981
-21677321
-1772390719
-932722873
-1745916567
-1912969519
-2063530496
1141591429
-1291050361
1638747257
1492187002
807324651
-2372191
-1970926170
-1486767181
881637747
1583689396
1851040837
694253107
-1137613764
1451078094
-1963333968
1905491885
-894979354
655964112
-1234167009
1799448163
1896883999
63383413
-771436962
-1496248120
-1498614402
1543572114
-1160977984
1957160550
1015498383
1735343007
611779667
-40033534
-637602514
562849653
1026558804
1436268541
-597205480
374925145
1821367781
70672380
-622259010
-581224648
465364989
-1510553397
-888565412
1614482484
1432307871
844822398
-21550006
1394134879
-1076089010
-1677571367
-1278674286
-560234299
1055202495
213762033
-1010343998
-221559121
-1578239280
-196256494
1523280130
510602534
-1764212807
-1462835485
-225426072
-318187082
-2108649344
25183176
884174730
-1913571469
1967101618
1371156871
-1042981804
-37396671
-1081737905
-1859243731
605405980
-1199357873
1464256773
-1984115406
-1216097549
-2102801181
-1602060383
820485595
-204740290
-2102874276
-168242494
624209887
-185492092
1579666293
-2123513393
-988860083
780023432
-2005987386
-2117441750
-955545428
-92742502
1555782544
-1872698203
1362311779
-453042903
-120226631
-14802124
-1738588069
-1280732259
1309444629
787175908
1206761442
-833500317
1225072102
455905292
-1349908014
-896815287
-941411162
476614337
-1232277262
-311027189
-496192509
-1812335218
1022100123
-710190036
-1793139158
1148216932
654744990
-1840002294
2131834184
960756943
1041785701
-236344020
656708429
1810662506
553099095
475994078
1067809266
-1617878379
709378177
-1102343680
-59449603
-23304348
-927839886
1590726681
-1489307453
-640943654
-986391963
2101419442
-748957970
-300788906
966605221
-410368031
-1868721280
-250331571
129728045
1411325219
-1410529257
-361558983
-547045234
-1291561361
-508791950
1571796688
-672336363
1053097351
280881971
1015177337
1069603372
148546704
960624102
2001004539
476744192
1386808037
-636499647
801538935
1557247588
1440090919
343713965
-1379297640
-1858957324
1506070168
-1554241531
1254897672
374657405
-645217879
-260352356
1607408165
-1505850212
-1558432304
2004162180
-1965700364
-1238066012
-421127009
-1109515251
1310097237
-1701518395
601384978
-877948532
2004802936
590657129
1212521512
-1818313891
-6915441
-122677023
-1456380492
-1095894998
706674628
180138816
284248692
-284063380
-463656339
-1822580857
-392182174
-1273982927
1408572286
-1325173246
-955028918
-148764128
-1460164033
611728368
-1324298340
-776856902
-446321090
-48424855
1518826883
689710306
-146180986
-1190005892
1561778997
-1737590626
936760336
-995269737
-837129332
-1919641313
-721578631
689540395
-347075114
-841916674
-2098388491
1363204240
-770281496
339901128
-352604797
-229137883
-813867655
817568700
-179810206
-1752282949
-801916756
-35930414
1149944770
-244629965
-1543247890
-14063105
-1657409
-1625096603
306760962
1262933943
-2146703222
-1656876989
1624414553
664164019
1121751272
658208061
-1101786202
28533236
-25778208
-1679807769
-1578753358
480195846
286532528
-1412783399
1538830700
-1284775799
1510034432
-1041541929
-723173309
-1511677203
-1339581094
-1947087056
1992865720
628263292
1335816152
-808457878
-628142034
-1252221539
1352520990
963312927
-1057578236
440083030
1379754378
-1968355039
-973653787
1014212114
974378154
111665892
-1119344290
1108602020
837604590
546822685
-389767248
953283979
-836947298
1604809382
-1578870553
303014519
-1671731699
577673380
1224044330
-1265384949
-739951345
-138153237
-1730738603
-897416475
-1085379673
-1079887968
-237392444
1111200474
-170200059
-1124358369
-211580047
1180987013
17013166
1519374623
1329833025
-1865833213
2045891580
796264468
880858522
1160385527
-1784417335
-28236076
-416918472
279666644
71397479
306678909
274252865
-1058591654
-1271754798
-1188793708
1394359958
1182062944
-1559372248
1219887473
-1612392597
-1966356524
1352738904
1624098523
1351645721
1419143936
2055400986
427782894
285355570
-665933298
-1946910946
-795607227
461642198
2038453710
632043400
-1727404
211211588
-1550403915
2124582810
1119568149
220849075
-1142524120
1232335538
-1468000026
-442342046
-1040880134
-1667985033
27200433
-1529719058
-1021965005
-441277617
-1240028083
1700000226
1535408403
-1250505965
1322113315
-1226702188
-443577514
-1483107578
1896266516
-1317058770
-13089096
2134914050
147345050
2060200970
-866746693
-536732685
-1846224083
1544255811
-419842138
-1407457399
1246100711
-1773419128
-1515617583
-949238999
-288545686
590660147
530111264
-937531612
-132009727
290763930
-971749940
1756570410
-279705339
1270591651
816495465
2121313536
-179350399
1400334493
-1022517981
-489970063
1422507544
-950294962
-1868285365
1893404289
2122145318
-391069368
-2037143022
-1325002264
241316902
-1960663424
-1446773357
2144988862
21221971
-790608608
-1753739754
1353572210
-1970036847
-1836813157
1956473746
1017528576
-1660759156
-1973508094
-699519117
-368613278
863867169
222495382
-1252608098
1104927559
1574093565
-579952227
992841137
-1711742974
-1964335485
528887673
-1192493425
1520933061
740815091
-1417538571
-1262868965
-1729618418
-1464952121
1824314850
134837058
-1280881568
1577835872
-1433566750
623175743
-1030276810
-1268556062
1596009091
-447833318
-874151116
-787609509
31708559
-1642710416
-234229345
1371939370
-1090884959
-1794336134
2140870415
1984844446
861173499
1756663367
1002302307
-583572771
-1242178921
1557238092
1369477364
1145236998
-1736068485
456721694
1337964812
-1004577126
-869198767
-514652291
196696985
-1810113001
29716278
-104586092
879146525
993598181
-976247343
160000382
-383597080
182847606
-1328925272
610573068
432124297
319159720
-1992949842
-703687483
-1039084159
1355797869
-14776801
-1602087891
1023305786
1894512045
1598272400
-1408142262
436398391
53567594
2100330305
538844515
-1302999157
-1044368603
-265878859
1802546442
-2045105265
-2143668096
1010816132
-2053301667
1934045135
1354788900
1487125615
1204705928
-1680091836
1701228772
1118049461
-2029434483
1043074760
-1942173406
-1796772700
-995173561
2080980934
-601964175
-551206798
-2147362645
-1418794448
661923195
1195694669
1693756753
410503094
438335269
-1386172240
1976043826
1542373940
-144363536
-1838098953
-1773446477
-2028830869
-845679454
-1569436363
-1927519006
1264153587
-1634345180
1478121541
559117822
258978160
-2029583698
1718227742
-1243741636
545711107
-636252640
-1376259989
-274618680
597963523
-1788989261
-1809978533
480106761
-853608211
-2010274608
-995851595
1222821417
540968600
854164799
915919150
110634708
-317430356
1336725636
-857385218
-1061745857
-2104242603
1408417413
1329328
415621995
499008562
612945008
-1590462663
-283752534
1070108307
-499440933
1144333644
-1359461022
-207978524
-983647700
446848492
-1253100528
171917411
-1297161926
-1273716670
-735029617
1292046361
-1289090508
25031856
1106496666
-1638484986
217317825
942980901
-1583048561
2136998558
318895209
2067391155
1044692341
-1566424204
783738418
159713886
1176942912
1134581301
1608351886
-1332991179
-1880236205
1124455639
-824812940
1475908519
-1143253179
1443079441
-794812724
667753486
-500841497
1902095629
1188115727
1650871440
1047910022
1954455387
-588197842
-118059993
-1182641556
-1582689751
-1290303565
-525488899
-395688787
-968600143
1503518502
-1847825924
773092383
-356598287
220290993
106539429
2043104681
-1103211615
999237638
980982305
-2019766080
-1339678622
-59959680
826014357
799686703
964528691
780726664
-362535494
-538207466
1553756712
-574148038
-1933921876
-1082187212
-236058020
-750693049
1238874369
-1614975640
1077319463
1249760796
-1882578660
-42019468
1557630860
-1500891069
-372411965
581383684
1481691381
996262665
1087181295
1914522606
-1275799007
1234293601
-669123101
249770939
-1565441699
-1112086520
-1747629440
643419238
925620721
561761257
-1246557738
-166657437
-1601684259
309756610
754869502
992167650
-1406097211
181722118
1579745062
-1539655852
-650613464
-91959291
-1646463508
1950529838
-1063430952
732105546
24777456
447811052
-2146384986
-457421757
-1170472284
-1149394088
977828700
-988514521
1233953893
-1802460149
-614319121
-1393523693
-1784494129
-991785932
-790318347
1141812086
-960566452
453133975
-1365545388
-1656064849
274517998
1769051608
590530108
-1239381260
1741289087
529026554
-1269566890
1839234165
1207851477
26419745
2035334717
915982272
848689769
1256917663
678531372
246143847
-1533079766
84838189
-319832839
-574428193
-858132593
798376312
2110867522
691913643
-448460054
2054345695
528132069
982315448
-1532985084
-696665989
-1642193995
1540749835
-1556467739
1277404255
-579362199
1696033945
-1307817230
767480608
2109716695
1799161461
1095094077
1836844695
-307341213
1190281520
-587896552
954547941
1628104881
-855378820
553950955
-692490569
-774039391
-871895534
171595079
-2112311350
-350367108
755737557
1171849274
-1029653583
1845935978
1299801143
-1243736604
-1261327147
-233697753
-780818213
1110283850
1158630333
1654878454
-1377013892
-934429590
2048093328
527337173
178306316
1761881230
1172971735
1698571249
1292807968
107426789
-1495744122
-1761399460
789757834
-1022694065
672994620
172555260
776937031
354115447
-1920854327
966294214
-42842725
867297318
-392421391
1110602796
1829776506
-1966765866
-883524497
-1675836717
-1594770646
-1879381882
1301850428
1124424073
1590978085
-242082100
996787216
2000246390
-20049085
637377584
-765661399
-1222797936
-1842893544
-275856458
-797332150
645494356
1707280538
1499072956
1484749318
-792999758
793182471
37596166
-141286851
-915598008
848752133
-2045552873
1264623847
1367454931
499701770
1556499650
-845642736
-1133417758
2132807422
1351409663
-819716573
-1407092788
-1194850531
-2128782846
-505018518
1778996707
2070257698
-425485175
-929516587
633968105
-917292383
498996597
2026447097
-386953534
-1564590156
2065553308
130015323
1142412395
-182255911
-1831932707
1081737711
1984735786
-1727134182
1911240051
-1561877797
-476257274
-841459602
1120626830
868099200
-1631917190
512108127
1223625247
-1668788295
171629413
860220652
2081253875
-176232347
-738072765
847781552
1179582467
1113093410
-404192862
-913982653
1506785801
1223114588
1085535694
814643423
1518341718
1346948997
2141415630
-639802298
1954801634
1775921573
-434670188
1815943907
1904983973
-967160299
563796079
330498863
-1701480668
-237649274
1946541507
-1812256938
-1538799538
-1937758392
920487932
1226085913
334782088
-1517314871
-710238016
-340234762
1467608325
1946156379
-569104029
1888745093
604034651
-1757383
558620319
1136684068
1545746771
-503180597
-2146253948
-327589418
-1766689024
-1897295576
1954998189
1773985128
-1855617518
1933807325
-766845772
1435406805
655665003
1076348652
1235914471
-1270227989
1574064114
891081239
-1268222661
-838572755
1987206055
-1989550499
-31896448
868061435
-1829118472
-1538401595
-173813290
792008688
483074898
-208200871
-1797443489
84243851
-208160774
2118302069
1435637301
994380816
342591516
-310692799
1003988126
1035674288
-1581159132
-1782442629
58634110
1508123111
1673706572
-192373127
-1120468980
-355290587
802728565
1211613550
1989643976
1303486640
1909430586
300411627
-769922900
-1518031160
-331767486
-452108375
-1200213087
-1106989301
-490803754
1650864773
1050183220
1414894874
1155513779
1422071499
584025737
1729846141
865410336
-535522634
-1166834545
-933436477
-847598271
-1850059209
542409589
1089615085
-1929573203
-324355595
-312940964
153992204
-2018659009
283421333
-1207061427
-213486807
1855349545
738100282
811771756
1275269732
-1972151986
214475343
-1984201874
2072293215
-446884145
371369859
1512255303
-988713252
182407654
-1047608811
1761947176
-5886812
-117158925
1224634449
-1784966232
-1138737750
364434132
218663257
-192872640
1732161648
-581008519
158371368
667396861
-1882411094
-22601290
-1847359788
1558100336
2050812704
1043143003
-1806766061
313126632
-1659360552
-1494582143
1903852799
264194531
-216043405
-1393487066
-673861347
-1207882048
1394887383
1121669116
-336161125
553851577
681590798
-778617219
-296282920
-116256239
356413805
849985090
-1162695894
479804809
-1323770376
-2145804395
993956826
-735155432
-274929915
-669551292
-988638349
1645831642
-1474233570
1047539640
1538848828
736385351
-1922069717
270914885
-465531390
1253225384
220835280
392883138
882084378
922696647
1361450260
485648220
-964512859
557403622
135739970
-800116057
1193561109
331641841
-368188397
1497080821
-1491436560
1667026166
-1088722164
-1202555925
525158356
471201748
1151950885
71829840
2078298554
-632195790
-816678485
1380724264
485288574
-479939405
1029892710
-769031679
1846359966
-663338649
1743030014
171523468
323842369
983351684
259874202
-1315497106
-270238597
1354874197
2108531657
23755352
962946511
829776241
342105765
1708592212
-2060484620
-1946177488
-1951504075
-1116166302
-1376048420
-808528293
163364115
678628163
1623033585
-148269278
-624484018
794275988
1660786849
755499858
-1092869231
-2085554915
1297719324
-446435385
1501527940
421738858
-1683773092
-1636442338
-1132373902
-66468965
-186083227
661279407
-1562580693
1384020856
1227175374
-244926790
871878187
-333917240
2090925951
158621151
-242659845
-861834014
2048836027
140197843
1157841878
733838468
-1718666144
-1612878000
1657573520
-2140313885
-1057859475
-1101038771
1949775283
-1201081086
-1260932667
1243164527
454721259
-1574788026
-306742990
-1498585154
-40116829
-1714255030
1936257708
-88151141
-1808311569
-1886277648
-1198779430
436438001
-1983724628
-1416877384
-116390184
582336683
-1691028763
-287200428
22582586
106504549
-1381179784
-919522693
-1960788144
348886373
1254771192
1564873981
442041259
551192268
-2010889259
405380119
-886826272
1447093512
-1664626502
-566372600
721234827
1834410636
-1049925322
-818187805
-1640056170
-1743562301
61484445
-181033561
418503610
-1987441343
744748080
-379284084
-96377274
68237115
-611478149
-190337633
-1922747873
-840164295
1250892542
-1497966960
1033216263
536843529
1745073167
-1760390454
-1663567839
552649718
-24537858
-1691330364
1803046324
-933402310
-2104613766
1734459030
1343098671
1289783984
-890954958
1355434703
-1573624980
-1416797491
331315647
-677314939
-856691400
-1011496239
360806592
792194220
1699721747
1030788153
-280701114
638939819
644819251
-5798537
164047730
1896867372
-505694513
1388047844
-1319495331
1511377971
-356509799
441189621
-563768265
1801055602
660373643
1922205869
-898986574
-1287922726
1601861350
-948089006
1970714528
1371192693
1811391607
1949220963
-69190694
-557223822
-76338148
-1670813496
-2010476956
-289907583
-690142586
765730379
660848078
677021025
375459647
1853384262
-782506532
2094052022
-132310546
-805039202
2014226537
-1539391201
-157366311
-1594732561
-189738873
-363040632
156872108
208634888
-1689091093
51659708
1570486648
1804522393
841524872
1467499837
1326151933
1155473451
-174697351
1467860311
1942880300
2136524623
1345951267
-1972476558
1984312294
-626225126
2093789850
-1743911768
2100788490
-225477680
-1998601148
1817862551
-1758320722
606498270
696546235
281183607
265286315
124772109
-1337983753
1560366190
-1733586081
-1313271820
-1120542036
1218944802
-1654246995
890203822
1035990001
1377317264
230301768
1383474125
-221345758
427809564
46814513
-726467954
1521882374
1131600872
1238525565
-1224402867
213746483
-662133912
1985154907
-112511173
-1676483408
1523903541
1427341653
-1455007667
436367836
2025210146
-1609562666
1107370103
-1767509873
-1151385715
-1645038613
-1909238502
973138302
-2147407114
-566542771
-335795270
266358755
2043913685
-1039721057
1321558259
-1659207843
-2103532633
-1195664653
46942893
657896468
-1943476151
-1947763054
-739419762
-28221152
-1740724086
1321887484
1377942960
1988430123
204021755
1347161133
-119135597
-663388844
-391565304
437121826
-1497581995
-770333098
638868555
686183834
913043488
-1482802199
-28002273
-1162132959
-4273694
53349992
1904318836
664877129
1352819011
502449843
114304226
-1601125062
-1933036588
-1841086378
1073219327
-2126846867
11758211
1359143402
-1978011915
1287399604
-1198856105
2016909243
-1577410994
-630525571
-361689000
-1959635798
1799266833
-1728237482
180188878
1480867157
-2139092717
1460044467
763621806
-1694965388
903392134
-392715281
1603779665
-1234163834
772855765
-959153264
-1997495705
804834988
-716474188
1743145935
-834443734
2025237203
1074137202
1342424150
1459475926
338558745
-741087855
-2019492533
-1695923113
-482370967
1436671128
1131781773
-1631233724
-709387673
684194598
-1322797252
-1135842292
709556371
-1342373814
1531840895
402251374
-1006746200
1855979026
-916140416
-804771282
-1498269883
587333729
-2139343173
1152095749
-113710129
312659205
2014849656
-738343464
-1272903532
-185528056
1479347861
-1273652691
-2020469196
-1320186042
1369280905
-1636232486
1114095420
-1222237120
1180288165
415115518
-948972269
1541321518
-243268197
-636824523
763969305
1790042
1189379140
460566278
849360908
-193708885
-865324899
1027337888
-2107212370
870418047
-84607726
-1141857850
778852004
668820414
5497087
-779851002
-265710943
898210091
-1937279117
-1624233424
-1529616189
-856456451
-1311467978
1613777158
-925738948
-248016210
-1772136180
-490889424
1400074037
-1694607854
-1775035077
-2028199566
495361006
735730602
315633995
-343355360
1154935849
967804985
561921292
-1972135728
-1249386808
-356404840
1880008157
772349777
-12899403
-1500409146
1890218794
-1277451812
-655317503
311192899
1291548470
481913993
-1845519281
-855381091
1874378778
-223178748
714824563
-1842800310
228234508
1094111104
-783632555
-148995144
-331709468
2085616106
383041051
-1948067678
1789412060
59515490
-1113392761
1863751077
1019505303
1584294886
-1363418468
1941216531
1543392356
-898343856
1266576263
1107215365
-433952573
1361635970
577881021
123514294
1102793255
-291652642
2097855072
-1778612209
794740733
-1724496644
1853514470
1508539773
-60951059
1916256662
112189436
1867313162
-437370017
1984706503
988903591
-373239381
-1203335360
-1923745164
-2062591059
280145366
-1416416251
1825857290
1567929650
-582600616
-1924116497
-420373911
-1585317211
1562867044
130665872
-1252198113
-387608356
264097518
-1217073010
-1047271719
1616261245
-1041585351
516909735
1064270101
946121888
-1929226065
430718197
2045997340
978386866
960979696
1620502898
11987247
-316095844
2015208748
-260458307
1963860224
-1858899421
-408179275
-1170466787
-1130357405
1762862737
502679247
366629830
42602309
-2058968683
-1377093430
-725077669
199079388
-366750105
579705170
-58446156
-949538784
808472623
-859358203
-1269208864
779743609
221190823
1283987526
-1800769683
-62140999
-812510978
1595258960
-1694529562
509628491
678868735
1878656398
-1598610020
703976109
2016739442
19007017
1793038761
1804142107
-1593267518
1588748257
-1666367694
362472588
-2134635297
1965077535
-479156245
-1506788127
403013989
-1854002869
1059359967
1044467292
-245969155
1976612187
-35420303
2126718798
254817027
1931345324
-955132259
-1554269420
-347147671
832823316
1560786051
1315758915
1852413146
-756549321
-1110638554
-1942896606
726281762
436780058
1027555184
1852648536
637098444
173010677
-1861796487
-1361102874
2099957004
-877682356
-1856780024
-1616716202
63349471
-842010816
1822644057
1693740084
947439216
-706402782
20877088
-957069379
-1277026371
1995120200
144834509
-1828646698
-1583520134
274456100
1345685778
1853836351
-821838027
-767239535
-1282132318
-2020340216
1522239162
-38800
1200591930
-826583229
-874647624
570831731
-1102725660
1568283386
-450472284
-2069180872
-1538150278
-1644749213
-1570213923
302755737
-1852727703
1548036178
-1833389040
-1428410046
-1384690505
-2015611922
-226185507
-795516029
596819014
1768331943
747574202
96455270
155689817
-102602393
-1986151145
1534285828
899840855
-614050553
48626115
1730951188
541730511
-455278076
891669646
1458061508
-1059621956
-402615438
270467630
610933963
-592708087
789296432
-367836826
1891402430
989214294
1966380380
1462663524
1474366883
-584544004
-715554551
1807700586
1731955395
-368697010
1284380719
-1410104143
-1190932284
1120347426
632507618
-959956599
1226142710
1358709903
-1892441657
-1573070140
-1256854547
419400183
262167490
651752532
1751055951
-600943033
-796681484
1987841075
1822720750
-132655747
1132891876
-931621758
-936782568
1484765034
1816803835
1634294773
449611310
-372428615
-1136363467
172171373
-2123422349
1819969583
-2066072299
-300275738
883437861
-929450957
1510685914
-349305965
-1186560815
1053215889
-1802341137
-1739857594
1081989347
1244222586
1755465639
-1782968555
1201874812
-1313759025
-1516626135
786797882
-41284984
-1513103714
1182714792
-231404997
454125326
532053484
299765975
888276298
-159450679
1343358132
-447146340
-1670589715
-1154574088
1362923055
613986563
-1047244831
34815858
-1802274218
-2010533003
58068540
148190460
2012877220
367969064
767109329
-2043025442
-268689120
-172466983
-328701737
-2143859788
1487917722
-1603599943
881238476
-1948397183
-341424844
1378271140
187852694
-832484087
1882106404
-547190632
164397804
-767927457
-450369097
-182383260
-421083149
-2132861252
-858188648
1015811999
1341600555
439051154
-1677122222
-576823589
-920293236
-209878304
-1978477038
-229378789
-985190164
-754018873
-1741058383
-681908607
176288163
1700908637
1464905458
263657547
-162588048
739248577
2081863943
24507136
-1475766882
1274146671
951722074
-106003482
1106921058
1308373461
487964809
685621686
-1337261689
-1891187674
-1148239695
494266514
27126860
720443757
-832444690
1416831286
-1065261684
1495449828
751083554
-432609426
-1244209889
-494341242
-1593688074
-200350777
2093301120
-2069436702
-58245858
266546313
-1355428945
844626225
2102947296
1590895075
-1469800103
-1975514454
1570408662
541546856
-939776715
-875063275
-502632975
-1334686534
1170548144
-125408610
1539472322
648068996
1785428427
-1306988309
-995527436
-1604972371
-277787580
671716720
413907484
-515904823
1298756851
-220682751
-2002265163
-1596979245
1848870007
-582836056
-1694250907
268565529
125462033
667810232
1097866117
1874738295
1784724431
-114905310
-1615638560
162190279
-699115284
776944902
2091834041
1162705815
-122388874
773048205
694973202
-1586885603
-1081295311
1822789109
-1574827733
-121407641
-1386174533
-334365971
520041032
152355798
2099422192
-844503518
-1904276297
-965035572
-768433521
1554176793
623239185
-1545717596
2129100317
1418033471
1866595775
-579180830
1458584073
1402552637
79406528
-1399246421
-1475838192
-877698159
225964968
2119421815
357431779
-1884068774
1519327211
701250052
1446674438
-1686001550
-1512677029
1076876173
203497210
-2098118719
37935855
-383603909
-1370850914
1174372560
615612869
70653148
1202657233
534858140
-1443997847
587499474
538217564
1588001196
480498775
985135437
1195152655
-698517147
1081114302
-161536580
-1843160791
375906973
385395078
1623817600
-767677956
-9265555
2091294612
602450146
-1417975343
-1659237301
-315900084
137484103
1506573576
1970013783
-1879487913
1332235682
1078946179
-1425221900
-1290801755
1323165737
893257797
-96636006
854672821
-1798470838
-56103595
2122977513
1500439316
1715372000
1124624872
1539662850
-1631153374
1847580322
104336574
2053514514
-1724649189
-1371771173
-1186249524
-90069201
-1290042539
-1097749409
1961232922
1542953318
-411834170
-223582019
1000780014
1972389140
2069224137
1447021489
801655594
-1341137548
719587105
-1922255140
-1640023054
-1063865223
-2092431811
1768405174
-224861807
-942708514
-1416498755
-1969833277
403798428
-597073542
-283353291
1159651076
-35544232
-277927464
1039057711
1869496496
150414424
-1211268089
380928118
47483939
979555178
307839917
-92330095
-268918250
-503329356
-2115025310
2028907149
455653904
1719032345
1227562298
-339572480
-1301956580
822025952
-639222877
931346505
2145495484
980520343
125484914
-64795620
984915485
1249028405
-723376585
-261348547
1409961355
1330088574
-1065778216
369237131
1010713639
-1893644629
-910553507
-1240950721
1887667158
-118612919
-489811192
-668055178
-636497540
-719975839
769108136
460233708
-1567481495
877082072
-46157010
2036150793
-767633645
232309017
-1799811968
-962805983
-114045947
1049688560
-1223891315
1970455032
731992599
-570031687
277002912
-1099046013
-2059098913
1788761017
134699513
1739390453
-1064075673
2091437515
-950275175
-1225715719
-1480604897
1314529086
-976280739
84189243
-323651307
-621297155
-1903206834
-246983380
1755610723
1901519344
751259703
-2108373754
-1228229913
-950544734
-1045823882
-471219698
1481279801
997004068
-2070035433
-769939688
186987225
2026287152
1494383390
-1072076720
741268392
11138192
1635804963
233204790
-28923751
-1307672640
2027074852
419131626
-1618776664
-1374618926
1280943254
263848361
-1700704502
1986360209
1301130685
1667448983
520864165
-923679255
-844220099
-1207236418
1872928450
458930054
316390640
-1039356842
1863335680
685025722
-269069832
-1659448506
-210644853
1580402083
-1954080744
-1774699030
-915252082
306169484
1334573631
-391155689
-871616539
85378707
157460581
-1730443173
-383018217
517386636
-1215767910
-104020087
1068055939
2125709861
1605710172
-724071309
398544856
-1382634166
472729384
-143341575
1603314122
-449552438
-1066219693
-1226363582
-1737015550
1815179834
2091556377
-489905591
-70521003
-1011976423
-1849780746
-1942506341
-1135933896
-389511371
-680856012
-563800482
291386739
-9719732
-1100024123
886925205
-2130553067
25897461
-449831598
1360252833
803955367
1353544896
-510797933
-2087310582
-589954652
1979238300
-1063000351
1122750847
1190754087
-925995143
-233869048
-1064552421
-1081880858
-741735122
-114046366
-752421911
1714784095
-35414629
-1053209312
151707818
1624320848
2009225234
-783166998
-300781611
1063685739
-1774260494
-1284268629
-766024738
-1412914870
1626091157
-1854613339
2052094907
-1544023904
410351211
-1736514869
-1440755037
1966875569
587311206
-361621169
218167320
-884568573
382413465
1833427320
1798439975
-1286199211
1526980379
1527385273
-727503890
-367541040
119944753
517204479
-2123589026
457413244
-1488798037
1841469514
-759000766
-2031565835
1525405838
452947583
-2078534016
1631612253
1247243763
1835568251
-1396657763
33279380
-1268197842
-1727469205
1647705478
-695109978
1322469169
-539856038
1414402700
-78640763
1772583218
153228299
-1742467920
1211398391
933585036
-1346457848
-2006699488
-1678964783
-556457502
125922554
1796308481
-799967643
125346954
1877403707
-1210936465
1261179704
-1533450457
-2068967767
-236167999
-1011440904
-1349748073
-1969042243
514906897
65622956
-1325349104
-1845504549
-930289158
65613613
-993394811
-2102125077
273152931
1355202772
2078074702
1720571943
-1514860292
-980098444
-1340617209
-1558835402
1061450311
-236264310
1102865847
-1106957702
-1327895590
1248101810
1831753524
-1662389083
2118357794
1373990237
853293254
-1474168942
1625905131
613227969
1366215434
-1680129710
-485628451
983798032
-575365095
1019537028
-511862199
1503000044
1115590889
1251268072
1863356965
-1365360871
-1224497934
1843319094
2016482389
556235380
984174612
438411052
1609030700
1705780003
997665463
1571605221
671352881
199942925
-146044876
-531463055
319598885
807499660
-916942989
889091745
-586781372
365210977
868727252
-1971083742
-134790197
1848092648
-86254510
1921035724
-1095248710
-2047613044
-506978586
861596732
1682487515
-596196484
-67860952
289830559
-472949246
-2032121186
1708061500
1666835664
1036903317
853196739
282181099
-1307948379
-2040677554
245441820
-44610288
-1520635258
1449988671
1949207277
1147425077
669101374
58410518
143070592
436766076
-513684715
105966242
1521938011
9444035
1717375518
1710498709
-1355639628
-1413598973
556746188
149051019
-16301788
602604280
-733080629
-140215989
-1375645541
157722631
2075687437
-513572789
-1294341484
53186651
1940781602
1500950905
-270772599
1727668048
-447402548
339599160
210154664
-1498871788
610177234
-298463320
-122614331
-1928572789
-1943432172
1381323818
1258352274
2123308659
-2067837473
-123349726
1176437262
-725962040
962026370
1274172927
-1920508101
-1163446422
-1739536351
-1449904777
2065989139
1090077436
-388887352
1091907095
-714078276
1826174734
1776319938
2127715066
164886010
-327164803
1794160939
-1924905768
1807332836
-1614421479
1408690884
-1068745918
-1520680486
-371580535
1813444870
1562869291
256730806
-1793274261
2005004153
-1666384982
99461184
559674303
-1341179323
1954719229
1142520039
1905255301
771065609
1665377744
1866840238
-1359184733
-1477419285
1801514175
913354596
-1232704756
-245576209
-1659245543
-101976553
-1067858401
-894915700
293827559
-380173366
200388940
1242912892
1399782956
-697740955
-110697731
1099433427
-1218123155
-777631508
115684786
-819013293
-1509397133
-1593543692
-192501906
-1956412674
-194758321
-1825268399
-875271343
732501995
-267705955
1674369556
-1995116154
-1305721251
568868877
1348906420
-1516762786
1745499921
508452127
335461770
564167101
-1877757994
730767661
-539506814
-325260364
1829194595
-2040868434
789172239
-1856543889
1788271204
-2068341064
1191295839
-471956655
-784776747
-2121808698
-1698380336
-2040011427
-620008813
201393851
202280865
-2087790889
-1994910160
1273512998
328708076
-312991190
-1786270458
1703030727
1279132371
-2087841012
-38381170
721054290
1118250746
1469454559
541066482
-589625998
126410292
1511238490
1677134048
-1404390640
222971264
-1111337624
-155997536
812131540
-1116989386
1294666320
-348671128
-528654357
-833260931
-998823659
-448611857
-1087502069
1241892607
669372959
2141778239
-747639628
-251397152
9335578
-1559785265
1934444471
-303176981
-1637503715
1775184336
644125691
-729120498
-1775765233
-787644985
1796332926
-1904944888
-299913658
166046299
-1654004838
-157536928
-202223760
-1891713425
-756053367
-2026771048
-772062794
1260260467
-1519361749
577553058
1517834782
-928789001
-1694679290
-653562221
1949216048
804646017
1421885069
-923176042
1433742556
835584927
-1295935580
505591330
-1577377638
102559806
734076515
-1230860689
1265693651
-1249410755
1046637082
1833827621
665474687
1705319741
-398071660
291501910
-836252658
-1256033862
-930520672
1124728238
-445660021
477593439
298757836
-367365399
1685955583
318871445
-862999693
-1727175292
-535864301
-1941495972
-2123194118
-1292648265
486571000
1999907678
348304214
-1863837535
1248582283
-830715583
207884752
-1685617211
1446723251
-1623258564
1356066828
2035827636
1197386253
651305708
-1539273913
728696588
-799331893
-747817880
-121258017
-2126561632
-310685223
-358575470
-1264651496
1922151416
1240057408
-851338320
149378332
509624059
-392137009
135034170
1099808579
-838041366
-1617071881
1944338933
1672589973
156424848
-277320714
-979884736
1324563084
-1883631177
-1518177480
-727406675
-1365788643
-1286383138
625693433
667832531
1694619897
-844778456
-1241601234
-1494513055
1327185679
1171970710
1791282341
-1476321162
-1707959211
1039346296
1097974891
2083910448
-977713464
-1893121504
-1836107411
-1940411005
1735887025
1258636761
2138308705
1978897739
75444520
-1171587049
1759939046
1050921123
-1348982563
2062373103
-1057648919
-60654473
-2024075498
1399103689
2139397963
1958350935
-823516429
-596817325
-926910784
2059537294
-461832967
-405917768
-1182188550
-632924301
1020779725
1796665105
-31519227
-1770566914
1128238911
2110286363
-1522564108
827743133
1156001930
1129420074
1135149757
-1342404792
-1463988519
1133887837
-874312351
-1944794158
-1590546163
240178707
-1166478513
-1112129662
1352222141
302067101
1103528202
1466867426
1283718782
1162217780
-1068722423
-1173920810
1507367779
-853749715
-344077603
1805433327
-1232360761
-900297109
89224857
-281091071
-418692791
1078093332
518904429
1019995890
-1596510697
-585045882
-1398786924
1698205141
1907470191
-843085172
-2124156048
-1822614730
1334340451
-1613060148
145253874
-1781843017
2028843228
769116548
1175883327
-394785317
1693861088
961619061
-1425081712
1449022241
-472891369
-2079948258
984729689
-1595269548
-1280589685
525797677
767636909
-1774152927
1742107566
1152031026
1641112800
-443839767
-1904788319
1013493141
1363031661
714748632
73890483
-1064961078
898260250
-979044554
-1568951257
1922121922
-900132775
1645498365
744859961
-1363480156
241565937
-1525726550
863376227
1960494012
1609921501
-2087735976
-2027645732
-1187954765
-1787779212
-1257787639
-1498899360
265475073
-947853623
-1400585913
1247166774
-494069090
-1707217068
1542608619
-1524737169
-1058126337
86674641
-1125706692
247553131
-1742608064
537169768
-41618373
-1036473439
-338325603
-216301555
530968380
-1445819490
1703597862
-147605719
-1978403144
2142817101
333710003
-114181767
1210341985
106612601
-1965869292
-1021051082
-1728320905
-1128824688
1063507853
-318797450
-1371378854
789366954
693679489
-574232110
-1755238817
423415240
290522988
-2012110777
-338566170
-1114930080
1456560918
628093793
-1044383061
-1670793703
900527877
-524441963
1603280988
-1457801006
689921842
1663972079
872855404
-144305688
1940713728
-671390228
1660900903
4884920
-1193489815
-1573549400
1496621829
327447394
407728250
2097840444
-1313267134
1897606352
734587136
-2091095967
1756809389
911088374
1930705795
-35209896
437544896
-1550997926
327257459
1371215374
1828538096
-362218537
-838120031
-640886406
-264733114
1385207197
-802020624
1607834186
-2080184785
143249531
-1589734836
-1320028227
100118671
-1078980256
841125849
-17749806
-1480524005
-1343996130
-1052348561
1037014434
453708519
-1777101711
1213196358
880222986
1372172606
-1177874880
-274128915
-1339681652
-762742351
-1851983326
628682881
730310774
-1165858446
947022115
-2095260134
-182988220
1001666530
1195018950
1749577608
1126020930
1236842599
-586795954
-722149826
599708021
-445477501
1002313785
2122797454
-2090410821
193689890
-1249480180
-1069344490
-1461784015
1159126578
248195670
-293561734
925922772
-1579006088
-1894009106
-965155245
-1743340950
-230226015
-542229634
1828792422
1619820450
938296983
1842720325
1552967448
-365908358
-618524650
976160023
698172961
-1039140896
1919367038
-150622551
2064171136
1444362652
486352106
-911221749
-2044326482
1078775148
882106240
1604804213
-901831147
-533911952
-1622021878
-919855803
1635293891
1902731464
1463074502
1820944456
-1410419622
839690107
-407366791
-1494767048
957418827
1257739418
468588233
1445478277
-236905661
1257172900
-553361972
-1696500393
-1475650588
7171628
1020674267
-294849324
1226447032
524180153
1759953580
-10805602
897316450
1323386348
-181840737
985799327
1074250518
1276454376
-1063121832
319266824
-146130870
-1528068115
1163599501
-785335914
1434559405
430618694
-2034846944
1823672854
1240902488
-808450971
33646192
-1418242773
-1381981885
-1510900916
1285229547
-797618097
-1057547783
424726573
-229603865
-817037289
-524698993
921125716
886752946
1187128762
2123526610
197965124
1612992231
524452051
-670723905
1650083872
-281559805
1307044197
1432778295
1686844237
13582903
-470579680
-759250445
-282809004
-240775041
-1093688606
1895908020
374870028
187307506
561638271
2109805503
304126711
1346214235
-2045767995
-969368184
-1596950548
-1533178871
-1722479174
2129882541
-279517706
-8739613
-1566196953
925440549
1795403388
-1944020801
1832333145
-184114247
371869857
-1654127629
-203279322
705104818
1112100589
258267435
-1284838098
861081811
92351276
395078012
1080311906
1294681993
-1737548650
-475309639
-238894390
1893663072
-1557136337
-1531635451
-2010436222
1711650745
-1633655951
1895541929
1615109893
953675194
-131720921
-1829247705
605498541
1407171973
-458692453
2075611279
151226490
705201323
1897875187
1535540752
1835581202
-493329438
-1233818921
-574396719
1457082888
-99252746
1507572311
1194135553
-1475268000
-1530633731
200520460
767736364
1760714578
-1064604466
1193324668
-1349111344
-1293537970
-807670349
-2118896446
-937814736
-1923253952
1158081117
-1442605202
-1834081433
-1861596140
6315544
2062499498
-1430722369
-1726893444
1795305535
-717109603
-1094755261
941411568
-551313935
1070578451
-102743406
1880906742
-586085628
1403438941
1461873142
788679843
-602182087
-1524268939
-782101580
-186054303
-929706831
-1933365914
-761586011
1901630193
-1771407200
-1931398678
991086341
-1042963021
-768014529
1534459732
-574812278
-1142460635
344535559
1492889520
-1066981448
-2071685207
1789794075
1745530664
-1125031053
-559897462
-1564963579
1017845672
309893077
-1902184896
1385069989
-840064315
-487067327
-251599117
153648229
839341530
-1326868808
871943485
1800801201
-751219596
1912450666
1306781492
-830716506
1015039215
1298438032
-632720985
-355869687
1050530656
1185049976
203255718
1721148282
-1966645579
-424728607
854189639
-1521213976
644172827
-41423736
1097437351
-2133346233
-49349473
998991362
-213168081
1797173120
-376012521
491008972
-1115300584
607572137
-1899943869
1122092960
-2062058704
1660323957
1652050734
802243593
327530205
-354290194
621804506
-873648071
-1825739166
-448662431
1207400987
533992730
-1212961951
2051887256
1308725955
1180915618
216797344
-1735156402
565267711
-1621826453
-1332617201
1205623519
-1915123200
-137133950
897375497
2024039999
681867997
-1228745858
-640971046
-712056020
-217968457
-1867153708
-1726961791
-4319833
-322254051
-597895574
2724534
-715399521
-891909966
685969001
1312846125
-505360401
-1642250739
492434007
769393692
220466059
2079438560
678787428
-1107014405
-1473420811
1707394395
-211104765
1454040458
1751540724
-1126071342
-2025746756
1223840792
39738248
1383697564
1517192768
870309889
1612734488
-1738388418
443279549
-2068338057
-749078035
-112012855
-1686835085
-2013589627
-997979933
-226246272
1557103495
2029884241
-718871971
310988221
191366423
847568801
-9577863
-1940301292
1009820558
925668767
802008196
133049528
-1393117128
1955526624
432305840
-703049187
-92926952
1690284194
-2047787772
-1592224033
1050351097
-2034878379
690759571
969227234
526550466
-736518052
-920129552
-1215575879
-1093291762
699909652
1320694240
-355262389
-863456004
336474644
-1621126319
592952243
-638033598
720054198
444856203
-1319751832
-2106376056
-225335082
1104556453
-554279267
102388211
-298618407
-77731271
-1716780822
-1959049217
1262498289
-2056147878
-1217962452
1259298961
-281443426
1559121350
-340040536
-871945652
514812279
729818712
-1144226442
-713241821
-738110678
973327039
1328399132
-1272210386
-608440640
-1322566028
101219960
2103783105
455887397
871354601
-1941697053
1575554746
-129693465
-1826088450
1679989395
1506137627
-1468353986
-1289958984
-349618111
-1174444584
1929927499
1651392308
-529495285
1411340272
1918775716
810031833
-840667237
-862847295
-1668306416
369049548
617161095
1879279000
1538217870
-1995835224
-1018401798
-1760164217
-1855803748
-1123470482
994144404
604154235
-724027211
764741818
-73469809
1212489869
602864666
334365240
1026982946
-1299049064
939924437
148362325
-1180867543
-1337041653
-1864895494
-2047246535
396732933
-356122113
-197904848
1063914227
357640640
-994082933
1017170543
-724544778
-1441445259
435731287
-2094958582
1156551875
668565742
887133551
-438134032
-169757209
730878094
1085874521
-696030930
1390114088
-2115701135
-1401168791
729844919
-1251607813
-277470511
-828738222
1627919719
-21201608
-1598528341
1749809408
42731333
1437854224
1512123298
1103067301
536414472
-1988243906
-270171102
747273490
-1144326436
-1325995396
329642440
138074951
311516517
-2075841480
-938275840
-2091336116
-2062409469
1519385991
1294778607
-358679998
1549325656
-1831264167
-981966189
1711078580
-421164794
-592738066
1000858153
408350258
-401208899
1723394952
-1024533042
422435104
-1693391756
1976955234
-1058511767
-1482495541
-1054235147
-1991227168
-1061514297
300293052
1026170783
-1449589497
-1705806585
-61740975
-2124106649
787546158
7125815
763021960
-1037045217
-1905510923
1387939903
294824990
564919035
394020982
-1451123715
1693290456
1488356175
42050747
-1558801999
343280927
872048541
1961228911
1553731483
1756721362
1330912975
-667288873
-466776862
368875351
227839168
-352611582
897618360
1064817651
-482346752
-1706486465
-1319397958
-590775972
-1333842472
-15137330
-567156580
392943499
1700070283
-1093304613
-485863163
131384021
1401609183
-1179295833
2144415159
-144574404
-135605797
1882888
-1785502478
-994643198
1082565073
-823052013
-1876697574
-508950657
1144425886
409362454
126992791
1432868660
1617674543
1586559180
-1260332292
1213297183
-366609592
1313866187
-1193051798
-2104837808
898924160
1057809985
942109238
1735644859
434540175
364637151
1507731913
-526262704
877657548
-761197548
-742275384
932703304
-1165324560
-1997755266
-931662988
2143507650
1650798367
-1735988579
-350957230
793950349
-1115796439
-1533579575
-1889074419
917050183
-430519540
130218597
-1512050533
-123005274
-1027644739
16196949
427403679
993421077
-1216717017
-1003487572
-1070724594
-1812492926
-33025933
959087786
296289556
600617590
-265000310
-374200347
1310341688
523269733
1633720535
1365691845
916994238
-1106674873
1542163025
-54786508
608834892
-1645186201
1841871288
868837526
1056060879
1623705978
-1165707746
177163255
272594847
-1415760398
-1360318552
-892187005
1217926112
-2139171436
-612725611
-1495048134
-1914444245
-160262841
-754103681
1473332451
-1236141714
1448609583
585215969
-1076117183
837779216
-1083575046
-2069065255
1657792388
1234474072
1536574329
1122775598
-1267190014
-1827833329
1614281586
-1485014637
146965286
-1079172509
875072436
-188870100
-1259809368
367016205
