2114132858
1856419410
-513467748
-1105571527
-1167847645
-153302551
897941124
965755245
216963795
1676070023
215098349
-153733076
1667850700
1600936562
525732521
-388394628
849546203
1449132329
690719377
1466483088
-1703044643
1634784148
-1511053911
-921491947
-507773307
2139393405
-1182082943
-1608247094
1477050205
-823395777
1706790109
-1331423402
-843931126
518689468
-1918332264
144970837
-1661359661
2135262868
738149060
1808025011
1834019172
-1642224494
-226283242
271123517
485125326
-1063594390
1579519873
1126535285
-1783316527
-668523615
381462560
403558565
1071567966
-1084067892
1335791960
-786605002
-1982509738
-1764268036
1290829885
-1837930431
-461164136
-854764680
1387158836
923298150
649874234
-820397140
478445274
-126124324
-1671973099
428875618
-1160794332
-2115831095
-387618682
1155343663
-541729081
212638676
860988787
1191051567
2039229146
844057591
-478822772
106693108
65345720
660175001
885360595
966752443
2028743723
1770280923
1715295581
-1647546144
-547210298
1814409010
-944996263
-1439765869
1491085201
836693813
-72042415
-272397108
1983632875
-788416329
-1399413584
1260716667
-1085957460
-1223745768
-1670866301
2077587204
1976724617
-801621032
1608280707
-985733654
-60191556
119269228
1904577363
473706953
624067812
2019994452
1658921989
1789408905
1613405993
582435181
1148566242
1888438992
108477603
1316697219
2004388970
1131603128
1042066940
-1197705686
-977088871
-690596414
1807184467
521272781
683762795
21418505
1229979747
-453851897
699254178
897595066
1346338276
1842066737
1426529990
2071151555
-1566701263
-1293002181
892267885
-536265526
1561950506
-1435013441
-1937990468
-1882446496
-1365395621
-332819117
-1169168851
-1889923978
505813085
-1255550178
14809746
-1476584689
-1969138052
-160391251
-1357793447
-1104586185
323490457
-2086953465
1919380496
-1371773901
-1033896110
502878974
2119234603
-1192594183
2003049055
-345412409
-27318011
-276328990
-1171482562
-1354666035
-296095708
1477615773
1295476242
-1374757695
-191862335
1154741606
467428808
-1324538891
-48299130
-1430306696
-2142844805
-457770518
-532843623
-539157824
1992239897
-465575641
1581440985
-821636654
-1368893114
-751043252
-1037126298
1132118816
759880320
-326532250
-613878682
-729893272
2091494787
-84911229
290780166
1118366574
-1117989394
706856841
-1283595585
-859844885
815046694
-16047293
2010416858
1554746053
1781710713
-636743236
971637557
485746047
-1525372282
-1915638832
1787536455
1878533362
1367136733
-2019720193
1658845536
-1162483651
-1736520478
181965700
-1452949963
-1999688455
-13895434
-1220582235
-1640408932
1036972977
-1082259753
670436940
1863184019
-2085668976
-1512242617
-139995945
1586714758
-1751503524
-18456597
-205552597
-1764592687
1460403619
1006894454
872601359
-291661438
-803639757
-1397719034
632061878
1204501860
452144846
-533154611
918922653
-1026754248
1610923294
-1096820748
-1724322665
-996833211
1351160806
289859003
-903456475
1239709459
-1637967494
1532320228
-90135029
-684291214
2122776944
2028208465
-932061409
1527130305
1062671768
1490076139
-1592896156
-252234644
-215639512
1110211782
-1145421738
-1002553674
294109499
-777884030
1935122567
2118841272
1595728252
927642100
1637300074
683284648
-36543458
542099716
2107680878
521378142
144973327
736710616
-2064443570
1377659412
-848525204
1051475505
-1887381593
1809072493
-2003071946
-1940694251
622723530
1420259000
1625412934
-1121401170
-746389293
-1331343243
1598677118
1130610290
-828281350
1780100887
-770229951
1146879875
-769995480
-1896120309
827824676
-1952027817
1603141325
865457400
1922622693
-649801061
-1150715152
-946603192
686957979
-1437791660
775793031
651825127
-1229122257
-351686841
611052552
-2045277365
-901722358
81345435
-1362875329
1201637811
-446321137
-2026483012
-1653865374
1749472178
-2053798709
2090755969
1082643554
-235181330
-747985685
-273014640
-1462806397
583114533
1963157998
2105351937
-1027828434
1727983473
150420251
875105089
-1566757883
364592076
-29017932
-1216738248
-340038088
17107669
1852049514
1577127086
441827350
1546512339
-2061667052
219312874
611328486
1902124282
89642395
905326236
-101387784
-530625043
-174428359
-630177540
-698926090
760854148
1111049954
-1501093070
-1774573185
-926412338
-1326967295
1541385976
-1345951755
1018588505
1362843239
1180462461
1838126998
548433072
1385798016
-1540853620
1601771465
-265305820
-242311481
-1556866579
-332741446
-132916785
-678109829
1168930059
-1382319576
-1567223851
-1736346222
2086405846
88108925
1453183725
-351683602
-1955710998
-1513242338
-1953719777
1033426382
972864752
-765084924
1171365071
-2128668793
-513760956
-1160136565
-686712839
-2014569870
-1799956520
-1283936886
-424729667
1916780072
-710773161
1779739811
-1455137506
340625644
-1890255219
-1700135205
-10033146
2100370280
-293119483
-374890388
1914408333
856271772
-1701549069
1233270489
-1376847238
-245515501
1804623188
-633875389
-117612023
-884507561
-112851117
1157372923
-192214802
1174248358
-373940242
-911631272
-731120487
156458725
1095371993
806253001
-1516668228
235294932
-844726110
-1846048979
-1774727927
475982722
606619157
222234465
-868770496
202176003
1222106593
1146606618
-789969560
-1887467167
-2142842245
-1592191499
261021788
-1534857009
-929831358
1579825612
1062805128
-1191847644
436305891
-794759349
-1227021580
-1879145593
-1604585218
2053635266
-1013355390
1376251750
1109635849
1612643388
-460714125
2053386155
-884402572
-1886366257
-1497644241
-1996988623
495378446
-405009611
1457227845
792586356
-1303813978
256583835
2131503791
-974908280
936874741
766045881
2098930779
243733836
-10671173
-365163998
1724031974
-359596321
-1983707097
1397451740
-130106454
-928226223
-1472881029
-1883269325
-1185415942
209161117
554652912
1932163273
-1369046100
-878547753
-2066292010
2123176690
1643165143
-2020544351
660611071
1439943486
1891580893
1581130211
-115349923
-529103530
-510659413
-810268998
447343082
-466307317
-744166849
574166192
1918479047
-121589332
-1744532886
-1785957330
-1466571352
-610247529
1090955222
-1735686354
-1137695122
-506594030
-2034104501
-1418664140
-1000840939
301803355
2104425773
1325813374
2058794191
873803005
-1189617847
-1783947142
1018936689
1236507748
-801616176
-1856600713
1767511822
-1247894093
-1183277406
-655159905
1315043297
775452885
-1077749296
-757264604
1491207279
511832274
-3985828
-382979142
1820246509
-1823727517
-625098686
-1979455164
1222920926
1411224519
281028795
296593873
-1064556032
2051627991
1473586624
-520401207
1665892200
973289048
457522636
-811670685
-1346645012
-1306695792
1834441702
1929947738
315834048
1557272859
1001433054
-567063841
187089251
532894206
581115606
1221679312
-409207365
1215945724
850309124
-1546736598
1845340798
-564352472
91283893
1766538172
2134403540
1352635579
1216037524
-967020771
-1287920070
1866563111
-1656149205
-1606607904
802576809
-283167381
1242665898
1818468869
1520362231
597797289
-1346764313
-1904682062
-932885124
-1578941707
167498662
396481570
719597303
-1030654865
1746757913
-1288078884
1373405107
1586289555
-1833634903
355909672
1569722597
798720207
1040379127
-514923586
1610777944
1202064725
1154382365
917161664
650031179
2133985842
93208376
2114033643
710442649
1280867487
1867278122
-430294776
2042744346
2006545303
-312679524
-86501209
1477105481
-1058907479
-1930876607
-1324387569
-2121462490
-165272049
1304751202
916991600
604608349
-884757506
892576149
232113754
1647495848
300400447
360629967
-711067022
1084900209
-1260527875
-54970211
-2075184030
2129888954
505122785
1342969774
723704081
-1401598655
-822103461
-206699884
1360460052
-1365123874
-536843710
-1167218741
63837283
2080445488
-1651020896
784659449
1325065551
2120027256
1692778694
-1694867337
2026464947
1996256708
1753570725
-903207408
991267177
-521924273
-426765216
426334215
-111981312
1221258791
692633372
584133470
1628647339
1862487056
357348122
610332245
-498521733
-279689048
134271240
-1769376720
1546364624
-1411466549
-263272813
-1977812675
1323513357
82436152
1073501504
-141901035
-526721910
-1776631436
238006908
1241383201
1225541326
2086891502
1364284657
74166624
1889683453
757432931
-659766502
1293127014
587160719
1758819203
-633915623
-1582021721
2002592834
2015545045
-939775032
-1544322827
-1894447279
1954748375
1344087821
1182699079
-2098103578
171734888
458446193
544245435
-34957108
-1125270678
364301043
165112285
1055391336
-161897309
-445088486
-1576956375
-431151383
-467403037
410602057
47265742
1588901054
-1568792724
-2055626154
-1276356684
-577610168
1236428173
893559900
964343488
-541429295
-246111856
-857553456
746918230
-766958405
-2015918635
556095186
992732959
-380427780
-962230722
638416837
1427440395
1315703753
-2082616882
2022855713
-2133131367
413590673
29102732
107198087
-1036367019
1635750700
-1698906195
-463779307
980119970
895219284
-1493414415
-642769669
1825745849
-1236911277
-1251739060
-112773042
-1104609807
594111486
405498569
1557487900
-876387008
1660184545
1515291051
-1808574785
-807347967
1704377531
-382943531
260514422
-1490017033
906891820
609604459
-101037007
793436049
-1418584916
355814328
-35780437
502464623
-1655157825
1621586769
-275008322
1639242532
-1261983898
381147003
-1545522702
-563641795
-947351336
-123204663
1415444566
1998706306
1273191026
-1433692919
375320979
-472201605
1285286635
905780832
-2065403587
-1622179275
925360075
-720413516
-307306900
573744966
2080367389
1641956425
-210509173
-1085036275
-909891485
374043822
-1472777873
1771960638
1794589897
-1162150182
-287359317
-591154019
714200734
-1739331183
1540322337
1952438281
14987263
-1113974772
-2032747044
530071995
2137422036
-1989314856
-1772454115
-2130181425
-1973093376
1255445246
-644660045
1614726404
-362703916
-1044971677
1060227215
329926847
-815568445
-1072812943
-602400105
-1282719915
-1375634084
1247385079
607912634
2028406153
1133618804
-1148359859
-612044732
712770131
-603388254
1518409148
-1630991758
1842785763
-1410490897
-548060900
-1959643575
134317284
-1434454322
-459322691
1703749027
-534090747
2134842697
-1801307510
1888600970
54282164
-380086915
-591680917
844468680
303287340
1521960264
-2102575125
-485635138
-924661326
444761408
-154035173
1531994740
-1916438246
521915622
634774965
-1553979919
-759067504
1568288283
-1166061181
-519983155
1017055380
-1373105198
-1231663871
1125901060
-662230714
-1231685626
1871130433
-1153428212
-1504323613
-888273682
1508021262
845362216
-1857129329
967054703
-1796881068
1624407806
-726861740
1413531858
1725290174
1325637991
966308714
1184734646
1249793953
-1635169658
-1735513160
-403486648
1741602584
1030918171
1437196186
1450882992
1402992239
-739462375
-174722843
133463758
1599972804
-1453057675
1954085927
-848194523
518334187
-1797615296
1231331378
-53240553
-1012514158
-923389705
1269201371
-416663470
-1909449819
-2136119015
1548130303
192281482
-1793659661
581573370
1630186438
414259304
264600849
-658061097
-385517269
193518785
-275288962
-1549389015
-1683076165
858948107
-137903608
26670910
1374974876
276365324
2006014317
-1996881148
2126450384
701028051
-275441596
-1568935385
696885947
-1579547668
242486557
2078189663
-1940764190
-1679321394
-1094066969
-1978548990
-317294091
-211314536
1284907666
-2043835424
1095214607
757938940
-1477860108
-707920049
-797884101
-1475706245
1486259952
830957444
1725818170
1118166994
284218837
486601508
-1046371966
-292852557
-694216189
954572058
-11815286
-188170312
911265236
-2003459158
-605929148
836602772
-735387976
-1315971898
-403793173
-457540213
890805409
-768902240
1502179582
707464995
-953042014
1974475648
1740757387
715013916
-817083438
509813719
-1263867984
-686987876
-237253770
-402728557
1158644830
-1040214098
-341002402
-2022133324
243568480
-828682771
-1105314417
-582895330
-1450341221
-1331740036
-126749150
-159046223
638083479
1479981624
-287062421
-1785305962
274261821
-1557353167
112874076
-1694418469
504714210
-45841835
-693985237
885245250
-1249853052
-491367827
-1431317965
-379355051
338777170
-1791498675
495065879
369854910
-2095856271
1423631431
1789284396
-1963732524
282482173
1436279008
57785880
-1388970887
1138847309
-1341831482
-843832394
305007650
715419003
436488704
1960048445
1674717750
-127832798
742218343
-393782880
-1739710308
-838140567
-351221420
-1164026826
115628175
-2039276224
-1068001638
-1652982627
-1579191628
-80022807
-957638474
152140508
-428028819
-1595471686
1787655237
-1557926457
-915831185
-193719776
-789702986
-1301661273
-1108287343
-1341883161
449357887
-889795303
-1198260505
1191137975
1498753300
1294911542
-659526641
-1199755551
-1809109546
-275484172
-379851574
1365789787
-1590726839
-1342627893
-1393461042
-1165955063
43917642
1760785307
-2110493479
1774695230
-638630657
1054938060
1387022857
-958172543
275868239
-494321225
1630312042
-1892621165
-1555393388
-1461194172
-761154864
344333744
-11127153
-167818029
326416871
563381013
894597532
-569920417
1181072520
-1267207486
-1489091546
-80429344
131919693
1940530049
2012001116
-1194869007
665361767
528318758
1156185124
344900531
-1004079954
716376343
-2078742704
-1871105296
-96993543
-1141708018
-1322296049
-1663475326
1178950831
1210577437
1856746405
-1417884170
-1317890914
-1489372686
-247220898
-1036328597
65146123
1772352604
-949382721
1395940032
-819461623
-2111421683
261238271
1207683054
734399758
1134455201
-357857099
495038897
1059000770
-1139188770
-739695406
522542445
-436427750
-1681527747
519548880
-638236336
1606171557
-591323479
1091065643
-1002912077
1355532325
269378438
2067235088
1930319557
2105703265
-1733689612
-1260790700
377531754
-505684935
-943447980
-1116341337
-30507424
1147696890
286748170
668987400
-1413515101
-1540833549
-1003091580
-1924163973
656610323
1329329480
2077511547
1335987450
2033980755
-2070533883
-423044999
545129128
509996019
177054838
-1813152358
1461704524
158289616
-2143200331
-360356458
-618021380
863484602
-1780535165
-1601675778
2006865688
1540601688
283778907
2138309829
1357608314
1324746312
722315716
-1824029183
-79166741
-90562422
-1525870105
1851191795
-22595624
-1840339427
-651019424
-1141936316
444275268
-935025686
1250510168
731237777
816543744
2100483041
225653203
-750961623
-1278881766
-2056635551
-202691002
-2006177515
-876748909
455855069
2038387052
-1423864744
366855507
354740668
-373890471
1101865847
452981089
-437060225
1689091278
-1496227525
-233024690
351040296
172730063
61740468
1473608690
997182426
1509600115
962531969
357148250
1927259580
1950011130
455757647
1547099136
-2139300317
1918906404
231559839
-1279219652
1270755824
405531328
1932649163
-753332485
1272381493
809258882
667829066
-315245906
-2146102498
2024293657
-1334476238
1171625348
1054315278
-37280127
1084267006
-1414905382
509577224
-1889029483
847342481
-1732499982
-2082697904
-439492377
-541272966
676789987
-165766319
1761128404
-2085001863
-466080048
1149242305
187580370
860126530
815217244
1713978370
-1998729205
1227344768
456403292
-872320565
-1194561489
2019917852
-1138835762
-1095309817
-1854243962
326216382
-1700479990
1954683389
-1594019516
-668758381
-2063293641
1575410352
-60228064
-1971196335
-1855607552
-268986744
144591654
-113666953
426567046
63301937
-384571956
1304271833
718447767
-134905406
660034884
738540635
1306187040
-1189820638
682406160
-1965875204
-1983528992
-240066905
-71512870
28214294
242634078
173078783
-1210462843
-1116296477
-320474340
-1646327469
793738111
1409114435
1288552461
1187138216
-944380328
1117625531
-932234173
2119317385
1804742040
1066366401
786370540
-376514589
1358594764
1779106358
1021224319
896895279
-1364215582
1449120819
-1284424911
1360504021
-311429962
2034180359
355211182
-972379953
-1016376596
1557320832
-1224157691
1864353421
1560057599
-1558440855
1652292835
1137376280
-44746854
934803540
-1543416573
713038714
-1393730522
1339128217
-562908444
936272988
-1082286172
1307828126
529868733
-1050045457
1901178044
820063320
2022952366
-1244033265
555747092
-2067510000
-1260477641
-1720186202
-511404571
-2058415254
-698930707
-503982514
956351436
701512354
-702825366
-1860719302
-230864931
-1571947239
417189765
1878307157
896986110
-1837761008
-1950444862
335475883
-1195318159
1291553714
-294607860
2025895176
1818004658
-200704681
-803943775
-356569634
2081398146
-1308806650
-785191603
-610392981
-77647805
-51088580
-443566118
-72510949
-634969210
-804241429
1471325126
1136464170
1718269154
48939973
-319334346
-106500211
1353999367
-86049095
-1488939734
-725677038
-550997230
782557373
-1609425422
1265623493
1238276129
-1280516658
1798985441
1930585494
-2050182102
-372097484
1552648767
1286838840
-2037013752
1974185738
800065667
-1757086133
11303126
-130689283
-1708943423
1742944444
1657651328
1007416148
-1592793503
-1649367188
1029017494
287228207
2121331985
1853338639
-170753181
2014983955
-37639172
-1910303914
186841918
-2102472027
2143293243
56119888
-2038750177
-436502859
-103037300
1768117773
-2071484043
1688294782
-270996415
-513298044
550117173
786088747
1885099898
615970230
-376866506
612617373
-692726378
1182359570
1568809915
-1885766037
-2138044698
-1647801573
-1557753519
-1047345110
-1133194589
-785251000
-1795534373
-883603475
563127842
-74321366
-1533081877
-491992561
-519179451
-1366025772
-942945966
-1990950609
-922377676
590088822
1155322874
218970747
-409441715
171651147
-2127394830
-567537103
2106607192
564529077
-143385142
-1497273245
707295231
1384631717
-667183072
674248186
-1869754756
-1371123136
32885626
470397436
-1030740845
138269119
2115669846
-1753065711
1176062403
852948886
1737387136
1930985794
-745747784
2136436696
2034261154
-1303512060
-445166333
434088665
-903123167
-706631563
-987008500
755939092
-972200154
-435764252
123041094
2096059727
-308238598
501977751
-160564827
-580932868
-1757873002
-1095142713
2055715405
-1353238814
-561503366
978623471
-579136885
1887759356
1497894845
-1379791291
-1020423928
-1946577247
2077644389
1551791752
-1360852421
-1892618268
-307411208
1635322364
191421983
-552729795
1197247058
873569970
1807967526
444975720
-882091335
-1884716019
1477490796
-1090706547
-290215634
659218304
-1512879825
-82999904
-732249083
-1126002276
-150340737
699799306
-213298504
1623517001
1604499505
1479871112
-1218987273
-84567213
1747954201
-971020717
898188034
-1070601176
781621879
806066561
-1458207429
-785135137
1962221745
998605738
-329447178
933847164
728471874
-1119300914
374215827
-2126740878
-970188814
724097910
-1082389297
-475678872
1296681287
400248600
-1283656362
-1553009856
177764155
2051896511
1346758300
933116244
-2102188754
42059755
-143094548
-1504661502
-1405356259
1164845493
2048984256
-302716822
987158548
-433008585
-1618696109
343629430
629380065
-2022358998
-124280204
96498970
420698122
-1840833329
1421367965
-1528597796
1119932416
974981651
-290648508
-42843498
1001476243
1993497837
-338613392
25820282
-6764888
1993963018
2441358
-1517782185
-702456534
-1268342100
30250372
-521436646
995298878
-370300977
1253622278
1522414998
-565800006
-1958061171
-387394263
-2034372985
842164951
-1148260157
-1838226891
862693332
865591076
1777916147
-221116738
13602068
-2059317059
-315137941
1637367285
-1341625006
-165533251
423454887
641242427
2098796052
-1656998160
193586419
-1306290697
-889070950
-1162520627
1248394580
1460140200
-430650525
1619245474
-9831512
-213453507
-665361932
-389672432
442787596
1777124516
-1934842661
-2025812806
-1154944643
-474536032
-2119235598
-707895239
-224322623
1157433055
5344480
1411595858
2062201735
-974684085
1339287525
557257579
-1893036083
-1868696161
1812835541
459917625
1369714561
-385093570
-1630484380
1796473022
-681959829
-184488385
-1373386331
-854263950
-967490487
1591176396
-1910980660
-1086518336
-1527807429
-237911124
638431291
-1435003725
1465926241
-80697827
2054154427
-175243023
-1953505854
-957326105
-1377062391
1787392231
-736035729
1750535597
-746183019
-682147771
820859879
642753413
2125934981
1403531949
-1624938563
791817419
-1418331649
290011046
-870764424
-1873558990
-829800792
1018165718
363449529
281365275
848913767
-664490640
-255680349
1296675625
-795982995
-90844694
-1959098506
-218012396
1852236153
-1346774285
-513541251
-271442242
1583595608
2062415012
-2103617494
-261131645
-565681749
-335522059
1101044350
760842708
-82503444
-1358439310
258229166
-814940922
1839098034
1766969389
676676099
-1560816537
266760244
1988765430
-1781791743
1123354258
107031819
1720817609
1058871755
-833550332
999593275
-340244601
1892157637
-600883218
1410452851
-1588921367
-749914757
458323532
1289027476
-825488975
1616775105
-2126541002
-890399377
-1676643807
2057874714
1759455093
153672659
1359799217
78847325
-1827674536
-745188922
1889899003
877610389
-807757624
827664401
730798330
342654249
-1458673254
261797121
-1367482509
-1129797316
-922170588
1293017196
-1060852558
1866838614
-283515374
128306162
-1923455623
558772291
130064762
-1480443004
55190581
-1476497349
-1089038291
941916714
722477171
-2143995582
-2139779249
-1874331904
-6743663
587330257
82133545
1572222593
-1564395336
1134301622
460953405
1581495303
831168009
1902767928
1488360090
382033810
-1961685738
444296830
-2054121103
-145464377
1104374931
574559280
-2131436823
1812021308
-802484916
1669231710
1764684335
-1893219342
1659104346
-568780127
977147344
-1784042462
-310614895
-1094496129
477980746
627960636
1205207868
1132488211
-1188545057
1608440876
1118860299
15098093
2038197164
-721295906
-1689077684
-1531759306
1456075770
-462990588
-1640751783
-803607272
652256212
1608081942
-275143087
2041602652
1044477401
-325201510
523492618
-900960684
293785171
-2087883611
1544830534
329888762
-1095506809
846814113
1074836772
832530521
930934094
-1970389681
1612634584
-515916501
444521188
-471774193
832038814
-1028599357
793691647
1045697375
770809323
1562988077
1234588707
1069513121
-1366851355
-2038887278
111390516
-685825504
869477653
-1826065183
709419596
-528323756
371831387
666857132
764653519
-971469467
-1795216863
24055119
149173435
1275174125
-334431021
-1838720425
611970372
1055290882
1189776014
2127880736
1005842079
-1393175694
-767612137
1763174079
-1950717410
906303056
-1295009522
-1199481566
-803943044
779583919
-1304355742
738203766
101782650
561442477
246188039
-873805880
-476700758
1312111795
285826791
-1044796946
390341769
698221050
471594005
2085428135
1600359123
-1638645680
2022939208
1905026049
-900478189
-1605361125
-1632258426
-2063965445
804332153
-601029730
2040187423
1150551658
1937846255
-2072490886
-1495423012
-1809405664
-31207827
-178922120
116148344
831176778
1405534348
-1864952187
-1054018993
-1945011431
-1385168551
-1867663107
-752768939
1832532131
1016843884
-726390228
903812169
-1028720628
-1851211976
-178726384
-389324759
-1210767648
-1810006621
496161380
-957566232
439513539
1681454040
-1243500071
-329890722
-2051310772
1123484508
-1992583258
-960611201
-149119700
2109806943
1508885315
1446367695
1886066582
648229972
1873603696
-190817515
1253003995
-1101844797
1564907388
2065516622
1923028819
-1679727779
1959061955
1197749988
585686915
-607715759
1056883319
1733399839
283093116
-1770549283
-105505885
-1311405861
1936254081
-2099203033
137033581
1767771515
-1241222164
-2070158260
1452891547
-135234275
350275665
-716979015
-1520751273
-1481246449
963352035
-308312902
1018087222
-553556608
1257355030
1399595856
-1431317642
1141697658
-1159256442
1421126982
1646241927
1578646543
2056925974
791136390
-1636887092
1584395218
-1096592804
1776951464
542348962
-143002231
496317756
1481279691
-1303498336
-1050047200
-1182334254
-55187800
-30767072
251241439
1766645141
1385577187
-404694530
532312799
215029432
1957255844
934150559
-463247174
-1841122349
152120934
-119493579
-1821297023
-973854014
-836204018
889934400
-731695118
252671949
1615131199
4109399
2104142570
1441985033
977199852
-1964449753
-1517196776
-1067679235
1042246446
-852426308
-75161869
-641786233
-1981074857
-1905752833
-225501459
1836626944
460339782
-38909057
-351246360
2069682590
2122117884
-1083639181
895250409
-1754597094
-130256017
2047452415
-733692918
-372454254
-237180002
1272469174
-1823313227
1050957487
-1184717851
-1348451744
717905167
-469845750
-1965351535
-1222010628
1282083761
-642544437
-1958139721
-188003064
110891677
1498325395
1524368193
1094665727
-1681878929
1704740507
-493824695
-729298910
-674335534
-1337032163
1400839849
6100091
-361809355
716430066
419817938
-1668905698
-1626995009
1524537468
-65480739
-1041061454
1900177536
-1960469307
1917409759
1821780015
-475651864
-53068568
806988672
-1370397208
-925387908
-226444369
-1997774130
848903371
-134042682
280971901
-121853618
1537163496
1931595404
-940460946
-1040682412
1920621103
454994501
610670524
-979942764
1956165245
477444808
386486628
1780309240
1976588249
-1363045306
2101346056
1625581747
1475592954
763939194
2100509463
-1929386859
-2094755316
133005598
854226730
-39519327
494268339
1259597472
-868345679
1818398428
151862863
1459626517
-1807434802
-1494251417
1041198977
-1963662482
-1130938240
-1172124721
1032703982
-1006072600
-102365692
688478116
-1265808573
2047383753
-65275785
1564765256
-1905300360
589026888
-17673024
1176685576
-860578217
-1994491444
-526235988
-1752864656
1669558335
-1817019303
2005910873
-1445916454
-19340507
447872583
127619544
-701237688
537002715
-178740940
1652456462
-1751181197
641683348
911478075
913396186
1447096355
74890151
1530598757
-2120934276
-1034949951
417415571
-638701729
-511504332
147360554
-1897048509
-1889848723
992203305
313279429
660585362
-62287458
-639698804
-762618409
995129104
1165198657
-461379331
1710588437
1413083398
-1752967273
-1004553939
1444001402
304906167
-724088631
-1673923132
1968694618
563667688
2103164444
621572996
-176995913
1212707747
802599010
1757449901
687217875
-1388180425
1249873331
48135331
-1644363514
1304882306
1450312285
1718719438
-1838668335
1921195633
-1991811816
1414442433
1026527538
264314567
-1318747522
1851525021
-1412990407
1915276830
-142269511
-1194572617
1942995163
-611455445
-1713886083
-986417288
-1046311163
-1328369850
-296444872
1065309316
956528372
1193742888
-784908664
272495646
527540931
-197778955
504690413
1425589707
-1531647675
-1101116803
-737635393
69835316
795270164
1747078846
737565794
1236395856
95822570
-657153107
-1044525385
3058370
-1078740946
1549218613
1103445973
1170050687
-1117857070
1759890303
181556216
232600499
-2002925221
-1669218700
1272807865
-397621275
396270145
1207530879
901649535
-1938995112
1610401144
-68223593
1953456693
1139349428
2075997006
1089261436
-762894275
613206502
-1074011017
-1899472832
1719681955
1652968003
-549222554
495322632
603732117
2146287603
1748537053
-1293230829
105987346
-20065140
1506188743
-937174789
484555490
-1508425475
-375890875
2058067515
-1743422267
-1438268243
361695750
-1491386383
245103343
-834999581
-563060261
1142627812
-1054704974
708133480
-1638489463
-747299129
-836766339
-334435478
1775751393
1201261246
1795422980
1869127586
-1130985714
-1862399454
590676672
1006409913
1514136877
-1328575359
1394466970
792131815
-1591773406
2044337128
223432930
-1728341539
-190110807
1700290659
-54145147
-831822363
569800875
604952516
-929354113
1965137734
-14817070
-189266525
-822173810
15972844
783273567
-1548410970
-2066143960
-475878584
438454074
1298577922
1648336558
997643381
1875000906
818231361
1868227552
1101916827
-629590521
-1157036475
1710334867
-701202024
965519436
1672404364
136640930
-1315234596
1565724529
1646566068
277606433
-1966019948
-1727533927
-265328830
-1175887912
-903049974
1118396231
-438027362
-1065688081
-923953589
1163862583
-2112357023
1402393829
-1847092727
311689579
616349139
1329233606
934410691
-1360519805
1677057199
1367934621
482725666
330534993
17109800
-1689341146
-1666869082
959858348
-472995024
-610038584
-390034303
-2113199228
-86808841
-117208895
1249752514
-348012489
-27075407
-52317278
1677279158
-421306846
-122598756
-1927344386
750818186
-2049122951
-1247271103
-534440354
-578802635
194039131
-50793991
267329399
2137015444
-34477792
-1687287886
-850589282
2147206102
-1573415179
-1376944141
442298491
1135545370
-851231829
-2057415139
954258941
-609054891
1223063499
-2032114958
-370116723
-1907405191
1772593645
332130907
2010563205
-205936941
-56421815
1089847653
2079169507
-603909708
2013074318
-1325313908
-1874727111
-1203127725
1799458034
-2108033476
-84592408
-1251013135
-45368950
-218002028
787545997
1451010622
-736001829
721034604
-1110183750
207441403
-439139152
-705891431
21468392
-873091104
1361721389
-1508790161
-2123837780
-421830721
-1224960988
427558535
-1847813847
-1154083352
1923103910
-2145439039
449690053
526128335
644459485
675442828
1302812959
-1818197780
296629785
554823268
-1708411072
987026146
-1650590936
1403782812
-2033881328
-1100167197
515578089
-222117795
-1176175350
-1740213167
1727591203
-605692691
555973939
-1475453783
-102259566
1812591924
-2130783160
-2024687460
1576856899
790981500
345159734
735003774
-1790103007
1896101240
854936526
632898787
-2112069170
134201991
387269048
497131655
970445494
962101817
40024744
1039348846
-1199083934
-1765617903
-1855237424
1818871372
1221967369
1972453772
2133136021
-1020511962
1588833388
-1375555742
1999320708
-1656559560
-1114238749
-1126540533
1676345991
-245478375
211310514
-20113532
-1158802349
780160541
-2085561440
1689674834
978512164
-1973621254
181978314
-852179513
-564426068
-949150291
-271417164
-998449789
1208325960
586741662
-1906890848
707200829
-1927407244
-133385470
-903584989
-1900839485
1517740673
-174196096
-1075205644
-1413657537
1225415813
-1302492906
1655497990
1519685563
1379272594
973812030
-198454823
-780350234
-318564823
-1797213620
423671309
-1336648168
-1040720656
-1811283943
1017526328
-1103741549
862194083
-1805131547
-1679855112
-352866293
-1866148536
-985397895
-1463382197
-1250454681
2080220582
-1855193204
-543846627
181229001
1374999031
1889188455
576846114
-691939125
-991199524
-345089589
-2126668570
601670924
-253573744
1738711826
-826560991
-453701142
684694112
858150035
-860171697
1809565072
1635919450
-1390145717
1112142720
-2069614286
1010600004
-1300384072
579267692
192753047
1111503055
298019592
-1565302326
1078139863
1398296076
-1617067661
-726835999
-1087721882
-1092945377
305340132
129923934
-849297840
268575025
1988974814
-577910680
58437829
-1894231381
1754333341
153981681
-2107690792
-1744506464
589790331
67097935
33243523
-1618577270
-1798220907
1824588298
-1470370834
2048967736
1533235118
431114743
-1290859024
-844064249
2052675922
1423552389
1496976597
-1745560240
-935824834
31423318
-1307479966
611395616
321614335
628483601
-436164075
1645525806
1637640408
397478774
284200112
810285321
591842536
-1836942670
1442789368
1389486225
-1336093300
1559033844
283409594
1459239591
-920868606
-273005761
1802108174
-612077785
2128101454
-1832519551
101616863
-1735248618
-1036180128
-410133275
-1100966231
-413363688
-539529354
-1495707
-736917372
-1007362780
1033740735
869122722
-342848158
-1375291270
1493782593
807607799
1644369556
-211077421
521842427
-804211765
-2014971502
-810770470
1826844493
1798702886
471737851
429754331
-1441296488
1662020230
-2030290982
-1692586311
-1243021023
-105154061
441346602
-2108794331
-1554167750
1232511569
104902044
-299557108
1134197411
-1876211212
-899618922
1837321809
479936557
-1043042695
-84304513
1466071228
-275793504
1633799123
223711289
1459994161
1177252318
918413476
363006959
1891364
-276906681
1799316429
-1890193392
258289484
-704894113
-1992032440
1230222234
1810668694
-13570386
-1992596428
-1037768293
-2031774372
-859742489
-1958278095
-904132108
1262136022
464058700
-1174127634
1243185760
235103440
-1529904304
-1906631937
26301364
1961054109
-285527171
-830016269
-571031705
-629705397
1078068376
154728357
-319370923
-1702513129
-1164273918
1777861330
-1842179649
-756763613
1045382240
-621454100
-1799959658
1917470310
-1004779138
-742956755
1216205560
-23484701
-1175704976
-1602716946
-786552838
-534130659
112440570
-1658191304
-2069933656
2047851977
-702462671
-437269093
1552641353
536839365
837365857
-2031973058
938733030
2081584712
-424445391
-1154202825
1199853581
284148315
-867354619
1639148828
757450194
-893891192
1979860643
1465823962
1063460630
-1980912176
-1490405864
-511430972
-1645448693
-90733855
-482504740
84189934
-1131526153
241802632
-1367942348
2030317500
619205175
-169825692
-699071529
-2049482827
426503046
1366447068
-2037709100
1586797724
-1377113729
-1807151278
1363347890
2040488385
-947682720
-1261237864
1465466840
-872169580
1061047056
2146363042
-1198177745
432931962
1417646434
1492666493
-1691435771
1676910307
1992136347
1050759551
-950757324
-937456484
-1258197455
1638241728
-985924221
1761995617
1573946581
-97112120
78569803
-2079883594
1467552691
-892998519
443019613
472334070
-946076680
-1915239793
-66843101
1474381227
-713881964
-2015295371
623882756
680766240
-990256064
1903435418
708373261
874457397
-1240577598
-1342210027
-1013658931
2104399730
-636906385
1471704805
1299279999
2079429725
-1735630095
654815085
-329510546
1443360783
-1989415350
-1237186786
-2037079147
-1138709500
1244491545
-1931644299
-283177339
2066261043
2038174490
-84982232
-2042886517
-1575864994
-1094039821
969846683
552728081
-117410646
-266905556
-461748071
-789538492
1312148594
-1612795009
-1223249344
-1650446345
-1634790825
-1580842159
1338469179
14117318
-1974375781
703967872
1904366902
63008894
-1667068753
-648505505
-829317746
-852511556
1097350410
1554631422
1535049032
-668376877
-2084237253
-851021650
-2023848891
-1975216653
-734672063
363557315
-752983117
-1955342458
-1313606374
-1872203365
837053381
-961263395
-1971884647
-1954578977
1742287013
-223370997
-130409092
1809383176
2118912681
-1523648239
1853756349
-1058558683
186279365
1651103803
-393763800
-1743745830
-654830528
-1810947384
1438800685
-165201749
-841115478
-2120495408
-1218389257
999225978
1203542797
242058082
-1233848900
-778733234
-1930822302
1480426988
532584790
1302593365
279987015
613587423
793075731
-181363669
-730578707
327071379
45734600
2083039068
-167688873
-1545095321
1406724140
-81631449
-751750208
2011720236
-992170654
2067521413
360202332
-657875005
1705771991
1600720233
1814250563
-1498364
-1842188210
911479368
-443360086
249477601
509081400
-1323953190
1437387091
864916682
-1011785144
842519586
1566588486
651350099
-1787376825
-2116729428
-1146020671
-597168876
-1713930204
263168021
260654956
-761634352
-1717595058
-290604848
164529616
1458023385
1637135174
-2029870042
-466703606
1268744626
-1993013137
1227809406
1509618619
1755581430
-505655256
1687199198
679923522
-1602598793
-721394148
1551612849
-2096265171
-1319437399
-1585978152
119195338
-563773460
169268289
-606950755
98956712
-369167929
44475673
771053431
-1601318661
-1860734703
308992342
-1146742642
1561017959
132814493
-1465153845
231363771
39777159
2017169777
-1189297504
167382621
1940297012
236621497
-197059538
1896287853
248383238
1552166142
750674477
576924880
-913854694
816344727
626464273
87181804
10400277
-2054561953
561852848
-544617090
-312317079
-411246169
714679079
-1977041239
-1692752425
-216377746
1214915326
537971025
1734891572
-457698097
-1986836342
-417741655
-59839889
1202513082
-323288941
1847496458
-153205039
-1764953882
685296181
-2013572346
1018575751
350675974
1185373707
2105706941
1612705885
-874961606
-1544576119
-1123070354
1010988236
-1369839672
-1513940823
-105851056
-2067551690
1929642507
1191350217
-1353439326
66522735
1105575851
788031443
1242451713
1137715839
-2014436594
-828661090
1039845881
-490296923
-1201124851
-1937539693
-2008623139
-1405723489
-344200726
-1914081133
-1036264998
61189416
-861596030
-1735280872
-509079734
1610696130
1283770558
-1403992167
1210467141
-1887178315
-644949937
-1117364941
28983166
-1561462442
1244748953
-1051920507
1145116747
-1893761396
475834607
-2144930597
-242113019
1935515024
-1458415615
870361741
790282130
-1463659021
-1978328430
1840324521
210897471
953384933
-885375635
1763265999
-1189121326
-2042801741
-478602599
1797000284
1218356191
124860817
-1696339509
-77133365
2052132186
665980825
1702405148
1036482391
351293805
874701843
-1099960581
-355775773
448408203
-1476530697
1335575140
-115721442
-2146689339
-110273105
1002618449
-199239198
-239692708
-2615264
2097570673
-497913635
714349462
957390315
-1471306985
66618482
57344469
620012271
2014018164
1158226145
-907247132
-84927982
-1572041463
132208036
352724372
2059319617
-1016597930
-1521777892
-1561383801
636697012
-1761432873
922443373
1235553355
-360982410
-1885278160
-1234448475
1915182506
332389156
-922757978
1228541475
1525992255
552213748
-1239095855
2146148150
-1404054196
217114617
548980367
-87876860
166428363
1605082788
-1625492420
606198700
-552781886
1844115853
-1862522081
-1489831249
-718104357
152100211
-1441259994
-830586741
1058980915
875629953
-1072794154
-1094194520
1545371506
-1928053294
-856012164
1770810232
511662875
-201635273
896961960
1437960409
373259044
-1499949769
1608062683
-552043331
439407817
-980298921
-2084223105
337837068
823129500
-398670182
2008054294
-820557880
1286318048
-1938969014
-991842122
1536535666
1981024279
1884712697
-988203340
-600566869
-1221795878
383891138
1185163679
-1932882913
361388520
1004904916
-1486152336
-416945250
1633444736
-113401040
1959415807
-146804853
312364786
-124537423
133504951
-735150215
1678084979
-1281550003
-460473971
569505298
-679246287
1712267417
-1674235347
-1067150277
819726503
-1512779118
-446202250
-888438155
689088561
1331061913
1631190824
-559151994
-293135646
-1859137345
566924252
848151383
1254196629
-456913853
2107140404
-1904389857
-1385359550
-336682408
-1445005742
36719553
-1525643886
-940722390
983489933
-1596014221
-1896268108
381335331
965190754
1794882463
-1446550415
1789408873
1890612904
707859469
-1235884931
-1736457045
-1438815993
-547293119
43729424
2059581725
-1779306838
-1313751263
-19602251
-513983808
1216902707
651097307
1343750242
-196409114
-1716362769
164937989
25193159
-1180579851
874696522
1711868677
-538512918
476894826
-633740923
-1630011214
-393345037
1845685793
151880613
499114811
-892544956
389944787
-840444498
-1825423801
-324134451
-24992034
-819807983
254733661
-604425571
51014476
1808478306
-1816161402
493977787
297080845
-1796307379
1824549169
2088819766
-2081446009
-81891382
-405961642
1128244858
844650576
702061967
-1158021412
-1625425180
1927107642
-1269731130
-479682753
1050072217
-378518641
585680640
1278469997
1368341907
-213299043
-1987374744
-1936871951
1167121148
-1688707212
-1263523013
1339860307
707816127
-1960083987
2144117623
-165644867
-974780838
-1434595345
-199135790
72043745
1101414137
-116229139
1025584877
-1916139494
2129159872
1186159538
-1084123191
-1201513263
-910714008
1818457440
-746421126
1545642786
-1674484211
2085716149
-421801447
-259709250
-1683094459
1947663504
1532895230
12263954
922463860
-1969973069
773976110
815908776
1238855518
1887762378
-1545348334
101842381
-1453104899
1156255148
1667484266
-1554927500
1493394068
-1794007584
445149056
55565658
-1945723901
1193647714
461858976
340967018
1209360989
-1899134299
241551815
-462178718
197153207
280736476
-1741947751
2061165493
-184111038
-1252347019
-1620890728
-1687781965
-2106102116
-1349140251
-64901997
-1635229722
-1074701982
1135141802
-61923749
1860593599
-482586615
2131738765
975187388
938510450
-2046913299
1985653032
240465323
376027421
-1758557526
-1541033817
415641275
1276059951
793932459
-1780102958
1400480214
-732223737
-572194561
1543252810
1043042856
1746420955
340711795
-490695918
1963233886
-900610085
-1588442660
-432600495
1955625231
-781263467
-272116300
305025109
436693114
-718892133
-228628761
-791667749
1089674610
-1279152798
1828927471
-1971536499
-1855604331
1493791852
280415006
-1352669493
1939242180
-711924055
-1583512774
-708536147
839655886
-2013796582
-176574130
-737509560
-1849437586
1637766328
-324129857
-763413200
-1153505673
-684250221
-707149155
1954704190
-682565043
-502655939
-976935621
25383059
-1842714473
-1967913624
-137294592
-1043097892
364188466
-1608655923
-6569601
-247824681
1964992360
2003438671
-2139993659
-571975403
-440968863
973657184
-476913933
773998336
539300569
1614056611
-1735691253
1174046751
2013196563
1712194003
1415079694
1357502360
1774906892
-1700071454
1637134149
1029873142
-804198156
-1998111899
-682746657
-1161888980
-1838906919
-68491986
-1171948100
7793882
1552186533
-77679558
-41174137
1352406222
-619126966
1735500237
-1100331254
191685580
-1367851205
-1721691173
647390396
245968018
-42995171
-1134079574
1179922079
-1922145515
-1986914882
2064260788
2580296
-1660810223
-951606459
1207803857
1618819647
877994176
-1525415509
-2039615851
2006721928
661875432
-228930710
1438908150
-302331775
-641852133
1037024115
-551503054
183092206
-1711199430
1237579108
-250381841
278419282
1046947642
134421754
381629091
-2010282112
206022186
1394995395
1827935285
305437296
-318213772
661085208
1744396772
1412758614
-1777727390
-60541878
-769803672
-918887952
-1843644956
-1828907749
870460758
1100430367
-8405360
1108676720
-453590328
1131598009
-1840878871
-1319164605
1871010108
-616985443
-1070403101
1578611166
263323068
-1381997817
1833863078
161895749
-1375329729
-967225820
-2021518190
-789056525
518936143
61752552
-2015537021
-1675111479
-104307221
-1988806113
437681749
-2079718589
1769603758
308050114
1248912298
-711426068
-1117365456
-1766854260
-1478354710
1432866835
-1373944661
-1196601909
540564875
375325631
-1821058335
-242885765
-562684783
-1707454241
-1400849859
613066384
-993383080
1998503622
-229099464
686838674
-473637743
-2030529323
1086012926
-77754513
2078671242
-893026183
1336650064
-1471141748
362849201
-125393320
-1830594644
-57531108
1119155290
-576318778
-2063777878
-1833342283
-494296897
-866239107
-1093911384
-1321088224
-969293752
-1737911155
-169840471
1970965104
1352459021
-785694063
837181562
696103509
-287112040
-52321245
899231254
536397489
-810129681
1552294033
-541878965
-1661751445
493984208
-368748080
-1327395172
-667161724
-1005047234
-1112152144
1466874985
31940967
-911935940
866325073
780928589
-188522364
-819429160
413417429
-1211562298
1387898911
257925738
-510588586
-805032165
-1652652188
1008271645
-1351800038
2011088250
1199073983
-617235026
1499907077
-1729093280
386034282
512303220
1144297550
-20592067
-1104105914
-745041249
-855028875
1802787927
-2074690833
-1586141244
137086324
223827950
-369296374
-804635752
-2020329676
-723763552
2096373728
-1123686405
2146464322
269984526
-1509287888
-1407166664
-1721137214
-56029504
768463936
168670859
-525344093
-1990401467
-150206411
-2010854173
-210611948
-2041998434
-41904732
-1303545368
-1397247691
-434639140
-623023768
363438398
953824529
1006386440
-721362251
-1932851701
-1050775092
971011394
54728557
1651301046
1842327064
-409084884
1063422386
1305479410
-1687280659
-1859734136
-32628037
-1337625094
823339385
-731452385
-1936488725
1382139677
1383757140
-1028860956
-1709828321
1292528253
1566503415
316238425
69481287
-146544621
-1362307986
-341198542
231051831
161857269
-957224372
-1100923081
-25771329
-1680321829
-925871392
204964718
-2127353352
-473584161
1221007269
845756024
1810895584
1768823427
-735619074
-1947236805
587244329
-1310860808
2084830242
1390839745
-352073395
-1211008355
332735316
-925508769
-595953690
627741381
1164427608
-895684839
255181371
1882121149
2015698721
888570693
246525469
1135094028
-725273906
1738364269
-462762252
530257916
305791703
-246016647
2139749908
-1993321639
-539916157
-1933506291
186827860
-2100144264
1550763421
1192755504
-1024046879
1227858554
-1756233370
86214189
58054991
889232594
1374904525
-637772355
-102932752
2099578371
1391611357
1692192613
1575966057
-744166994
1934582390
-241743075
-1251928446
643653835
5098047
-2004986318
-1835036868
1507959606
548687835
-1058807188
713142824
-1768084115
586516826
-1290505357
805255926
-1379139944
642373617
638891630
-1487431860
1906979529
-1707266323
1085173740
-327284520
1519156611
-237120027
-154934265
1750946984
-39368576
1893243439
-508617530
-422145096
979532462
-1398660204
-1897614653
-2122057524
1685334907
-1315676089
-647496691
176267136
1675413074
1591884818
51955023
-1945388900
-595369372
-1682762031
-926877391
518170541
98128555
1457172004
155900413
794486224
1272459819
-1732678049
602845574
-2130199088
-31592326
1193041605
1689328453
1749890419
-601972094
78847222
-1871098684
-384387056
-560194682
-198861915
1687748670
-1481288091
588223074
825923725
253093255
-440291417
-978200810
-736428635
-811680471
2114639833
-158147452
181248402
51675600
-379793567
-436626824
-1228268708
1731347431
-1887543337
-1068397591
1865981284
-547054718
-579898848
-629453442
1734347669
160158846
-118607429
682238035
-1826438951
2138192102
853184858
-330279684
1014872015
1517428120
594871476
1027138249
-872084806
-128084697
1307476889
1057795915
-1231814980
-982258429
1099770438
-882488809
-1290400189
-45131561
-16119046
1904156873
-1615747390
-1636339662
1442972873
-2085785781
-587952732
-940875160
1906095023
-1600491433
-1691541379
532743354
-1305883161
-1634954694
1360716930
-735830348
-1666809219
-493243431
-1227613893
114530518
1310829858
676441593
-2090515850
-1527746186
-921767105
1085385914
1519050110
-1681089564
990256715
-852157084
-785074803
900083151
862799713
-304008091
-427455618
18710246
-1268668404
-76263526
1794704582
-1308942654
672932965
-105727795
1803883940
-1010514686
55304800
1969130622
573266583
-1930518601
968000097
100714726
734139664
-966220798
2062732565
-108672712
-888946839
354272508
1530653311
-1760579287
-26252267
-873122603
1401452113
2072349874
-1066179561
860099647
-1194719875
1838032916
1123989687
413152268
231665930
-2079202276
-1607615373
367709461
574192171
-95483224
-862939340
-629910946
1455201164
-1287624855
-2083886655
730382711
-1119609873
1674455273
289059960
1288049956
401782263
205344208
-750127814
-225132992
2100980036
-976084382
-200429401
-734771491
2130725055
-1512140213
1283938955
-716405840
-1879156170
1270698654
-1274752617
-1558841428
1252743978
-1748555749
39871059
2100448748
-1994817816
-2040541776
-448166573
-797438507
-1699055146
-2146681022
-442577752
-930943621
-1794609650
-430150484
-579554151
772564547
-738685648
-913401593
-521385069
-769232950
1746240371
-1804408276
-1497897635
-1817410299
-412286979
-277222282
-1336193649
1256019881
-312676747
-113176884
1628974404
-917383731
1895970261
1453087453
1682872334
-1196661300
-204205948
642575789
-198904790
-1297777552
-1357622877
-108530607
-288771596
264827212
946744230
-93703946
383026844
-511068824
1235373095
279989287
829693466
2122829859
901275894
1271690830
-26183585
1061078613
1025202804
334896507
-1042717236
873516979
310837024
-1705460892
2025576167
235241079
33727602
-279773268
11531084
1608039744
-494001945
-855123353
-792908831
526468918
937642845
144124638
808500301
-1507590543
754949024
1164711567
-1596567639
-1118059365
-1353793468
-1066709898
-322323336
-871122477
1451769268
615233682
-1609298988
1869350356
-1411421557
1829268386
-894091286
1811910486
491150626
-175981777
-1948283480
1977828788
-1669751191
1767366095
-499122764
421388494
-829180422
253593511
-1971607393
-1862190288
1430578027
-1217574095
-1010302374
2008853107
1069324515
-320945602
-973608728
1796340195
202869487
-510868674
-1547802027
1972169569
-604083818
1734485695
-1971096090
-952671605
-179398998
959373619
-1909068655
-71131623
1265069408
860779765
-431373137
1757422473
1682698019
1337262222
415773935
722157822
1332865444
1254649139
-1539106162
-2127672987
-1072371147
-2000715374
1490816708
1872555737
1937019479
-291971891
2124603265
1431265096
1909137809
-229106234
-610902184
-2116024490
406997122
-1135101283
-1865563973
-1274536063
804886841
593644662
-67112855
-1233819771
865282244
-282176641
1677828899
-877284351
-1359989242
-1123829967
992610981
-694472102
-720311858
1090684629
1830381012
-448362786
-878214108
1341570633
760995891
405940524
606112484
169677571
1964405915
-1905483052
-1142501999
-755430058
647153451
-1293577158
314790498
765260276
827992700
-963927105
-1415151455
-1949810765
266290201
-29902047
1932074037
424265107
1136198702
-733726942
1961420413
1214158079
-1234639746
-93000345
1993209950
-1617472429
-170810726
-2084623197
-863819361
174175646
1948445007
-1529931020
-549643917
-1158933080
1179753824
-1340467572
1401990231
-755661002
1232847220
2099510420
1372787486
1501351564
1242703185
613907020
2055909193
291836210
1586582602
841993334
1360619676
693059067
1983280886
343183604
138299373
1397977410
1773411362
2133757616
1469410110
-63579785
599137544
-1568237637
1679468302
963043289
-1471999808
-466753096
1898211563
-1009346172
2147287798
872525947
2022813516
1604306094
-299212324
143757036
2034182813
1443812909
696997730
-1811197391
528800666
-590488772
-812711516
1166816011
-708918561
575026045
-356565340
1073367424
-1879542336
953509697
259063608
210704058
519875670
-1065181689
1613911365
-1905899217
830938330
1035368771
1297002797
-1678631167
-1486342091
-883992737
-615185787
-982971738
-1890608169
-746044666
1662169099
-1168736821
1038830791
-976678241
2100402903
-1632436619
-514387974
735738903
64397519
-8000919
-675777559
-413064989
1484870240
710249678
-929472675
-584133051
-213594262
-2016384496
123484556
-2027311667
1702690683
2070210054
1732378473
863797794
-1667065537
-852842410
1210833464
-2000876542
890481975
198402840
-205059232
-420494458
-405952599
-946937927
778781060
-1659760214
-1670316585
1328051745
1122020051
-1638427124
-373949837
1684165144
2110019743
1640989940
83713361
2113219301
-1986607060
519266708
1964950110
-622767816
15312074
1777375376
-1472068656
1042822985
-975235290
-812466497
-1615852642
1641273152
-1099024932
46954547
-1034237901
1856216023
-779785393
1094273910
111360093
1359785789
-795024195
416474390
-1327512949
112579645
542662285
-1011314844
-40613065
-948621921
-1248271893
-141565320
124829344
-1403480114
-1881913450
-1460539273
-649985603
-2069399366
1775342584
-1060605417
-565412243
1582770687
2076606582
-1112361117
927383282
-1017552570
-72104439
1589797051
43895968
1371421419
-2136802035
-1420024801
2064926161
-2011575584
-1807604135
1711874732
996695835
-331917360
-242863729
1774817893
-1212398651
102933639
532616372
-750665674
-1992324746
-1758336112
220023042
-1524191690
-447763666
1916891423
-615399172
-773860820
573620090
33279793
1777249219
-5785516
-1881219613
-635936783
230726056
-1060270493
-292821081
1261136477
-407054847
1666570951
627353515
1547302185
446368320
2052645938
1987280303
1945986019
-1325564351
744590681
-1490679613
1809924695
-261322270
2096605432
-2090957575
1921507892
2090798040
-793966054
-900673445
-1589072145
-1949107776
-223030122
871779103
837114855
1301699956
-847195684
-2099050727
-169783095
-359509088
-1118253583
-470156688
-776406987
1659821972
278675639
-1960498796
837604513
1392486490
-1650538638
353500271
-2136047747
-396954869
-971754873
-1186909478
-1086589288
1163751006
1141451653
2025663570
1607982017
1013097345
1890695017
-608143638
185830065
-972873685
-1708713699
1455544707
-150329048
1325313522
1992480834
1694125371
528094549
-261477671
-614666194
-825451997
-459516294
-1345464531
-644912328
1690143540
577762256
-327537520
612494898
-551096958
-1658235481
1634374229
-1578895306
784256689
-137095983
1890485007
-102442331
-1380995416
1110957120
1808201572
-1469797011
-1818912635
1492599022
-185652698
-477510775
1266636496
-789990404
1965361571
-996514867
-1051576590
1394602782
-1690899908
-1481455133
249696231
739547957
1583435316
434877328
-1208582094
1149288765
-1671375158
-603587012
-1433299183
-815352471
-58084728
770971824
-1118085902
493048971
-1195959075
2111982880
1549332261
1266191289
-1896168727
-1343543444
1665999570
-511053267
-987946600
45448098
-393485524
82746733
2122133746
1561186503
-2115453210
604607403
-286330704
-647679017
-1694738203
319586413
1193126417
976992009
-8146888
2115932016
-1175454994
-1508040362
827814724
-2074373687
733543948
1866109500
1588122179
-809643698
216212657
-1709957697
1712620783
-1035520461
2004260217
1817289904
-772540551
1860477687
-626645911
689597745
-832580928
1188080256
-1632946108
-1490075785
81155007
1223230597
384446749
117639889
-525654458
1505518635
-2049039315
675960553
-544360724
1598854386
-1360789274
-952498870
1154363459
349897170
-1830128825
1446127394
1272485709
-137098591
797775730
-1323701432
31505199
-2125476937
-243871109
-394401665
1731259428
1306868691
-1672452990
1540507644
-1187467852
972473408
-1589803005
-1337027547
-1634215900
-1855080653
-1170460053
1827745691
-516563664
-1588836233
2044643823
-258688902
-415489033
-2049708981
-1122802535
1692523487
-574246858
1668825226
1295475875
1418485162
-1501198152
565502988
-724040184
-1124968316
-406286067
-1352736692
-1233800873
790690339
-481375623
644909386
-1817630775
-1162723380
-272420817
1272510387
-244917098
-1842645223
156803775
-993623746
-2062676093
1153206012
193304267
1886770008
1253473471
-121879293
-549487871
168137730
-1727482385
-1254204707
-1984820924
325627130
1461352583
-1276936164
1316878124
-7363304
914986331
516754491
2035136945
813935611
614808949
94971107
1145458722
481573860
-501299160
-1201861527
1321552475
1734505953
112739941
-634956645
1094483510
-383542227
1727559501
762051004
1393500225
824594134
1917907462
1526245836
626734001
1954311840
1503434961
1605352460
-1261075049
-664417751
-1649825444
762092736
1687005009
-1783236275
-1662779820
-1076055754
1725078594
1345456843
996759102
137623559
398995141
-1150752728
1260041095
-1017845348
1908940894
22254547
-1227150887
1903647987
1302964530
1949869449
106802351
617772195
62716600
-1491031814
-873942229
-494282723
-1796228687
-1126219091
1016055078
-1906393804
1365943125
1603223328
852510089
1118406110
-95956530
-1885474766
1551896026
53016123
1376015337
610565317
1557245721
-1501542697
-1706619894
655623839
1394305997
-535980245
2025982561
-39597423
-330612903
-2041150359
2006111835
-457269542
-389839213
-1847531399
-757507238
1604285388
-1476321898
690619710
2089053351
-777864528
-1071315241
818847773
1540232359
1363990246
646508406
-686108226
1859199820
1038351696
-920181546
140545556
-314265650
700327409
1410584431
-2116015973
587301275
441054160
-204568862
-1275176736
-356477812
-303843550
1108382541
-164134074
1824599128
1156967847
-802328608
-537376250
-1393022131
-1711872685
1700815536
1434430071
542220348
684418353
-1849999926
-277927281
-1146568780
-332365692
-2062049909
-1963861335
-123093901
-1119029201
-1649592273
-1079300217
403976985
-1733505450
553980583
-1406469989
1561074975
720367684
1697296046
-2118912382
898793222
681515662
75073053
-1191782960
-803322413
371743609
-847878274
725324306
-1058994246
691459992
252282848
-91257584
1238015000
-642796359
-781754903
1345234514
35241638
-1193783550
-96232911
1455603429
-596168213
-959964074
1489686733
1316722014
2021397746
-209001988
143960105
1202673183
-849649603
-662822782
2072617242
-1780302888
1248968185
968808927
383044658
-854803376
-1224855182
623580631
-2018836394
2111946085
1199129032
-825440093
2134271630
-1741777327
1680317411
-1078329392
713977628
-1945378514
-2065670237
-690980505
-1718516785
-399089477
-791770020
-1468987059
251071384
1164017248
293093505
1304522988
1782944605
136651887
634241182
-482243309
448933901
-1518831444
-676497013
736820762
1043033588
616512271
-1821806114
-941576630
946037071
512216263
-2001871199
-1910121861
-2024690653
1014244226
-1511010492
640319741
1098878281
-1784140565
1451631829
1651858107
1266502861
1069311604
251545709
-409877859
826382713
651930965
1449219309
-873844946
-626480212
346000083
-449468438
1822302847
1044529519
-1666285371
-1621881371
720155722
1358612425
341056083
191299007
62593625
-585284270
1870841089
-1654810773
2035340072
-1661937147
-970213909
-947693083
2094618313
-166860710
-791060654
-1685535646
1943368199
1605647252
255670870
-1864870200
195342286
-919814313
-1087772411
995534175
-588155702
47619197
-897649517
-1000115255
1615901005
371773225
1595649003
1792871215
-15708811
-873559525
-1052580250
1028014013
490582925
496368453
-550392103
1849874767
1990204595
-1949416033
1212619477
-962243732
-1778875461
-81083337
-79965655
-1132189582
915628627
-1001461109
1506544299
-75752429
307666023
-1450748390
-853607369
-1029162753
-1405600314
-991304392
-513601288
1882158562
-1498354171
-1184897246
-121219610
466826641
-511230301
1268431185
308735886
-253159809
276772718
1730438674
1766823705
1876804981
2135672100
-1396500394
240149382
923125634
-321524132
1132427462
-976985287
-178491601
-1698172250
1644906522
-732378694
-1222610697
210286577
340183723
2079503797
-2025796875
1287006765
628676934
1880937288
277083103
-1611435727
-323572926
-1070178690
1501463858
701112541
1798680020
-1590605291
906876078
1923860355
-1122829151
692424327
-1688325883
-686588286
566316948
-1042553529
-1614039602
1973248308
-1022922255
-1621986229
-1050154305
518262281
495359658
-2023608886
-1277320677
1683133939
1432428017
773056582
-1005598103
488340997
2047844366
1386246861
476522342
1751889750
2130399601
-377017989
1536042556
1408938283
-2007886838
735759938
-275169038
1015474516
-1107703336
2105321965
613262630
-1126129962
-1764901696
821705057
1713312250
1981450954
95039391
809626406
-1533468340
848479108
-42505054
833073445
1534554153
1275342326
-760814380
419064499
1483954818
-453828266
1554658552
1895262925
-83542496
1708007679
-1173019752
175742629
1371699413
-532295532
-342299555
144054365
-874473997
-34765205
1578658977
1001390609
1824087810
342368295
133825858
900349211
-994917460
-411370074
450184633
117256593
-777466628
-1298446818
-169364374
-337931758
807866311
-702030974
278743101
838408130
1235374698
717529129
-466720916
1731361426
-239445579
-1653476687
1763606430
260450756
-392752858
-1958378463
-696022219
432113838
703824473
-94901171
-693102620
1983820733
-1298378817
-1999855490
207528579
1045107132
1347331726
-519032751
1444305958
-175164074
759159800
-37557025
-663835541
-1923820839
-1738200674
914644510
743965971
-334508484
1091976519
1127623302
-1578771757
240887139
-551776308
1402164471
-209791124
569293472
1793898326
1600320729
-166356743
-1021754499
1810245836
-1369715579
1247646343
1383980984
-11985786
-1472175645
638902762
-150070130
-1990620602
-1945010861
1689595598
-1607112644
773943399
581907152
-378870004
1371617730
1471404630
-1407264430
1246981182
1186820329
-2013963711
-1725000588
-470284651
1718104711
1124461071
1939166295
218411241
-19872511
11757455
523792325
-1164504559
1609117970
907747315
1043217561
-1636616332
1879747273
-803987841
2024229469
-1758403360
-1805056296
-94162308
543040307
944606617
-1125007350
441770099
-1496860935
-1707324747
1071075605
879276695
-1807952728
2051957414
-1378752878
-8610686
-1359522308
-1125894632
1630186824
329147940
1094967641
2063574525
1060585648
-1969991177
-1997314579
340674277
-1170276939
462254711
1294317073
156431762
1629240762
-42114351
87614452
1002152139
1049083361
1672369882
1782531194
1181310064
-2078493046
558872130
1712864353
-394391090
-787978470
1249294089
644234149
-1876664012
708844029
-1771459791
1482591014
1341884614
239396077
-546966092
-753545081
1851417744
288139635
-1701061960
-222925736
356113374
52173230
924491520
-1103358346
-708292662
-1277835950
1595583142
1696750769
-391323883
499020531
1941611271
1495918512
-1659202758
-772322941
-752898051
204646929
-499070272
1513262617
-1959239597
1499946452
1906799823
1676671475
-1151016587
-1378290695
-488967674
-1474696002
-1136755097
-714155418
-223039861
-506659052
165911032
-1074054130
-137705117
-878200507
835491894
-577724592
-614310654
211317337
-1400804572
-1154972004
-807060187
-2013553835
-1932609878
394327900
1284849120
2034039485
1955905484
-1508832496
-817604622
-1252877222
-365323490
1901260475
1501183584
-191858371
1282100855
950269053
870660416
29367299
-2089428508
383884161
-226666027
2019018073
-1422107680
804565528
178150364
2137052354
908313793
1927935526
734906405
-782927465
456183156
-1370892356
1764240484
-818286513
394405228
727138822
-1513522104
1186320384
-1335161897
-856191385
2133979085
-1405735898
-1224620014
-1232861726
-1897270578
-1956016478
-2093435553
-672688965
-1782777379
-705491452
-623913515
1567724637
1342984278
37880844
-1697111913
82890622
20460465
-548394899
1348534088
1027089536
1966002200
-438299691
964406974
-614438374
1612051001
821194537
-498632971
540113463
-839024036
902320917
628420165
-363428066
1020665015
-1540514877
-1545749545
-710926638
315120385
1647195369
1588694357
-556236613
1337893700
1996857865
-1970261024
81078661
-1816358921
-1874311436
-1426842553
-2068137657
700204363
-29739889
-1144023436
1461098472
-1719973947
-113279527
-2039308247
-1077675074
119908364
1720604972
234235628
969422455
661100548
1443598786
1371862336
346844220
-430260966
180227450
-106316011
1754863891
-1052388383
-2100401444
156041600
-338032508
-1015383842
1607727962
-1601918546
-440949889
-1358550369
-2071945768
1837283094
