-673112643
-909788652
1110275081
117329682
253922635
611023546
1932043547
-1405386806
-378436699
2066474101
397209667
-221848290
-1992185767
1204513983
1231757010
-837629110
-328981768
-1586294907
1480954241
-1979356892
545485050
-1111148226
-1393171715
1697733194
1928082910
-846283201
-1744064859
-829128550
-1538233963
-557878451
-498434158
302274790
1009027360
603667315
793324503
-1665732888
1057795447
1976409878
-124444663
-1227711373
-1295405908
1335312454
-1430233343
920520683
-831215280
-1007828906
-689358368
-1551034889
1775875093
-1902384466
1454834771
-1224818060
145253300
1056520414
246892823
-1085598548
-1204058351
-2127756297
-809811265
-629169465
1059542428
1902311190
-611476299
723277953
-691027463
373004096
810860670
1963554077
-1220619550
689763445
-394906815
-451218279
781002316
280287231
1729349513
1438963746
1034748616
-717290486
1803790153
635896265
-695559380
607606905
2091940384
-1848731785
-780507022
-1958153994
-396416034
-1913249506
-1676100129
-1782017973
371988295
-169028047
4979559
-1374032656
1927911702
-1151283627
1364001359
-1572556060
1260801860
-657520296
-726675436
-1711845697
-1690204023
-1944616350
-2002754677
-1451043320
-52910045
-1503477143
86397001
171745476
1153466837
598320618
1451467844
1114073166
912912946
1141328341
1760166842
646905709
-1983826149
-955755576
738926417
-379652189
-1014248315
-592836224
-1783109505
1185793987
1983959423
-1007752309
1611933739
-268744762
378812787
-1156200638
-266708076
-2059758115
-743617109
-455379978
-2038039695
-1314080567
-880458985
-1744916631
1710788954
722637674
2020796492
1707134336
1200635750
-690881130
-1850429488
680865589
-2123588076
-703392212
-1910859116
-119753518
50926702
-1667751320
168150721
-911630501
-2145251733
-10252681
151758519
777753931
776779157
-1385897138
870786129
-626344317
-1581314069
782157238
490878062
2092182399
88123655
314921643
1468440237
-1157039158
-300275325
-1200263961
-745734793
988084148
-648249191
790286264
-135447999
1674088769
1245611017
1621359386
52693522
419266659
64629311
2055228673
1005923907
1179414124
-780090700
-1739203595
-609583739
110978237
1114624148
-207493404
1766586664
1889792707
237398944
1531964979
-605195622
39010084
271928149
-763311595
-2131589843
-152733644
-614342578
-545500640
-1980635108
350125
1586962406
274557469
-923968305
1214229919
1889855009
1672579103
-2128364195
-271702363
-327609909
-985528362
320270163
1722532185
1418444513
1808719652
1941421747
-235493623
1542079280
820479985
-582621889
-336962646
-1142763204
-1584909509
-1936539145
-268928756
286057826
-2115069584
-80116513
1823828303
663281984
1652227071
927453956
632411285
-686589612
329722924
1459496641
160478712
-365963037
-1117344989
-1275105218
-1590342722
1115004955
-404736176
2025568825
-219982133
-1656872837
1101159149
89773832
1658805590
-910263438
-1753624612
-215983650
969139423
1918011206
-1926640458
-1231134644
-1835280544
-1734959561
-776761565
-2049380341
-2027845694
-1121141788
-153372821
-1328943880
847579538
854297836
-948876979
-1010177185
974376948
133977303
197355023
-716283269
-767113257
408342071
-1930423338
1325007677
-44342934
-2108135158
-678975945
1570060108
166673613
-1171879070
-1851417587
1214319693
459107852
-1587431353
425264780
244780900
-300446648
1084866780
-884748906
1712119033
-1222377418
1439785919
-1745263283
672819390
1116620237
-828244299
370854120
1045316081
-1741875909
1391867527
-1061761334
-1754572834
-336746728
737982758
-1705825840
-1159724377
1712490461
2145549845
-1636586518
1570657351
63418007
53881095
-1162174995
1396307412
139774679
-766741817
-15318874
1236276484
-28181012
654818391
790416177
-1585306127
1574073171
-2132594596
1324972683
521436448
-2084860818
-1471932743
1902282342
567150015
-1497984140
-1323680136
1262030652
25597998
-90822231
-570252815
-1846453849
1873130688
-890772274
-2102548187
754117358
-2027182399
1140707289
-461590934
-586851614
570119099
507691753
-1587500723
1490546411
576404213
-714619277
-2126634061
2013221469
2047371580
1663563201
1404624193
-274333680
-1398905627
792958109
-846479107
1122054446
1975735825
-1825944503
1404571957
-714775218
-1128796366
-1428700239
-2111771233
-680339518
2061425102
1692731107
-1663658047
-427592148
432515971
-1123782210
1101470099
1959341143
-1148868790
-1656417815
-1061146015
455383363
232443647
383104007
-913789450
53051777
-1438381792
-103870424
1117096438
1246204609
-1837408556
-2146449022
-2097050229
562252969
1322358319
-391367328
-290179260
395584231
1376824500
-484500135
-2003884743
1526344841
296547867
1384640709
591879026
1475277963
1092805459
-988407443
-702411639
943341489
-1598310967
1904764801
-2078095219
-500376681
584295146
1336068302
78853673
-577713402
-480236569
267108143
-1565869564
1384080264
-1541558857
640043588
-1541492629
1275277373
-1867027103
-1877723038
-1194713811
-1066095121
-642931589
2052592329
6682054
685651044
-554610195
-821225188
-1271305793
-928734988
-731524358
941555725
-507785900
611817050
-285964159
1238525783
1972898390
-1805294130
-1327559553
-1417004303
-1594115245
-1239681710
197180375
-320507008
1427789043
-1155451060
-25651115
-1223431668
-1133575772
-396163244
-1858025744
-1661455626
-1261563015
-232292273
-1698091441
-1952992215
-218025905
1583620028
1384053134
-692491632
-1497916367
-2129442227
646120257
-693693753
-834255363
-1887107655
-1553109832
-1156863724
1934195271
1512111056
152888708
-2027588456
1844732028
1960647375
-1095473350
2083590593
452503114
-2029164811
-1865258634
-1688850430
1504902463
-2006527658
473485858
1739978438
-1007726928
1415063534
483206648
-423213663
409061852
58290936
1900854596
-1205582904
1663053904
1174623104
1737031918
1639707331
1312359564
-1085982921
2143024055
-255215520
-700678426
1781167494
-138048574
1595282410
761621678
-146036251
-1926848426
-988089701
307125650
252370796
1989570530
-121284786
385991492
1930322345
1482424896
1954367864
16377689
995575476
694479678
508116825
1687149428
1231947393
-1498992295
310474605
614909859
-1997491339
385113291
-203754199
1951611656
-2056017861
255849159
1792611555
571761339
727629527
1857806594
-1674581231
1026509551
1904108794
2136055157
261153461
-602239405
-56548968
-1574502815
436096792
-521463878
856645559
222957203
-1487280971
-459744771
1681166986
1066361321
-1314042504
-302210529
-1364326722
375565844
-1058321368
-1546229838
-849021678
117549982
383460128
1144897402
1621010989
1301644078
1204236869
-1110158257
726063019
-518042869
-1130168269
-634615225
-194682248
1466980574
904667833
-346771437
-1175305631
1487891387
-758334841
-224828759
-363903256
-898108831
1161655845
-1298659549
-975645353
-139398719
-716156889
-1394311449
-2021919721
-267563076
850164894
705919495
-1018087615
1895794225
383203793
1009585129
-1574870411
1845953078
-1670612947
899769898
1773261802
-807554140
1512410489
2081676735
-1727787834
359698649
-1547999411
2096012893
-694883664
-17427784
1637150916
200519706
-362977630
1864494324
1107926896
-1339673772
-148902653
-660240754
1460362126
-1817119023
1806344948
1126233755
-1333119110
-1910649817
-1771557655
-1700755126
303540837
1468218974
421382780
1140789541
1484145220
-2054910253
2035211133
121997463
-1927413493
-900064161
-794090931
1000654766
-2121475814
-1193895753
-512862356
-1221701088
1304296695
1623175189
300737103
-1824685677
1536816702
-1558771944
-1443705994
500338712
534558677
-2141539608
156711870
-734705928
252583779
-1718448227
-227009293
-1941088845
1174182402
175249632
-1032409175
-864381627
938532914
-315840301
-179885493
228047787
751631633
-1441513170
1513272692
1417036708
-1917315896
2079933098
931944829
1338674364
-1021600184
-1060915551
1867428182
1365997445
-2117204938
438636278
-1151240551
-298253785
-762191581
-2033483726
-593282340
1932634395
1305496320
1466849775
1019535942
1484165171
417849808
-1231224456
-37112988
1484437469
1104254367
-860851535
-875032515
1117373095
1819760562
-455513292
1546923171
957812486
573057791
1262724029
1207915979
55454034
-363313185
2028518343
-1477730528
-236332524
194201345
-30164106
1488783443
-2071505788
124880802
339759031
1282306230
1384073548
-1547614982
-879811419
-2107511862
1944510866
1629949689
414908974
-949400810
-663296459
1400937011
173051638
-571674310
807901013
1435507479
-391848581
608453186
-1724647399
-416964505
-274389127
-860601025
-1994419541
-1101061917
1834769294
-1531032812
-158992249
955199559
-326016735
-1179537779
-936672523
-1528459400
1806382720
-1408171595
-549775405
2020871161
-1825157816
-1685308312
-1626016104
1759339171
792250633
2002173990
-925970027
962795925
-2126937047
1941521706
-1949976708
-1629321880
548929288
187499706
1134989606
-1289720409
991010149
2018424000
-145082480
-557448066
-323824129
63776922
126772774
-2113329744
-633784193
-278877395
-681243324
-718991154
-82481771
-1575655872
-1704474375
-899149147
-292907680
67398406
-529170419
787337720
433760274
-2059653124
1060925253
-731565202
-112870189
106076149
1764959460
1622935757
1736202982
-30943630
-1339608971
393871208
1988311306
-1727871689
-174028089
-550010410
-1140256990
-828080358
1103428153
859078884
-2146083305
1215976477
39253815
417224652
167858685
1945266879
1931465988
-2108473434
-1290132876
-395795825
265106105
1692730910
1918801232
-781808639
-1723467635
-863765658
666863484
-565540476
503014741
638995310
291872795
756510163
1241444430
441398866
-117665297
812592011
-1058143462
-1814242284
-601452802
-170890755
1699794952
-704999542
272683634
-900197563
-1223047016
-153033575
1087136960
-1228591205
566720573
862711203
-1487110643
-393305624
1921173348
-1444717506
-1642190132
-222324324
1269820085
1347909925
958600875
122211774
1443398296
-624875661
282304943
1572984132
-71717126
-1656592627
1737139101
7811236
-2140595376
-624424352
-2019589732
290904234
1706051291
-417033396
-1270253033
1058432651
-556954322
-926454945
-1995355416
-452253381
71217901
-927798459
-952855118
249412603
-386860330
-2105088641
-1733253491
164098613
1391396613
1637656659
1675657448
413478027
-650835341
378317571
-1292609877
1678404397
2077757119
-247113151
507956636
219984234
1798656560
1650309089
-369707261
-432959863
-626327046
1506132432
1416764815
1487855577
732681408
614585412
-955658886
1499209735
-82622118
-1623360715
-244139284
2091440047
750292439
-1915394293
-1215501668
-1735326924
-996519227
784300184
69058749
1392607700
-2116153681
1165170759
1973803543
1059840502
-629049882
392383637
1113117555
324673222
1061497476
-323009599
264217403
818422531
-767301458
1732592831
670329186
1762796823
-669404392
1671379825
-336537215
774123623
-944585779
-1921035240
2119607106
1267232748
-1609415376
1999002120
-424968959
-541651454
31266621
-110834277
-1065831249
-1830568576
-462084844
750970215
1985506042
1542602760
-801763656
780857011
-50799446
1962704287
-1993594093
-1875590874
-1883218354
879362431
-2085935555
745028033
-1908216297
792850475
1455013885
-977800946
-513507325
-2107782460
1805414031
1469358233
1058105405
599036827
773908903
621603743
-567769149
1079715846
183034294
167018245
935927625
-1739594889
672294763
1296612491
-101684131
2079645642
1300285308
-1906809535
1601270987
427648733
1022418597
1956050745
1830003778
-1882691227
1664100848
-1822707075
-1320476618
963317503
1937643319
-1302890173
-842533368
-1555319931
143874535
277610335
1715963748
123659683
-1136441338
-1522402056
-790243093
589118121
1936163702
807622782
-1209882863
593628066
-1878625414
-1569096741
-1918343865
-1043304540
-878095751
249514216
1881246555
-1008924823
534696962
-1917230814
-1303718625
-697274850
389261072
180270236
1891063881
1543463803
1706711182
-1777955785
832935065
-1691155693
-1043310052
-391085295
-644685247
-754148116
-1402588909
1435378491
338485888
-468319406
2012025286
1350375854
2102843023
1709728231
913074955
1050424702
1089667265
1650520575
-563730951
-42686897
-528583707
1568415786
-2091344398
-757846520
1167062254
1866790673
-837184285
-1985201721
372298453
-1110449275
1396025290
-585820652
1578162366
-1525340715
506726264
-388779432
1812250201
-219118497
-262768232
-910973041
1079032459
1137775465
-1268128273
2129557052
-63497140
1241327153
2008806372
1140076445
2019364306
2063318338
-2037482429
1048116768
-334109201
-1242167800
-794176707
1928216853
1976019895
939048870
1966812851
1623535524
1386328165
-114910969
-1002656589
-1958463744
-1006083202
90823731
1803075138
446138332
-2119711434
-851117341
772995675
-296188130
1246763795
-582561706
-73622217
642717138
-1311323440
228633701
-1889847345
-1159011232
-647004285
-1935049771
-976464993
472007937
-527434495
939172332
1708723883
-2042154641
-1061993087
1837651782
1356395462
1480226779
74904959
-773807640
-2001497327
-261078236
-1663567390
-942065003
-1570464062
-1648856507
-1677589408
1638265696
1964937254
-386895090
376922657
550925186
-813426456
-1125411818
-7530334
-1286382483
-449780589
-986054161
-812552996
476064800
-212963756
1111876507
-827246428
321417405
1132064516
-1128183233
1376957012
1504977240
1963763558
-1697191914
1189251755
8925201
-1909978452
-96812376
1803191537
-503994012
1274776896
710366266
1335291230
-1653934913
80878528
883347592
67277244
1413483092
-86933943
-2045804367
-1904795573
-944786896
-1942606857
-1374328206
703205604
-130211700
1366971052
1730328214
-463700896
1525056355
192878353
-1991538003
-1144617414
1165645124
-1615114022
-301381125
1243430002
-1838249624
652429133
-1565232717
-688123468
989193479
-407817724
-2143058843
577328569
-452912666
-1548844559
2085140660
-239120403
396260916
-883280222
-527474869
-1137057710
-66830953
1913177029
1465201680
1380108963
-1581318272
1688095470
556469914
-275443780
-1707180346
-787731048
1246471649
1727134008
814808690
-209241239
-1225893068
1957215068
1590036440
1107034298
-66633617
1574687027
409927142
1385888086
1128582508
-746752263
1380258240
128887680
-1322321735
1001318076
-278827893
1837756218
-1571641461
-1866187968
367895176
-1082333756
-2086688525
-1662444253
1560265573
-1969003165
1775153231
-1971282367
1555471311
961011043
-284687614
1042081625
-840958901
331478621
1281019239
1301388272
280762694
342389437
1495290626
1651382389
1879988330
-1348332674
-999985672
-1956974939
668802866
-812022473
-551022143
833111088
1397192384
-388720293
14533915
-1122961508
-1276077843
-365998148
2106804033
831565673
1693366946
1405056081
1296356444
1885943670
741058405
1831720248
-1710113479
274059427
1157300790
559830269
367347261
-1347332426
1184055196
-1290773220
324665749
272523394
-1638683398
1354069188
943462577
1972289093
-107800282
-1923874851
1029847282
-2030437806
-1034423749
1026058828
-2032396383
585678831
1729359022
-149470347
-1678720733
221596800
-997554273
472321537
1196828522
2076135140
-2085944719
1549846497
-1062296657
760469790
949720988
417492625
-135241891
-974108616
1170018497
501154721
1831196752
-1703852445
38471678
553375088
-633998274
1127041891
162425475
1630736442
-61515915
990658345
1541214309
559930197
-1767247162
1705255617
-1585807950
1847101111
583335105
-1661148306
1427841220
1723829435
-853095903
-853820398
927769050
-788763612
1195587978
-1164392237
-1843718172
291085921
-1934317967
1351069947
-1007405411
1003826706
297178970
1395034912
-28915233
268808651
2095094601
374628228
1531843122
-1504858345
1353517682
2063789246
2103301797
-491542082
-102851022
65901209
-100843551
2123719498
26416194
1914275643
1634455674
2026966728
-2080354007
-1690191223
-787673464
-731415349
448574962
1100155850
-1846758794
-599358539
-1437950689
-1287408246
1163292441
1209739321
-1314245923
467342272
-577132796
-33600997
120855672
1454188595
-104684775
802085178
993174288
-60849896
-443015581
-450046257
-36285043
2055431680
1153776419
-721377545
-293710384
-1901367568
1845835048
-1229425042
-1524906710
740354513
1655137635
-450512740
-956627951
-155209206
-1525192006
-2037055018
-1246447344
1288003179
-1887532004
806535645
1018417919
-1362433716
525379541
-1461542231
1591540340
-286378251
-186104798
-1756917908
-1917376903
1352867392
-595946232
1159112657
-1656993666
-268839043
15043425
-1586519164
1584677777
-878512747
-1503182538
1100573174
241935051
1993821553
1282365268
2108285537
-1975860467
969699228
2142246937
982269962
1122591724
-1765500890
-1315015794
1651068613
944100329
1095973067
-1511184198
447316926
1065757669
1935507797
-1837060043
469816949
-1392685613
-1309636034
-534856709
426812938
915708591
-377682535
-1695195006
1328295610
-631860306
-677209551
1866677005
1443910569
-2140808522
-290239246
2032871746
1814544609
1702839823
-826696569
-61643270
46180762
-2116224165
-1890438332
563683160
-1893095749
-1287928381
-11250874
1277090332
411007392
2133007219
-1320001319
881669688
-1823623394
-1885108665
-928108775
1455614116
-681533757
1338401734
-2003635493
78249582
1833345634
824520782
1323368397
-1649033964
-337354290
-1999777391
-147475493
-1897024491
2070290148
-1443064769
1341928660
1084216261
-301601330
-125054716
-350624691
1847369057
-657578618
1451519157
-543969851
1585299554
317969561
1060743109
666342153
1957214485
-371376595
2047734013
-366470438
-976993173
1453630277
-425349268
-774011444
561036557
1210571842
120076187
1812655472
-746539597
381257388
-1702993915
-2129415755
-1796184906
-326055118
-2088671035
1503647882
-1498434333
341901295
168045201
-1868282936
96210833
-162354450
315343078
1360912719
2051290101
388737264
-1960041596
-393397906
-194924620
-1240695700
-145726691
1345453960
228117689
-150665002
-830636727
2094827763
-2012673976
-1272758748
1108999100
-769307101
-2142935213
-1480427379
-768355655
1345903111
-1905443828
1107990675
-2018615
-311899214
-342675269
-50718909
-898612824
-593965506
-1828082736
-968451397
-349901184
1101572845
1359536444
1091817197
-477932199
1667946896
1653875963
1530431137
-1894226482
-909561044
717837045
1724278976
-1701199612
-860902695
421421062
-1995919922
-766442792
-277925651
129919067
-1871531592
-397022633
1791566938
-1971794177
-616604209
324932978
-1879706028
583680693
-452022508
-1608498190
788522038
1840299015
-757146443
1555322281
-51057754
-780613473
781378263
909670378
-1727963914
902019028
1041266070
-1198049734
1689694157
-68453241
-1977900983
-1781439930
-237470202
-354265040
1320588554
1491732248
2034485463
-1929796813
-2043645835
-809378939
824372277
-1461959048
-512363090
437446634
-1629297545
-289490374
1742964392
831804183
1099221561
-1601200610
1191697573
-480671094
1697687683
890322566
-205830920
-1006683681
933040425
-1686791385
-1981323758
-1972648569
-1875831948
-1935949096
60281019
1192246456
1962703105
161913005
-1700011617
720500388
-2130940695
-493726140
1728493323
-2120986900
-1629425374
-1813029026
94519033
1448949079
1609156132
2118007472
129409353
545686718
-961042225
80856059
-730363311
458839371
72944267
1926884186
268245399
1922022882
547858352
478844378
117864668
-1483949858
947822632
1702327119
-576692387
48308224
715585107
-1921589915
-1634073260
831517603
-1580034006
535499765
-547927100
1978884404
886855334
-277714279
-1892213642
-330875678
1225092962
-822854782
397493822
301261457
-766538625
-234245240
180312450
504339
1989959367
-1759589502
-463976196
200317593
-685099500
1989739223
-2114006338
-382572185
1536637938
1628876629
-723585674
167235527
806040707
-2068646336
1744238067
657413183
-943593053
1533526702
-796083993
1238934277
204383307
1013468434
1006138606
-638455374
26433594
-1260124139
-2032533297
-2094306762
-1972607535
55248556
-1621212672
-948842228
-1380182466
-2144719002
713981807
-356459859
1464808925
709284101
1140563071
1170269257
-1765379878
-2046399408
-1011646384
-1262812236
1892046362
866699047
1351560515
-1314282850
258614363
161979607
-120828740
299571463
-1842100839
-1309638737
1892496170
1828649713
-1670013773
652394451
201760836
-338817706
-1579611826
1900309327
651345812
-620226980
-1922120199
2147400559
-313184968
-1820197690
-689666926
1050903373
471073511
1957817006
760048871
1707242410
-1364840142
734947185
899768735
690898945
538421516
-646931223
1055993691
-2118176551
1537743244
-637977631
1837894167
-1960767653
999376368
-1258638395
-1959461674
1343313443
852375524
-1394429543
458043262
-2124831910
-1095970300
1833441836
1623336704
1662085124
-2121824609
-1159597172
-287480901
-1182650218
2040346302
-813764164
134545954
-2135989557
-237404828
765237924
1012089243
-1472494409
1589635862
1572353352
1474631082
645030171
-338627171
-765265860
203302222
1239457019
-1511546870
1925589847
-903684949
-430534034
-914678023
1289433255
-709921560
-1984068428
681573658
744925348
-1468197286
1543733645
5800941
956638631
-1378584351
1288930248
394030284
-276094308
771729042
789883673
259792430
1625370870
-666712938
-427516625
1489238313
1705021923
-1038219695
-1267833850
-171410632
-1455182143
1511599814
1858100601
-653510594
83961039
-981777351
1171853338
805105866
-2137040857
1633114645
176945478
-694859620
-1845902869
-1031695088
1415358579
-1031478936
1775267262
328060300
-1191199797
-1200038439
-1995613578
908817472
-1894346242
-1623519016
-1271746033
-1672962793
-1609317037
1392401677
241175778
-1885318057
897827841
-879556443
-1853082603
569811462
634788284
-1834612394
-780921003
2005327752
-780583279
131763360
-2120816190
-1638972532
1541668598
1740456020
1336056363
-366032855
574935325
1552228185
2050169467
1970851651
1681959816
1955448493
49949298
838084915
-139448095
-558655830
1250728343
225534375
2145600779
1887052938
1449997420
1501460165
417357684
829014061
1992085731
-1787011434
1754672812
1788416537
-1418056175
1069350561
407593275
-987490879
817077024
-1550419498
1895933870
379712521
1488427402
297990318
591283187
-1681948151
577826436
1278365583
-1493452314
389834769
1273878455
-1864030348
1890415915
1659188460
1960400693
-557871923
-579372995
-922427031
-441922902
901449891
-263624505
191662102
-575716911
2143201279
346918194
1775785294
-1217705942
-219834996
1074892671
-1603996810
-2038753815
1868769659
811080021
-1741097085
149838897
347968422
-1142973091
79303102
1298931842
-368671752
1293672909
249431755
1813404526
2102097163
-1348132797
1789113575
947670674
904756498
1333317331
817932656
847758788
1177209080
1381328483
-866907478
-228542583
-1608374839
2010888757
1916262847
1258682569
-1539621807
884323525
1771426055
-804194363
-530291966
-525627948
-336239990
-402279864
-1019139558
1015926212
1380752066
753883932
-1703737852
-865357274
1828055972
1411211967
836221951
435341201
1376330721
-488908969
2033153277
-1823617867
817239656
-2076356638
1616288461
1638281903
623097391
1119606449
-1369578629
-791884131
-146888141
1255769878
-1483919626
482578549
-1139892803
960549468
2013534963
724259602
-1663446810
-1972396041
1182101778
-1422517873
1976741212
989314300
-1431776450
-1343271464
2005099365
1762807506
-935310760
1269879933
-1494756573
703282474
636853015
1236601289
-1335474662
1373947692
1314751785
2032335891
1977335023
-1503479822
-2021830498
1156806483
-2013735566
-2068844999
1281445254
-1830636040
326667486
596126549
1705585112
848022263
-209034658
251354469
1575567765
-234350297
-1738695213
-1476470584
-619819732
-1203868725
1263779540
1297364175
14881312
-1548581776
1581012982
1505017779
816708071
140456441
-799221172
2125184457
685159189
2100446456
2133529905
-747051021
65159353
-882707138
-1446416828
-2030576294
-770302969
609258676
1103107508
-903840679
1526287414
1059089260
-1721845059
-1182837060
-168519509
-214976270
-1662614415
-1237011159
-1178519209
819877608
257184443
1719393758
-2090358436
1417537745
-1432384608
249795228
1837531126
1082721580
1975646408
-218367518
1236497304
1374938053
-719226563
544040798
-163124395
-1935073978
-2076406927
1965995936
352633473
-1806020588
-972622971
-1291242736
-1457839464
2146811480
745800136
713239586
-1759864995
26163547
-1551876739
-2112238393
1712898374
-90444266
954496992
-1606039770
409029143
2051401481
-206009493
-28451445
-2110849076
2056607563
116149077
312833439
1478572475
-159710494
-1830721702
-221992231
-742396934
933779540
-572962879
1498059828
1956842749
1691815805
-2070534757
1829876002
653799812
1626038691
1153360712
-1276530240
778797747
1048129223
227109183
-1222046134
1025995394
-890919875
1629981453
-327409200
1542509143
-1243334530
1856944285
1233042473
-526700560
1722224701
-655163462
-1878499544
-311714682
-989323081
-816700974
1524800270
-2067906001
-881745073
-369901059
1914977854
1923443587
597798489
1607462716
451103799
1618928002
-171047115
1780322053
1251667901
-1360608331
1550483872
-2099352577
-1295917991
-281198958
539328582
727117065
-2043132
1768342564
-858559846
-677660544
-532660706
1254402795
1111174122
-834680895
473897125
1390302976
1480789933
1389473516
1557435554
-552513156
1444843295
1736383723
-18795290
-1960775142
-49093617
841078706
1259032054
-1897627877
-93227785
2070526151
-1792138685
199026537
1187278413
2014014981
-1826484834
2120841983
1796939032
-1139539300
-870878230
-1751673
-836182331
-872582053
1864722194
1600974660
314751546
-1507796687
1950890045
-660125646
-1787496917
233232624
1713072192
1223221611
682311853
-1864401068
123579220
-978495285
326843400
-1460229564
-1660619768
-639157545
-406158128
109746263
-1751926408
206675674
780567862
-1250010215
-1279267649
-1510153904
-315250277
1102722190
915362217
-1610473336
1015990886
1177033078
1528049325
-1344315516
893181718
2103111122
1261471770
1169716003
1539460762
-789369306
1886739087
81206657
-3116833
1555829761
-1583970129
2139552670
463279531
-2136443334
-1287426027
1645226301
-1643567959
294054267
2076137862
2002632462
2080942788
1605952771
378812517
722177806
-873600841
229699495
-1938985621
577291054
-1119996187
-1179117287
1238335638
-558677454
-1026502043
-4504724
-1858271646
-525730084
1483007841
-991625001
1369973814
-1496148663
-1579324256
-1882125896
873687073
-290399590
-1104763808
-1586327844
-230955067
-1812643115
598890088
-728306691
-145630573
428949773
632624990
8552075
979641144
-1779497535
-652201643
-1094867793
863403094
1199325058
-872873558
1359227020
-1216267145
1200472535
1248321552
-894854201
-1743461058
-1852033436
2145772264
619276105
-1203047969
842546248
1905398997
532779843
894474448
-568944185
1043066767
-1654420622
-1938852672
1148937257
-105238536
-449420381
-834451256
592789985
-339585172
286941305
-569682977
-725079312
-1872335268
-61486994
402188179
-1074181237
-201073635
-879804137
423900662
-1344017157
1598515197
-2135278421
-1813280043
-1659270972
-1403537513
-1189200955
1435526192
1624074761
1979244136
1726605160
-399958555
581861678
-459222367
256853828
1534403757
370691518
-2070029506
1379309623
-225647540
1615725199
-118666409
-2056681707
818275588
1191266340
-915267915
1123079084
1471597642
781730130
236997543
2105188354
212743356
-2135116251
2091572758
239071200
-106262191
2012776707
-527421481
-1841029997
-1273983023
-1832789486
1463865920
-1456389903
-1790923128
1234926807
-1328349955
1522590106
100923702
-1491819489
176002596
818959743
-1059905207
-943921118
1748182917
-667635032
-277191347
-1311765788
-1620683449
1096434481
-1445987421
-1565581602
59156912
-268974443
341439600
158528478
-1101149629
-1629617362
974898904
876473898
-1335727601
-2039452676
999488876
-407786517
-795374267
1776017061
-1049774624
-11592503
-840699380
1290583484
-218306559
147714002
-969493871
448129861
-636508187
-438142049
797668449
407791480
-284960925
-1648917319
221362426
1191417797
61602501
198411832
-1780472930
-1564837352
1634804924
1266114733
-296368022
-1004910498
1511206292
117347137
1306056871
-289451962
-505894488
10969886
386089056
308085579
-517778665
-1347709683
1296238900
513966834
-1988830537
-484001
-1887594899
488975696
440095817
-1637848559
-274592176
1992879567
-1820610066
-1660277974
-1092057930
1129731632
-85720359
645709160
-1405044005
1852490707
708208966
-820864229
1733068917
1290736950
-409404501
1732343631
-1150336504
637907899
140903724
-350361808
-1254313864
1781069229
148592979
-551174742
-1507365409
1463753860
1035906815
-1914569393
-1745372256
-1728482456
737687197
-946109314
680601020
-702000653
-1266425962
-76818496
-1742829724
-704248005
1680670984
1638248053
-1524546354
135721231
227498423
19342767
1280953932
1314734975
-871130299
1172421981
-1555251047
1216562337
122483873
-1258126421
1552496246
1602683026
444616637
-1125707095
2047483765
278837691
-344639869
1118979114
-1118457837
-1816290987
960205577
522043374
1402683148
-627809234
1854979842
1448331267
1866540011
-261998676
-1354656137
1030678375
760834784
631608082
59670967
-1712101646
-1785892395
-587321086
2071046796
-563041166
1400750786
-1265339070
-453586769
699852823
714391360
-1587318078
-271093379
1844425745
505409884
470732253
-58378519
-659649929
-261286482
-104988961
955769268
385365354
1642410665
-83183417
1630741212
-1634820742
2112966963
-2019002291
2144082001
-1564435896
471444087
-1018724571
1526554862
-1932285589
1904828154
-141181051
5503910
-1592283241
1596852972
-865829915
-1158781442
940779516
-464794688
-1977508091
32157114
-1858574869
1775471358
-2009067468
-583570981
-1736782657
827499095
1360693198
1506201288
-64675334
540028153
328247301
-631090742
46161325
106797605
-665428508
55611325
-1276338915
-739945218
166317713
1139174148
17046435
2082182562
581194962
1698141373
-1250273836
1692577662
2023707346
1202320693
-2123908384
-1514835747
-613557213
225617822
2094305343
1245669314
137919494
1027243263
106687369
-1603002376
1574476778
160643691
-169220443
-7098777
-127578574
1858471541
1122398758
-1382277720
-1166311109
-2078885406
-1773114895
-1467183142
1453842077
1730086816
-748498910
1238903222
888724143
-90198025
-1768402384
2041846496
-333203376
760558333
-1853916082
-2033363072
-888175388
876656207
-1273741548
-1700276463
-1153085283
-1649602051
1484368734
615672952
922035963
440613062
1580796020
-1019770024
-1976333419
2130734980
-321279894
184848036
-2029289703
-1189869591
-1258873142
-903457675
-482520944
181506667
556907887
-927775971
-717046042
-96486531
1202682803
-1182266501
682962601
1570457599
1067559884
-1252148080
-524617711
464053494
379986547
-1040909230
-705883840
-1406681473
908113094
645626304
1282840777
-2090724864
-216780690
-1827804106
-884734858
704130977
30421508
-326487039
238024773
1389731578
-63210064
889876534
-1887958604
1141332749
1540931091
-174383681
681833278
119888246
-1575105178
2085327798
-995230684
846254305
-1198265117
-2082901771
618895472
-2014580037
1220120163
-1792225555
-1411283658
-356053973
1074041928
-538686025
-562109155
1086997059
1626221468
-208843416
1974411549
740449650
-2065718150
-803870552
513446281
1164597309
-1905660756
650871941
1269445456
-1254972114
1705480341
1729235332
843246975
182607884
1011050065
-1339221511
1907436297
-1277305269
-1315158246
-315237992
546163914
-190754106
-736068883
-18015669
-1695434807
624261291
-511591828
-1044184507
1700627389
-833652299
-1509102843
577404758
-1836118574
734823329
1920923988
299899776
500626348
1330430170
1902278086
-1741617461
-1541653845
1505273974
932697982
751331925
1675405169
-273229467
1768196475
-657041236
-1000568416
-1966607129
1149445626
231010144
773914600
-1440666562
-2106489832
-337281582
1459353664
850752933
-354452549
1841874258
1788964978
-1066886016
-823426125
1481811561
-1842234659
-228155180
-1593274853
1338691442
832359286
1028463096
-1254439163
1009860719
-310456049
-562327412
-1878058667
-2076788711
-547971364
-1212480598
-762602003
866541112
-1124423118
549195099
-191538934
286211893
-1690722160
-806462900
1881795053
-61772563
383769059
-2060752703
1955729597
-979642169
1395337989
-103169334
-1952698709
1873099528
1699404934
315434931
171713623
-2118411419
2049034671
1803245760
-1814023567
-2081730855
-1839404093
124026137
715178147
-499679560
-380578424
1896435971
678112942
-2132046588
-1858804987
1824035921
1554387923
346941951
461054348
-64984039
1489997939
2054303489
577778682
86485929
-1954769415
-1896770933
-1707165891
-27379525
506087671
1882065307
388360982
2090008296
-37690993
1190505025
-580148449
51455578
163163668
664871794
26067983
-1578270266
13638640
-777953765
213373245
-2031589480
1849682631
-232940679
918900322
-319329681
101772764
-2145082201
207747490
-1077041973
-1676476493
369680248
1097146829
-1158640636
640879608
749231238
-40526623
-497910147
570184607
2145333899
1758995155
2085323033
-1129885876
-395068690
-475918194
1968955374
1732891636
-1263434847
-1113139397
-2069125576
332553667
652282409
1867946947
-269147760
1571988800
-1122528259
791202449
1303897181
-390339922
1371256852
169190300
-1334510710
2079417269
-456102471
-1957821788
-997438599
-482584767
-320752479
443606971
1465796663
-1405750358
-1198839234
-311262202
-1462469392
-34907371
-1874714539
610324164
-1280928092
1540416025
-1601042226
225306256
467199514
1062247589
143870666
-681000222
-1186165483
1673155872
-732834565
340851163
1023986373
337203665
-530972369
1429904961
1852316544
332827776
670539052
411269575
415965105
273956957
1813785795
-72669294
1444838928
1159328289
1654569247
657707768
1033909523
-604613005
903397725
-989225334
-1541140573
-118572404
1623793761
-850725036
48115987
-1792421091
1293876199
-500410270
1857416269
-1233250961
1142690008
1716929158
-342730162
19529420
-1839271714
-1983615912
674587603
-2000753123
1452999994
337211006
-1756286380
2058187732
-1924306220
415920173
-456180687
980171787
349895571
632985583
1644126251
-1423902995
-1082844945
-2011806554
1406714901
793043796
132647875
-507882800
719153866
-1036722252
-1387328153
-344722932
-540232351
70722870
-1260958210
438947548
-1168096353
226431271
159157259
650613931
454158252
-229007213
-314633910
-1362031598
-442457846
-2009890259
-2030294851
1175607638
2062930626
-892083599
957309444
624369461
-580179745
959796748
-663472655
-311784991
1703207200
1142457979
-410722213
-893483444
238775016
-66943759
1273791282
641247654
-1037397383
991094653
-1842354476
1766296867
-1783911583
-1623452564
1133603742
1733009921
-1874629069
2099929067
-2109079356
1930084809
-1725727366
432857073
-2057685915
362151636
-2113223189
-1438836133
1976807641
-1365411568
-1194381863
-168758953
-55788723
-475645180
1032734701
-1074499066
-1221294190
-665689327
1898577173
-140547747
307787057
1714167034
-1332649540
-367729845
1465354690
1650995109
2091199036
1914239008
813874301
-333634782
-678792560
1168870445
-1619138799
2042118892
775277902
-1231231577
1633578932
692715631
1931726291
1597717712
2101477499
-1193838134
1288929727
-2071549352
952688619
-1971902251
1793756579
1447761919
-1065042225
2145058405
791798009
1767249791
1646661451
441085390
118830420
-1158102103
-2143340239
-1154274135
-1237398312
-1922822194
1024868242
-1231050026
-1098112021
1819289952
-529355880
5146308
1278183980
-2142908457
-320941933
-166297105
295556771
-110442791
-1062159024
1257683370
1025944378
908117652
530607793
-2048186338
-855049364
1176014446
-1879697542
1385804178
-1782789573
-1921974816
-1682665112
-127122964
474370919
-2062264417
-1613673593
1659944566
854987740
1661211388
1389119941
-190853147
87844203
-481960052
-703591999
-541603689
-697392707
1881849611
1403674856
2011769628
1120338052
-1596761731
-1989367869
526816504
-523787022
-312283243
1955776137
1656885670
-155414930
-1283158181
-1426721029
354294238
-878747515
972844808
-104247439
-640105702
1465595422
2033816116
455830319
1446765398
-1684147215
-1753604814
-860240900
488975640
1330105914
1935080122
789025013
1682278319
1247868329
1571928009
295911070
1455892414
42508188
2118760900
-160246727
-937546756
-1756373617
-353619229
182508122
-1950367180
1311111122
2055502028
-891775301
2008553619
-979157123
-108486274
1110028620
1222090530
-1554347103
-426210704
165189262
867458448
-1926703680
-219959815
-513660127
-565944011
310225278
2085382898
-1521572709
111314771
-359769193
1300603545
-36136038
-52484194
-183419885
2094125240
1596631836
-741186819
-1958922312
47776262
1510420749
1342053010
1771936960
-92451636
483591201
-269888776
1209071308
-1360285749
-885706012
1061357515
-1085983208
413236060
-1156898802
296792940
-2123196945
-84104999
26316827
1542524677
37353056
-328219589
815299611
-2050699574
916626737
-1982313468
-358564410
496721538
360616467
1677765471
-1692407597
1948770885
1631324695
-1153092988
1192748425
2050948999
698193504
1525002593
116727957
853127764
1966737946
1107531894
1451189278
-1776700707
-348107862
-840514560
1607904790
351285042
-452295386
-1239329447
-1405708333
1070587216
2010081287
-238207330
-36691235
-505435810
813135901
61105298
1521680137
766739507
25661890
-883000639
-1363370554
618993180
1416699730
-741474840
-1558927690
-113354277
262910426
-924323693
-232545920
-792435727
1761800463
-713540088
1080682724
-1508845025
1925125760
-939595933
1516911375
1212997418
-637704177
391143170
926710576
436762335
1475437981
-464144862
-1416464310
-1202346410
-299983356
2096070858
-884880053
1279186042
1646681930
1724421095
1560489566
-735826232
1069790738
-1240202824
-565659779
419698262
1380151381
772012140
-1726869431
1903089942
1634539346
92104456
-2067891939
-1725547685
-1817373501
-194605938
-1303767712
896374172
664762192
-1825778341
224724762
-1827173768
-182580664
-385832240
1269313481
-2136303366
-118770546
-66315980
320121461
482742045
-247311663
735277017
508056322
193274002
338133247
1329414012
1889726148
-852089408
767559418
-542024975
1547487832
832063243
-199172980
-1349206529
407429297
-315484072
1117255832
-1369276792
764010353
-1099437871
-682205293
1577069549
-517825415
-291452187
1862804785
-840023888
-1451241277
712349842
-109161118
131828314
1453468782
307591142
-1671825281
-802378850
-68347878
-1705008190
1004971712
-763945794
1997518710
-1939178271
-230269198
-939438547
451084566
-1586747624
-789080987
-1018179211
393281417
-1485228321
1272555562
-1713263526
-1895395414
-1195232497
-27049602
-759416257
1416769590
1598090988
251738496
-1618395191
1437054623
-1672282010
818679338
756028610
287964447
-1416702309
1143804030
553453631
-786899441
1089811616
1793835519
-461872381
97718392
1014568065
1320097122
-2025804763
285260266
-470534523
-1853520251
-1676536847
1238681996
-1187061578
1371684256
-1755371252
2040557684
-930770273
883732921
-2097333286
-1783280840
-1419792041
560168541
1990792227
-163049275
-1814663234
1042964620
1282333940
-1295066514
532379398
-1721331980
-1286968637
1886607687
-593292427
1544282466
-1341964330
-1344107340
-1345459864
1483766645
244970212
977849916
1871345306
363064980
1674763260
2061649570
358015910
667027233
1355033509
2020941878
-40900150
948484334
1879822406
1905003112
-1560162067
-872685840
-4993592
1553785501
1719454178
-1302805967
840035193
1404081733
-52549394
-1773757429
1834605619
786338349
-1793833849
-78608494
1667712188
-1019260143
867892318
-796354990
867648624
-1172378763
-280286049
-319095751
-18914275
661754548
-155741833
177440470
-548794579
-1407610536
-1326063914
1065800644
-320931062
1504648876
-426045322
1634990688
985669821
-546307184
597571099
-276128575
-173396776
-66709876
918896667
357340137
1762757014
1395713318
-1972137952
2101455671
-1761384640
-1169154441
-1345695188
627515168
-1117493551
-929983749
-981016099
1301009182
10275549
6217129
-670318607
895840999
173822638
-1663825341
600103949
1949954786
-1457642577
-523645714
2128623289
-1313070122
-189307635
2056462085
-1755308113
-697217564
-1547603558
20403497
656184405
81856183
-1353006091
-353434980
-2070052218
-483412231
482869480
1648049615
-703597672
-1311276280
1764803600
-1537992135
-1355521126
389712617
692720323
-1037800599
-1673213731
1409594748
-1619355347
-1311365794
1588924341
553810673
1696798140
726920726
-979825024
-680172934
2037880510
861516900
-1364773401
-1069144254
-1342411193
-134782970
-25198237
-1207977828
1283719255
-2079985930
592604163
1820166527
-1195847876
910201856
-461640341
-1192565966
1779526197
163097236
140690207
1683500867
-322821544
-512453667
1747749377
1376152765
1662691765
-847851247
-757371880
131613849
-822345542
-714346742
527591058
39547252
-17476136
1108547350
-1140233204
1171549826
-1336099994
-1151444726
646637327
-740187710
1034082246
1267008157
258498782
1961522547
1114567621
1880332274
1999392878
-1629350714
-536671417
-1364573834
833312181
657244116
-2109881309
-1932279060
-1393072857
116517585
445280075
-1905504315
995862397
1729404034
141391920
-844050252
114299319
-1095843860
1230890596
-2138804606
499120484
1401118029
-511519360
151221790
351217953
1520889423
-1225390265
290974199
-1392690850
1071399291
-1348799477
1295340686
-339791513
-552099605
-928252593
1134997574
-1767656286
1417752643
-48912723
-2093844354
-472498155
1063957985
785512698
-1241106463
1075461163
725369683
1442083751
-1524881412
-409016649
966684937
137965674
-1654475248
-996583111
174072139
-202367716
840368425
260190047
1392574060
1128755172
-1325357713
-827813427
816392256
-2021213803
156133563
-710629088
1055507658
-385992108
2042141804
-716194512
455698490
-293315458
1065830523
2055767189
-1554348011
1754626504
862417869
1500407916
-842437195
1992838822
-740549176
1277608027
45243380
1821097969
-1798521560
468404945
-299377628
-1572284733
1635538963
1632724370
-1931712959
1011750565
1599179114
-374486414
-270411671
1066897900
227084129
57726048
-1113296500
802775135
-1921941679
-2037149530
-1467071649
275274781
-110568756
1894654062
-115650667
1157056701
1405108722
1960062599
1626719313
635226295
1932357378
-623084183
-902493227
2012792065
-305846477
-763047562
-531520641
-1869206787
-152834876
-2135704702
51047926
470819985
1562852946
1261307797
-40143712
13643415
-722798743
-1792158737
-1049932713
296530296
-689723812
665162827
-97021605
2030436371
-89658536
664372584
1168191113
1668931810
-1752681289
-627157820
1216635853
1139017055
-332043119
-1523318614
-1667383340
-2065427548
1017932697
77608047
1746436358
-192403887
1994736933
-1503943433
1508741555
658826929
-1893547890
-832949890
817468299
1448256799
95392697
-1548890988
19115603
1561924518
-560188682
-1535086231
1012274646
-674658585
-907458040
-547247798
1235516185
-1931353793
-1397214588
-727161493
529259729
709921832
467401566
1198665958
452619033
-2020334625
1790629312
1188364035
-947555745
-2034779833
-1877411043
1432951226
-81886817
-256455155
2053333126
-1817906059
-1556594732
1155690252
1067567932
-119740647
-1419860822
143855857
2006784645
55907655
894273655
990450466
-1438655805
1777599966
-607404180
-753398565
235173313
-1777815868
1262498823
-1487452006
1806013520
1501493478
811185355
-2007756355
1115325714
302645372
1568237875
1021884520
-1254966123
1417385361
1310400995
900034476
641778339
955564226
-1955203039
1265002981
527835351
1494437957
1245900930
2030360419
1582769779
-1325616851
1044288744
-557405365
-272198287
-1956210453
-1613383253
1242254015
-954823465
-473808105
-1162026475
586254908
1603093583
-1330165904
-1003161580
-694837948
-1052676874
275205153
-726185174
1296817212
-870626444
-1748756410
-1913779545
-1826126698
1661263692
316000941
-2105692390
-865413326
-148591756
-580437792
-461961467
-1049609983
-593234905
-294995357
1217452751
-2072888853
-1455782406
-1932925895
-1698472962
-644700686
-574137811
-25757523
1406063525
1826555031
417246275
-222359730
-371571686
1964190332
-1381280555
-884459206
-1611795988
-88030902
1913290146
-1676204641
-1143404525
-1802704428
-173669655
-424932737
-1219441815
1621318780
-1153231366
-553724494
-620031655
1536207829
-222300918
-551622095
1887235541
-743731830
513068103
2142956944
604097677
-1471197827
-531033044
1293511116
-1933678243
-1280848077
1309671701
-111982778
215374854
1056031086
-216803307
976053007
1120021280
-1441273829
1419853063
-1291926170
788470351
-1698652050
679529955
-1511703426
-1892603980
-1838349493
-1520525486
-211656829
73591975
-646100505
-2059112829
-1198047777
-1667869278
1141135535
-1532715969
-1292550472
-1282120321
-1618045848
414270778
1218376893
-1290176538
614360471
932973484
-2028213726
-1705068800
1172508194
1108370976
-1297176344
-405227408
-1068190410
537102220
-1077116063
1091466626
480955755
1091712160
-1440030477
854266533
-2108671706
190192226
2043548444
-2078266858
273338687
270629370
-1832782155
-1437233698
264384995
1168719306
-672864902
222213374
-2010385990
-460141631
682736585
1602045927
-1260279989
-237229839
-847382871
-1480884177
-381198177
1978286686
-1184027122
-1008709758
-907054812
-2114818280
-441749670
-1746239018
-1064125996
1521581963
-225166297
-1994436894
-192753770
-340529644
964964675
-536080688
1001235428
1587021016
1500486139
-1482553808
-1348430931
-1091826479
1496871836
1219394864
1081278587
-1294476759
-782064330
-1772055030
-1822500904
-740144694
1131245475
363959997
642755822
1058571317
872765895
-979658241
1796687981
-1041884781
-1498276584
-1940530319
-830418255
642403081
-505915808
495784724
1198128163
-1358424752
-1860239679
-771648517
-1701066786
-936128380
1589965049
-1722015166
1603460246
1398438203
1651703527
916829246
-1962836043
632026841
-2116330674
366842613
-1009541434
995291937
1295997911
-1326674480
-1591768298
-1833298161
2080429916
317404558
-1728820328
1848099046
-202070941
765219452
2074126601
253134724
-41944088
1968966114
-753117101
-1639833860
-1226652577
1456957120
82765622
1925542502
246221048
1323776442
746999589
-216004880
410919204
-1557887920
-156675475
-641336263
-1005564841
1350296401
1657800604
1295990238
897304079
-815223663
-420530400
1594866260
-758606315
-757615655
-1679200466
-1645497609
-1365860093
1648159518
-1901923868
1146648931
773307653
1348882934
837018033
-1911869950
-1978675485
2051663943
-100249612
425481190
1129001790
-1028417471
186913251
943738329
-2093221863
-191673459
1599242158
1386354865
494054043
-1795514426
314081763
738121447
-156254958
-354619864
1764593939
83231082
-1231632069
-996435322
1524009910
1214992817
433926848
-1517036159
-585136565
672446735
6417921
1468169718
-239076925
1059060042
1966370583
1608854968
-1469516769
-666848659
-1167260395
-2016903810
2006134615
-1204749859
-1474746992
-1477665761
-2015546754
-1950626135
10644577
-484813572
298311970
571080486
1446990760
-1205534276
-1314775816
375346107
-1737955308
598565694
1868193208
822022905
-1103037086
-494627381
569860934
-1563675922
1737008931
-1211263861
786916882
-206910534
-511772223
149880890
1852271040
2112724834
737957827
-1001513701
507155978
712231652
1436471119
703020076
1292089829
-1362627446
-2145367056
-312015974
2031181026
1104382851
-801660775
1001081463
1334772439
-640815953
1928441322
1489599401
-2095807042
-398950215
1031809201
-349981659
-1397315108
-600430742
-2142255949
720703581
-1756737499
-1180859332
-1156593749
1464917239
1404955358
-519372754
-2123282286
957849278
226695300
-466578218
537173792
-1927272995
-247691028
1861137596
1107281810
-939384758
612536491
-89987868
-736051538
1523769215
-36499785
315481004
-1031071229
-134462097
1978107982
1643919576
-1750048651
224464055
1777770262
-654693653
-716773640
-327098348
1460946309
-368339528
-2041891429
-847121131
-63548030
-1150841289
-1371260728
-701686255
-258380468
684670876
247644874
-1656453286
27014810
-1996124763
882450830
-999517262
-1008370684
577636403
-758133587
1784777725
-2113163103
-1888549860
1579708329
-1951656392
-851784208
-1600393921
1632687222
1152493481
-994071557
2104108504
-1543802308
471688792
1848522681
1568933652
-2043960229
-1955516995
-1823855692
-1980573977
-1453339217
1549118138
-751816981
-812529891
2065951764
-818167094
1404534265
-389459537
-2076483540
-95372677
-1797094795
-189561257
-1657213601
971624217
-994640740
-88138394
-1320667613
-1398589525
-331570387
-185572395
1784428669
-2001092317
-521445996
1966888089
-1557492026
216365520
-289375158
-714378438
1939044530
141500439
818189179
-239649882
127070350
-1952364447
-297673752
-1104266430
-1613279032
-1907265961
-1668989426
-216520895
1373523380
-45324980
1174563720
-2041281479
-1807661171
473226235
-1571444047
1950593779
-689555271
-417732751
-1792788339
1400075906
1448789072
-1191786164
-1366924056
-2142943338
-906811170
28075301
-1531654977
441846033
1168055144
169351498
912545503
701755866
-1224552787
1592979120
-36514100
-1201094671
1501735597
1717523495
541096419
1965787332
-1428916114
1069209807
-2102369598
779008704
697370109
1823250890
-175302937
1819550762
359499442
-322939086
863216279
1046090542
-1519111240
-1519819699
1446156032
-1540234440
-1744310067
-699930881
-1506261343
1331792770
-1963525819
1480465024
645784553
-361299219
1537005907
-729118386
-1615632866
78482709
-1739311221
-1963494813
-79013760
-1194179425
1098724002
-1568748118
-1472464978
1681290964
828725112
298165167
1514750279
1177789555
1001026392
-1815565162
1866062291
-995214398
-1367226754
-1270912434
2122902756
-1019125786
1591827161
366621190
1295870840
-91270796
-736001263
-1378690849
1939688609
1624722503
-863451702
-1014040606
994161767
1705701011
43301162
999160627
-2079578899
1034583354
1727435417
-1312001913
601562577
-1848600226
-2057146681
2087274707
702467545
1028340534
1589417458
586219845
-1990935861
375981605
169885800
-1535252617
-361004133
402606600
200253259
-31724318
436084939
1109280207
-1361760876
1725021584
-920107250
-1473347762
848989529
1050152469
-232009681
-387234731
1211725138
-2069670721
1171869233
-1755600643
-976260455
250831372
-106156874
1546426180
2019918513
-1537242020
808256676
300139484
2030619080
1787650791
11732485
764189759
-289281728
-307553296
-256402386
368935430
-204686741
-274320838
-25317341
-555423877
-1303744106
1797907899
1291857209
1202921836
1204055368
54039439
439462909
175047234
-1485425205
-571598545
349267796
-254766511
1572434155
-2027374878
-189276189
-539068048
-1688809987
-2118572686
-1715482192
-117445172
1781214755
714199843
9854985
205405177
-37712691
1014528992
1275567012
797850697
510553218
-885223241
-1828010233
1135298913
479054815
-693624185
1512308010
898796552
931718880
1988641784
-1075372454
-1387876286
575621214
629479082
-1161681057
-1267640419
1077604312
1464924080
-829728
1660476618
1392217973
-2093383873
-1695431418
1375091822
-672586167
1167869858
399855968
266352442
24083159
-1939034255
-994768122
8257849
-1806157354
-1139340543
-1279166720
2038764136
-2133738185
-572458722
877811944
-555029365
-1603485849
-1364341001
-1300897331
1764551230
-450134319
2013876057
-1123456678
-648189111
-1906240090
483008800
675419447
-68750791
-1094186528
-2118076183
1343099566
-1595209941
1881364867
1090431500
-1189263727
-651430934
472745765
1586336457
854234971
1573760316
751659697
-282323008
118306197
824933752
113298023
1880793766
883656315
-1262140324
912850982
157866037
-1738566433
-1390387171
1583754989
1708128612
-1149817780
1436914622
930204831
-214588456
-948436371
-1387888987
1890681862
-1330272871
1450349231
1313503594
197636889
-1849108471
70553637
1229712370
-394851967
-1928710639
1511395756
-898862916
1560480601
-1216700004
-315958193
-1990764166
-1160807371
372706376
-279744532
-1106286365
-2040727963
-811862181
-1925203433
922604999
-2032061829
84705011
-399535298
897968995
-123878647
1061315713
1482385932
1992415990
1979730094
191876215
-1632517870
-1421700461
851665492
919774016
1480352420
334867769
167239090
1004854640
491417345
-789458912
-2007897064
-1621883076
1487579318
169544021
1871601515
-1902258388
-770464957
-1365900407
1518351213
1708570638
-930236418
1612325668
-610867391
1627029038
411886903
-677388128
498232110
-1502168125
1940323228
-622201835
824288930
-1079940949
-139149857
-1153620465
-2131436934
533057883
787666581
1719916967
-1348639872
1721565456
-1935554463
-1034443823
1365811508
-425321654
267533393
1430029297
-1342438193
-1507436422
-1141026169
50237876
1070894212
-1981834759
-849422053
-1092864995
-2010370296
-972568260
-285110976
-835439138
-2100561067
-1275431354
1980484261
1511017193
-2072383319
348219741
-757248739
1113185093
1813893844
-517465088
-1057691519
605038373
-2035777869
-1965470441
1268734676
1504974901
1820164855
-297458580
-675373912
193942583
1121386795
-838756007
235623361
-1581161266
-1399317772
490606787
-1557640201
-1655240550
1115844505
1795057222
-1644553632
-446889596
1460104645
-1436494671
1328762542
1646326874
-835289716
1349874100
-1054353708
-1729614435
-355121493
895824088
-218072849
915234713
-1631611117
-267279954
-795768988
-990663242
1921035688
271965515
111555397
1733204238
-1091572411
-291219725
-1262214920
-2128371137
1203190787
-54229997
-1753144550
-991710079
1464439483
-147943564
-1010876512
-834163206
540311752
41061294
-104766657
863803728
891267089
402381018
692938509
-1008636800
2088334662
-891768438
204885096
1960927470
-1090480024
205067005
-51129578
-1835845444
894304655
1693938831
26922413
192349534
-1334090265
-139394450
-1428432843
-768523410
-784428805
1696223122
149181707
515596220
1737623093
1704506094
-547892216
-277939799
2139600549
385336291
475416545
986871476
-966078719
-829052427
-1226461744
1382202197
304210412
-556256320
-1252258956
-1644225271
-1408044421
-2056787668
-1898912011
72999342
350167796
-171078433
560700779
-2011111408
-815526952
-1394491149
1960196992
817305027
734854947
1682293480
-1166885805
-1450097102
1465826257
-988319012
-563424609
-640354568
927749540
2105678329
1401987100
1610243438
-460565212
1894818862
42532644
-2144923260
1485919207
633159968
-1054981478
-385836588
-549873390
1350934627
-349925369
1192436980
-713197025
-603308828
-2126039035
333054987
-962821152
804416426
363376864
1480374950
117813186
-667541059
817174393
1143781324
-315152042
1435084133
1143036525
-482538417
-241801203
-1942577513
-1525714057
-909200796
-2029412029
1838234284
-219000046
486619766
-483928450
2146391892
1028809314
-1438584522
778372086
1827858633
-1052917932
256430838
1995715416
-849866937
910006019
-100671433
208762566
-947220550
-61062563
-570513536
-1425928158
2051908537
-1755444986
-855435152
-1564915572
-2114169677
1762176636
1701180438
1207221288
-1936206233
-1686884997
-1761186176
-884269532
-96693095
1461798306
-1185557103
-1210795783
-68294654
1295564629
-1921625833
-448450832
-1120688505
119572965
452792349
-1933426969
-1794899282
1874991086
1041856380
1272680788
1663528525
1789894144
1877484984
1690554762
2011919491
-1341384831
382853128
640390971
936689388
1408513489
574864566
-1943870403
458209807
-1956340305
202317481
1450064528
1717734683
964433626
-1751820736
-1140289888
-1520805677
1287557627
-456393888
-816080442
2090398149
-823646014
409228496
-1756606188
-95974975
19758158
-198090557
-556694447
1543896201
-726067759
411914934
329705794
401978309
1242279283
842570364
219092779
452613689
-1411417225
1295632534
-776259947
888780345
-2121468004
-1243159608
135752016
-360205477
1811000005
-491387928
-2102972741
-1593703570
-1128270117
-1929624072
-1290975166
-773122389
1965619442
1906273655
-569449945
-1819112662
-734008918
-835729677
-644217723
-217259113
-1182228521
136650723
1473482898
-312249051
-1021765276
-1940723789
934366756
385925313
1120939636
-1185624545
-1192702602
1877781387
1503777481
32928451
2118394155
1957644929
-853833367
-1448216077
-84298606
367539581
2018111102
-429221176
-1112227286
-15493791
-1470989443
2104851066
1255157353
114647440
-995956341
1580493045
656263865
196509855
1959384603
1652773541
-508541758
382124108
287477211
1649572757
1706968558
-850274130
-1179115056
-1400580169
2048493353
-486216018
2120362687
-890563451
-367207192
-238728779
-966795569
535635912
-2136965267
1666199718
-1294181013
1664972726
1622414152
-1379458546
-921610899
-1794248638
-976079328
919264154
1684760952
-1913611856
909743027
-1543838519
-1989806428
-1844280217
1649657626
181833953
-720756383
169418250
2077396049
1616358438
-1118352236
-673758264
-1297086985
963528777
-761700602
1519429107
-1245242543
-1811391457
-2095875330
-1562947377
-863685996
600255122
1068239915
712535724
528927587
-651189028
598822856
-1901422793
-1828405866
-582861839
698071802
-889110516
-1206902724
-1992698564
-450501765
-1613880690
-1661526813
1912133262
-160969091
-1882019077
-99798250
463895891
1545456072
-189741894
1924509734
1936585990
1126249253
1621858295
2067226413
-1770790682
1620824575
71175281
1187820879
2100186345
-1578850490
1343628690
-824967613
-728352271
-2105583722
492932031
808930577
308885821
-2069523560
1749604081
-279169764
-903558367
-1655430488
272395908
426217315
-1932757767
1212904376
680464974
597807107
2032583259
-183641997
-2029559565
193769472
-735271541
-2115776860
1590882168
-872206524
-47584461
395377625
-1713715691
969487078
1036301651
1709883203
572675662
-998227024
-284348042
-1725202976
-1781055932
877342939
1091960357
1609305307
-1270256312
281189148
1705571232
-1537286606
-983007824
-143086621
-1481423925
-1224813671
-103000082
1466596577
54469990
1067309982
1151103709
530707403
2088795777
1776139533
155862366
1244862046
-757251538
501200021
-1849115357
1709972130
1177646455
1134413995
181653194
2025830257
874123154
-919930963
-1745325267
-1352304326
135342419
-2008701877
1149150712
874782466
-1227280415
-126229470
1708931451
1668694955
459017900
2127008937
-1235184704
427415417
-1812036450
-325428656
-1590253344
1931423185
850860176
-1944064539
484165266
-1844141245
1664835839
-1041540038
201262340
1991778249
-1064463617
-1986388987
-2019135251
405272912
-916485009
-1088807418
498352867
-1943995784
-2006987411
2122201967
-172509207
1458540952
500700428
-884955521
-929407156
731278340
1514968388
-341229201
-1888226898
1303183761
1900409385
1611136914
-2357918
-40053671
-681607072
1708242103
699544571
1963747515
-229214514
2125461201
2026538271
-659342939
-1536292975
1367012825
-1250610528
-2034094828
1766298675
1763601907
1857427916
1908427996
-1601343204
836310991
561081860
-277624924
1707207753
576207698
-434601845
-160727500
-1955886277
572999796
-71650913
591241459
-973949903
67476075
151772877
-1126948438
118765208
-1087190775
-751639935
90701198
1896834754
149171298
-1136133924
1884857212
133021910
-48466255
-241951286
1411185286
2058176263
-968324997
2032121938
-1486893907
-1795813624
596828916
-2010110160
-1859020304
1737929407
1896963234
-835124576
-1705633915
831166520
1896283200
-759224452
827580262
-133675812
-1263657500
-1510416503
-934210546
1766141922
-1281538461
81246989
-214958972
-1367357436
-1793373964
-1763840092
-1307911016
-1112039306
2094899987
267014227
543067500
1166473491
251015847
256062173
2015861301
-1525672487
1935911526
1893324373
573433155
1780750743
-1425381256
591732468
368515390
1609586660
-1408134310
1032567596
1150839473
1541034579
-990207739
549651964
639921612
738317540
-494425010
-1677116795
-1174797211
-2040273476
-689488753
-759771938
-1694128064
-1072661480
-555588729
-1509163997
-229206641
-997182849
-1238084226
-1973620268
-1736599109
230058039
1426120621
2098201179
558074468
-1091598855
1339121883
-1712921874
-1449023322
-69051929
265693259
-62592873
1573287070
-1003045187
480534229
-374233968
-527059668
750977607
1233575506
116945364
532330489
-1937457390
955947837
-1237661710
189795771
-387900058
-1487567722
-346790109
-24099145
-1812746381
-1004470775
1380823455
204960647
-126722871
1855936591
-1299593685
2104847901
471863565
-276436012
-31248394
-1848824057
-1959845399
778811802
-2134687835
1631433460
1871683652
-284772772
-2123538004
-590007178
1312098483
1196434422
1484326367
-2070430199
-1256061138
-833970940
998894664
11425875
1992311302
1907013320
-1375737030
1600411821
2096455702
156065104
-900431194
231511009
-674906568
-1602925097
963498156
2118154549
862488570
-1468312725
1028897653
-494446168
263726994
1697851856
1580033087
-141271173
-769310450
-1962857820
138033081
-223479310
2063707343
1203448003
1356541840
-2084978341
2052859191
2083593708
-1930028727
848566095
-553870431
1524666020
-582617519
1040910135
513566865
-1423980454
583584082
1988635409
-1334523092
-1254335029
1336698055
1022204020
99707882
500860327
-182382894
65411537
1878775433
1536769908
-1919807924
522795003
-1120919740
-1009163597
-231639778
-986195992
-711317691
-1731986368
-607798322
1696493753
-23186345
-577856002
1182597724
-1894375945
1822871519
-1262320462
678627919
-324136417
861741324
-1992968145
-1881915894
666578272
-808438195
2075363763
-245802653
786676898
1967321603
1732514961
125601653
1333372106
-325087625
181970191
125962677
-290095556
1661660430
1931291025
1618721859
-594975584
-1795087173
-393408010
-2096100478
-529891607
-1408760908
1592541505
-62771478
417104787
748386408
-2111113860
855817500
1903869227
-205318737
-70923816
1697443126
-185707756
1862215235
-920570087
-1241114264
1090116231
-1859189906
2037528112
-1281730873
1321104347
586785541
-826545879
850015840
148830214
-1201893228
-1820037561
-1618279536
-2140538269
244631002
-329170580
1453069203
-1329880395
-791144841
329109438
-2046231975
-1508596885
-1500699933
1011163528
-575031136
45338661
370869922
1795276381
-1764804802
-1894508426
-1018612299
-455790718
1662755774
63498987
582696275
-2015705971
-1276411345
445596748
479943640
-10518967
-1485993929
1086975777
-1304288259
1960002524
1247057262
-737953929
1826135882
-1330264533
-919577367
2038077155
-1193958456
-1008487043
-1884384236
6495431
-485601031
1624190302
616544964
-205285677
-350427124
1064860357
515362955
-256197169
-77565108
-592797575
-1288402098
1761471126
-200609574
-548323921
-518528235
1536628581
-337972069
-1812743432
-931199198
-273993387
-512166541
-2000952999
-1836380092
-1298825691
-1824540238
304889787
38929516
2083330621
-1011181874
-1274215803
-291242112
-438971665
1050376275
1230774663
314152303
-1823612673
395698710
-1418196967
-945962619
-885110939
-1448386128
1116347267
-763955457
-1851008431
1430856490
-1180122209
-638048543
1807954542
1432198389
1316936125
-1334063353
2069500010
-360151268
1220583878
769156730
-853216074
-1359572548
-543903325
622770949
-1622675574
-123892045
-1533449505
1013453831
1792404779
-1985674602
-879367542
1222848137
2051146352
1796362473
-848325791
-592681326
1962573185
462354313
-756312533
267297210
765312738
1586662764
-1974068123
814731004
414523055
111245453
-258016991
-192606256
-1914543575
1525452577
-1256848342
1746394745
-1993308816
-189982706
619676524
203867547
1174461842
-1772364131
-1956952430
906067216
1025103556
-174502547
578771184
-1675001861
-873671954
1401406634
-1420726877
1044213788
-662901652
498638719
-2074580489
1139202661
-341270254
1860148425
1142010376
-1677250354
-2026591887
-645423348
-112452693
-1143337627
2115403864
1530853290
-326849650
-628092248
543252125
190886225
527401117
-96010986
2032185117
553881013
-2053533273
1618524675
1201094400
1324264063
-1598676671
1195677611
-418730431
1845428612
-2030760982
1536352906
-457776019
-1385678791
2146260079
1799652330
2063437226
1743680102
393843345
-1348110915
-1214127110
-1528947686
1805264868
-1401806932
1763788993
-1100882210
1565220601
1210904943
-2126679420
-1540999635
1518065855
-1065169313
-522898701
1815959331
-2093880282
1917984329
930421032
70082419
-1414210556
835819396
131691569
-1271005282
192481084
-1852762555
-30443061
381293665
-2099480804
-136309455
-1652845200
657253230
716402695
-1765106893
728179604
434761567
511371347
748073615
2098732330
-307652889
251726196
515489079
1893300076
-1091308726
1974607705
-656524707
260258780
582396430
716872214
34066761
1644010629
2046404082
-2146105918
-865290901
1529514118
-948835553
-744153950
1853405107
-248150832
-984419
686774150
1440717088
-889074386
-1146980088
-905011085
1441362583
728433029
787549314
360713089
2038253045
-192093347
839296491
-2055816698
488311911
1837819807
476817743
333990900
-164112904
-1650941792
1250666912
1990493055
-108802453
-1953479587
740141988
1053884162
30096202
41210632
-673635280
-917754589
1520486206
-451829309
-507501162
-1610031308
638627489
-440316502
-656773029
-1851384356
276930897
797072151
-1765516499
1654465526
316763591
1126171936
-634403309
-1130781768
-1635202713
-761659036
1554287846
1932442136
-1994208743
-1772209145
1186016511
-1956826006
1318708503
261345274
462656049
-1014625203
-1126856952
-1998143617
-1452458247
-575783480
640719182
-801623828
1821721588
1151818671
-1388148581
2140091310
114145936
268600907
-736517942
-421375600
-985024762
283748409
-73477652
-216895427
-1110710905
-1118495342
180892320
-1124874493
1257588405
768747852
-1178545241
-1245057831
-715210924
1181801695
-2138982218
-379043165
160395073
-1011460565
-2084500850
1232616883
898433954
-1696958568
-69609910
-310684013
1524791390
-1486455170
-123736585
808886273
248315087
1639717831
1748549225
1636977210
17166262
-1738345773
1330327116
-1277716869
-1650710929
1265935003
-345646471
819723972
-692194459
-1537360616
1453081482
-145713698
-1955029049
111956197
1515241647
509141919
-7779205
-1224021725
-1473623101
1174192493
1772514898
236005276
949123738
-1304626432
812145022
2072075562
923351452
2093660011
627740736
1176290393
-1553917034
-622989732
27707621
1521369675
-1395633457
430402978
-526000398
746967516
636462938
10433263
959587230
-1868759803
948043434
-172483105
1291436416
759105669
2054441067
143539768
-1538840696
144029117
-1943083889
-281722253
-2099204301
-1960460581
-1471228250
-979318149
1719661050
-296455877
-949069198
-805789004
1365541387
750914057
-989221446
-1530451138
-1685259718
-1462060758
-167369890
-1911525510
777820474
-2017825188
-617688149
-196824628
-937239545
1100862619
-1688502800
-1679200350
1113443238
-673374266
522940241
50340277
-572067312
286494850
2089255642
1575107726
-2033833365
-924790178
-1480880425
2025731404
-2056994693
-404776904
2083050338
56200867
-1886481577
-1136715042
1419263548
-1267191256
-128569505
-769434121
-464742432
-242640437
1707873133
-557162716
1801579989
-1304392285
-171403958
11703137
-334967229
-1497204239
-888465054
1407276721
-1207883575
-160980642
1088983483
1512976890
-1616779123
2094378887
1492023331
-698213587
-1426613356
1070755771
-1434536023
-1270344791
-1823098030
-104551422
867973453
1371457761
89877124
1337292897
-597227526
-1146021061
-232408002
1845784157
1908555700
534097723
527882303
-383411012
-41075699
527690976
-1959096180
2011705234
-323175971
-898690738
-1136247749
1194398843
-868753359
-1430374740
2042293135
-1543168220
-307731325
1770157647
-1454487227
-1401785840
-72597973
-1772451561
-466633427
-895406183
111844629
-106591719
528786427
1531950899
2037716916
-2124628098
433041502
-92343560
2046379062
1346801066
-146486958
978811232
-1110036231
784529568
88865202
-1181186225
-1075023811
-1517004892
1183532304
-1536289196
1916185369
1544363809
-2047314488
614175535
430174131
104195277
-302958510
1757214868
-2020856149
-1022557686
-1050077224
-29863378
-1595237417
1630763151
-299749368
-896144410
1309730357
-1619985081
-388061142
261468516
-247366883
1353928056
482757492
1706852821
1053706422
-557108696
1058853533
1400667118
1497150378
778819003
-182799697
935822897
-288967651
2014793696
1686340897
1175164783
2124172762
2129497006
-843948764
-1282636915
315086799
1174465545
277192253
1527206026
-2100640069
1093030474
-1306974189
-1345890368
-1842352347
627862303
1758915466
219527017
11235983
968910254
2085829903
913299556
1714408427
134510848
401307701
813304889
-1344098482
-465642595
-1888302975
-1234204838
1783869667
550375794
497167233
874593195
352446241
1308210171
-1044512733
-576104636
1381825600
1325734045
372553539
-1005491339
1765892840
-1050969773
-1709213307
1837465610
-1330208213
1908638605
1556534884
-795961649
-810423115
-771591852
31117451
-1334615210
1477343042
1563758769
3070819
1434860279
17842767
212294991
-255877652
-753696488
1776110356
-1067872161
-103706928
1578374061
-760981584
1206635195
1733606837
1207663618
317182630
1754774862
2007719378
-1473124425
1607887240
1433531314
1068885445
-1991889396
1308779249
-157113062
1407244450
-52140705
694411191
-1663029391
-81949618
-10367759
77691745
1181982915
91259150
-914944272
811466710
-55446820
-1219158438
-1865539919
-1946083241
-2107974354
1860167927
-963037380
-295931985
653811959
-461011388
1656536589
-856881751
392721315
-251780909
-2106716647
260933569
-1838388370
690094651
-1631228146
1534298397
-2018504115
286619179
1927396575
-24218179
41190158
518474434
-1507818625
1661828337
1697199293
-752451042
-841641236
-1523241205
-1694508983
958990643
-149336210
-1828404650
-1775375256
-1576630307
-990559712
1085682502
1868114871
837262903
766160303
639874032
1658468644
1081811757
-347657375
-892330308
2102603407
-798476209
-193489831
-1208524712
-1328680529
-944945432
2060040984
1155992815
275804978
-1186383281
1871821127
-651258726
1091779624
680364924
-391129677
624544534
-1696010847
1028452829
-1497348456
1004517047
-1171548524
-16528022
-1223797727
1100667549
749667330
-917201417
-1187471569
-541102044
-964333734
-956032056
-1156804519
-698924128
-757715169
-1354381974
821769011
-577623990
-1780724281
-1394411840
518652371
-1288358028
1409100518
2094259547
-1605999472
1348620036
-1639609717
1132649999
1063971341
733250335
-258099478
-93831230
-808354955
1648719652
-1880385478
1681207175
612241671
586863067
140764896
966947306
683780821
-1313193747
213507021
1567118733
-1121087033
1863696279
-940637405
-802505997
-1316281114
468259994
-612690658
1585268123
925677271
-629359754
1285421361
2026965584
-382713948
2001841366
-64202897
-1067561281
-1030428990
1039972941
-28746708
-634245558
143698255
-240160445
965120484
1672558619
-761028454
-2005419735
957150555
526211706
-1246057240
-1826709261
-1845450748
-557928605
1955301493
220336071
-1014831962
1681129043
24151736
-540259086
416029244
-1637283998
-1515551765
472355611
-133017316
-1266816106
-1689007926
-1329913158
-1114751396
1858881141
-1430853990
-1126004790
-97277583
-2115253029
-2056728724
593954492
-1076361192
425821454
1236643490
1544447151
-892570504
42069007
870598066
-279871778
1906205064
-406873038
1892405546
1671456089
-1861963346
-567981840
-227231245
-2017399560
1379210152
-481090564
1144821465
-47190901
-147338833
-280690797
-1669709238
792500566
2039365337
-1683504616
-970520483
-1290225988
232984254
-1613103393
836645142
-1987080903
-1044356258
370985032
1255434984
1069603989
-1061958334
-1724444912
-1770202758
1214004566
454359520
1260331747
-1263940435
-1649629835
-1944654781
308488244
-699178018
1166738517
-48129045
1044551505
51290472
1447700976
-873718287
100145329
-1662799252
-1105367725
-173163410
1339314832
400191187
547276364
-1371627491
-37782595
713053588
1731219040
-328798145
-541014094
-1222932174
473980162
-1893364546
-276299803
-160264056
-969493758
-794442091
-1159274915
-1387733048
1480878403
1160624750
-605225593
1496083905
-1934125391
214249868
355627337
-1204758177
-519118479
-1343279893
2097831255
234414968
-1223135399
1221492389
68689093
1194803397
1126885793
-1397746282
1482084062
400295981
-717322277
-1132732605
-2041815757
1739866441
1284986400
1865901047
-199340298
-1718266076
856763019
-1898741458
651165064
981889858
-651100693
523298359
-967377329
2096497891
-1910072397
-2015545580
850122189
539621512
-1574642379
-2067465820
-1345697810
1509778358
-1524243441
-1489719037
1240848800
1625729273
1536428005
-2126132431
2076989353
-361932757
883387216
142230769
-839289164
1994870518
-422351851
185870323
-369368916
2059984278
-459382119
-589019340
1335706444
1212937187
49374356
1713233317
1019491318
904829582
1083506437
661844746
-1436549948
-1886831446
-1335157915
1553443621
614180572
-591297170
340100127
1468588819
-377039352
1755764281
1882963006
1305788661
624445830
2006030549
1834622568
-739632687
1851201051
2049896959
-1582336246
56480187
1060433262
-751396825
308121044
107190831
259327634
2027999859
-2052828569
1588179649
-1109361692
672064521
1982242893
2124255223
314716694
-713529459
-652030423
471436405
-2043569012
492068584
239631407
1356466267
-195759386
1008532299
-1938270763
437951210
689482717
2004443507
2052176586
-341689747
-429698734
759754286
-683834585
-846234026
1219101092
612351773
417616612
1034182566
-683986367
1614578618
-856543092
-823977070
-1797617793
92002972
2129679156
725884003
-1818110548
-816988423
-1592173655
-1251537763
-1043816605
-927610259
-996447000
27228259
1295295777
1185369849
-50407470
-924868327
1590385175
1679461709
-1029747168
-888510645
1705333313
239635273
613470356
1801416396
1656880566
1139756737
707316848
658694434
-521452222
-799506304
720837675
2144629281
-1755456463
234404751
-662577310
-1881175339
1237605229
756944055
584211980
2078850725
-899647029
-309828029
-418354446
-1078268236
622785953
-2043737079
156039517
1176027018
-788003941
-1188938837
-1082926576
1247626483
1246189262
1789433114
644338552
2065762343
-148630003
-424933541
-355759839
1319554090
-1762504069
-1232976499
-1070799252
941995125
1754059617
794363946
1785725055
-1774407210
2139048769
-414278003
1236378492
288709012
-2131342805
-121400141
665386740
1635420885
-318013106
1627025733
-1441585762
1846117956
-1285936175
350670805
1865045059
-1779803154
-1271877405
1566399336
-757713924
556192620
-411970799
787115316
2086767519
59060807
-1333198634
162354090
-1605036938
-1346468713
-1057318280
1190299062
-807508430
-79803411
978469137
-450410940
-366662113
1794357362
1103004395
-211452922
1801463192
2140852304
1019902225
-864108172
-1130464324
761669968
-1667552734
-1168510700
357672545
-296216381
-1390426520
1038529019
-269562296
1243905446
-587132632
-1172387694
1958627986
543328512
-2096264389
1237659549
-1268588685
-60282737
1000682205
68107641
772387877
-1549863005
-1652495164
1415862692
919548958
1908202056
-1772164492
-2128279934
670322564
-532109654
786342353
1160921950
860016352
1517650101
-2039731723
-201684306
-944329198
-1310340101
1707348291
6418586
661500548
-963586085
-40501060
-1339087425
1111339170
974432734
140361873
268395055
-647678839
-143685020
670003704
-346063684
399606270
2041788287
-1582493118
835236470
313532321
-1191321058
-1926718675
539222641
1857118561
-1960617619
-1319676810
392053195
-1027299790
-952956804
296757938
-674837524
1215184125
783133214
131604318
110883599
929178840
-1090005229
