-157807072
-477223150
-635109401
1666895413
1676391080
1284243655
1291042768
-1519744658
-760609707
1127677790
72282211
874764128
-1151472075
598524165
-1008268188
2005654186
-1245125330
-768595148
-551195764
2102587056
987277323
-2050086090
2012795584
-2022914621
129002711
-747668759
-1998695546
-511064705
-276361362
-272929343
777268916
1956595060
203494736
1374423570
-863261079
576885768
1908841144
754184846
1913269057
1383392668
1895988461
190505995
909684931
1983681004
930698711
-1254241399
-18549474
1900692411
1325145300
590067827
-1196582891
-2131820882
669221068
-597086427
2139020598
1217535864
-151105662
-1078485074
-991668911
1336195639
-1188135379
-480836394
893856552
1677851421
-59398330
1070853986
-361232541
-1100845742
149623203
160727446
-1939947578
1619151897
1763873989
-1959059718
-140950107
1006191153
1915547245
-1759652767
813074326
935607165
-321954444
478002214
374422120
-144167706
488216028
1981407928
-216416940
1402926720
677274145
-949129383
-1810002574
535675883
-452688427
1554060578
-1223820178
613846779
-387271317
-348909494
-668000645
122464411
-1150109870
-1226755161
-1615649914
1093561326
1156907589
-1282880909
-1948938321
-1543209034
1604283617
2049987155
-158529804
1709787641
316064375
1219842453
534880303
662796769
-614706909
-908014151
-1805585598
135842788
485868829
1381836338
-1459071345
444886052
-1217993394
-555198611
512819118
-1881236713
-848165594
-46601710
-2070873254
-1203406742
1116553132
-206826871
345977003
-1207887838
-934817834
-935869249
1440211850
252921348
-1740891622
226738217
2097310304
74816311
270547780
-1179068408
-1267725552
-1016018393
1280323722
1573256175
-71879897
-1161673557
-548803363
1104069762
1374519122
821272681
-1018892415
-1670412161
1077298703
1234787705
1402220511
-88130046
1973590439
174388040
1192915609
783789060
62584155
-1756346434
1762024415
-1389318108
1809451485
-1998130013
-628305152
606313642
1141071105
1091829566
-2069001404
2042098376
-313020236
-1340021185
-1518942728
350944546
32793900
1862085086
-33906231
-843575665
-1825944991
733196867
-1770419371
-1262524127
-1899260741
-2090485720
-1435852033
-708439710
571992332
-797371460
2135174146
2101940704
1573434304
-1776151094
1819498696
1946350316
-667992238
-632336614
-2112616324
736783005
1668890113
1585441303
737036765
1562216731
-297289021
-1787594063
541636437
-291707623
1192207738
-382965628
1803288650
-487682909
779775589
1085036345
-1692060750
66633241
225469656
962867500
-476471315
534818170
-673329873
-1681409969
-1592239154
1119476198
1893655040
-1089552051
694340858
-1432963235
118371471
-1003717390
1931919221
1968419020
-881581946
1571255241
1815732857
-1249786294
-2108864795
-1216145402
-951075190
-1234809954
1439253558
-1709829722
-1026524986
-2108060924
390206981
313960660
-1375209599
52842544
2122310543
1742271118
1430928401
1571331987
-1348198983
1775281032
-1440545307
151657948
1251093059
-131945136
-277605668
-354489407
-514126275
-479131214
-70872877
-867304962
26528697
-540190627
726242432
1704728989
98395841
-1729809722
-666850946
622939256
-464206453
-481994164
1900203944
-1591469572
-740827157
-1709235044
-371492439
965667887
1333457416
-1177695658
-2128322349
-80758541
224896594
1527741424
-66567632
175274891
1998547635
599810266
323737814
730546782
342975748
-1104943901
695970175
-502475525
-612975934
-1045760038
1739748184
-701155747
501161985
-437509256
991255065
-217479313
-1308434016
879532925
1159732565
166661586
1271848637
1982311448
665645330
-1090034980
-1041095317
817113739
4770716
1634864868
771499682
-222442482
-836879210
-336194372
-1651133066
1518503668
-1613881007
1371156862
116278668
2036490764
338610784
131781771
-1239802679
-275622327
392128107
1276711888
-1145738165
686368421
-1910061501
1523458123
-2115271524
-2117643711
-512635337
-1090322739
-2092918492
663323856
-1271453531
1329891585
-781203744
1158097206
-196407853
-1396180308
1100370513
1603601003
1946629375
687116086
2030063798
-1105334619
743981748
-2085948568
-92655492
-1201522506
-1643952034
-1158967434
-1437739787
-225436750
-888461023
520678720
-297191096
-949068588
1195833317
-1918648620
-1298674008
-1820581983
-1766350155
1568819511
-1021900344
-1275635634
-1170440375
1848457061
1449251726
-1212322
2100006113
-2074601067
-1823092474
1301311887
-112492717
-1346628416
-1366247783
1698925302
1476061031
-1133541788
-627893634
611550312
674303074
-2127716220
1041857135
-1232235492
-1766176032
1370309108
1271968
-930035058
1775963366
-1739157806
-223603732
-1375811419
547467063
26938711
-1370054831
849294359
-505354266
489441999
-435946338
-1914991092
-1269726676
-1836495643
1036992106
-1062252543
-1846312069
790319908
13145416
-528321809
1773407699
547269818
945187896
503497900
-1126263981
-1759730050
321345631
158510992
-1087033582
176674099
1646710778
-466986918
1375024943
962347022
-1835934576
326252117
-926262234
733556597
-999801753
-1045657162
-1526470299
-1585273847
-280385736
-902474680
-1400571106
510966246
-325703131
2025240650
1612823902
-1795982295
1604570858
-668343913
-1784084386
-1811551054
-213188013
379247879
771419673
-292338646
305032685
1397228053
-1400763106
1843768903
-465946368
1528550081
342801575
669386318
-215882565
-569739849
1852859881
649615321
-798804047
1690971825
-660955475
-610719782
-1798837116
1139833113
-152512225
1180158431
717690847
1576249585
246201573
1036666263
1438808489
1126905335
1734376819
274436244
254487926
333911299
-1458060899
-23257007
-1822659007
123257780
-1587613587
1490098295
-1179492008
412019275
-201197770
1274190171
-1857151849
-1284589610
-214901528
1863709387
-984130600
1285840016
-351684954
-1353531638
-1012950615
993412743
754241941
1527130648
-1097760960
1996293247
-1061607945
1432086837
1385357227
-1225002218
-788764809
1022404264
917418571
-608888792
1078150854
-464984644
62898306
1314181236
-1212434330
2097390347
-877921621
-1674038401
1801737412
1734358270
785098826
-786738760
-1933498996
-1692192621
-2020153468
124432604
1467970616
-44149151
124202961
403024539
-9474582
-597963815
-1849570321
-411725444
-699158404
-399694643
1367047961
1350025213
1601443028
-949812938
1800718712
1224144381
-404600196
1417298737
-2018410534
1769121886
-1573644175
1574445386
-670717279
765011686
1281382202
-1342269187
-1749229571
-238830491
2074671164
1144456569
587238749
441593117
-833769908
-1383539033
-1693129694
-640338083
1248332678
-1766923159
-1488233067
2009987694
101394524
639449638
1577388571
-1245550669
332277745
-45140346
1647189927
1237656075
1770663335
-558109830
440367983
1318154106
-1299605514
-1371755906
-580252958
-666754809
1945080959
-626980574
-2057613352
-1951099673
-1493409440
1893738950
-297176053
-2078853414
-1841049655
1242516644
921214917
3482324
-1372529713
1631710482
-1647147046
637980128
1267363200
1442311944
1963222745
-1322657471
1633326903
654483680
229037438
106984410
-874846928
17929565
-1449773462
-44372529
-1524788642
-1885038097
1415162133
-1324064149
-1823164805
389041459
497137667
-399139773
-1659518623
1513920
457651765
-1468033124
-1962354792
-1410295520
458620898
1819363081
760800303
-38427876
1060541030
1064468056
724726735
-100168388
1120186234
-452450386
-789795572
590175885
-732921946
-1321982223
-1353123330
-1932919900
-1335171085
224759653
-1318373616
838504163
-1254816029
-461107303
-1909097705
2109518074
-1879700315
-1813268604
2035272870
-1787816528
876208772
618429674
-1938466656
943702243
-655469151
-1137499644
1336278541
-1736767539
-1659127583
-2089328033
-894155983
-1515789688
1043411496
413501955
-921368614
-1013689901
-190044474
2144852696
541559033
-598680298
-865764559
-178887611
1602324852
1418882211
-884565516
232403226
-306924486
1821377598
1322481127
-1472532561
784305047
-2041765409
102103968
227309645
1391294921
779470005
1430955561
-1658595892
1242486482
1782931566
980757235
-816728964
1588262799
64176309
-1593872119
-1642439864
-77882871
1791172860
-1779153016
1292997400
1568817930
1510014075
-779448498
-1962729353
-1568841485
672881271
1422707696
1467396982
-393459764
1463786183
1718898673
1839755727
-1209116003
1209009811
2010019889
343768908
-1262815749
-2017220257
-1930057053
-1718736791
-1414205467
-92522937
-1039201213
-757755080
1832239312
-1900118645
-1126620602
1362172548
-159798785
1790850638
99013266
1675081529
341273880
-671735654
-626690192
1016339458
-1207736076
294765479
1879308927
-468555980
-2144915530
-2034348963
1887185643
-683897110
-1416369634
-548646890
-828456225
414116720
-2006508513
-412846169
-1839869897
-570391580
266247854
-2102569312
-904366982
1311834394
1704059612
2019619539
763768839
-1354208576
1569968678
-1531658221
-1550898035
-212659518
-1855856628
954143805
-692962624
-2103029009
1287266527
-835627140
1429239625
16842972
851147231
1248752839
-1532900611
1457830920
-1236255099
-805744978
-548095407
-1632404928
-1072378084
468663382
1234647053
2012149317
1425083541
-218180926
615345984
1487791275
213169564
1141603923
1746319475
-2009787645
1148453094
-374165359
-149934559
-1411328708
1717766348
-372267477
323458150
191718726
1707334685
2020018492
-576157707
-1586292489
-1033615313
439612367
-2040977329
-1965714894
2036707383
245634725
-1399148239
-1305260730
970622426
-1314322379
1637201741
-1923796589
-664127741
396427251
1029766205
812910706
1055237367
-1862696491
655166900
-937165226
818116773
-1672298990
1986929654
85234222
85780546
-1391285972
1140913033
517314318
-1892105707
-305983439
1474192940
-1564988403
-1858350961
696659260
-1350734072
1139592816
1316154270
1923186754
-230592987
-1334973945
-988001470
366407690
164026143
223906775
937095007
1598060413
63377176
323689209
-2041040683
-1780292833
864531952
-629392447
1078251469
326132445
2002308787
-1397079775
-819195051
905704456
-2031584429
-1146761137
-811545041
367716257
678051734
1501600421
309681382
-343799593
939196241
1695764937
1881993505
692070349
495594454
2075933197
-588923333
-888140641
-450636630
1508507416
383834898
-1032317274
-486633605
-1604538683
113634590
-846328837
191589200
633405003
-200412986
1037688122
-839556350
-1629995619
450999022
364536200
-438238486
-308175598
-529674284
-1970581802
-1206635045
-400578232
-797488356
133952102
981036370
463413574
135861544
-1443205747
846239980
-1743615264
-1757146707
781155003
-1173118697
1785211231
1780511618
1279459000
1178294540
1123433056
1040744891
1415703088
-460514308
544447740
549591542
117583729
-1733785207
1722894121
-1390574604
2032783474
-720366217
-592761505
729115243
541739286
786325155
-573734786
-2013983463
1100077490
-167411405
-256547346
-1589182436
-1415023156
502585358
-1333621241
1235225728
1317428006
1599398286
-415150925
-952170982
-1016163078
709901172
642455634
431205011
1995960198
-1931744740
2130023133
-2083791417
-55369782
-1193255183
147226957
673699663
933569423
776466978
350573885
225121628
-793174613
2081342357
-1628885810
-670488378
-860015997
213595931
866938058
-2146783644
-1699600175
-177897499
96295179
1645742493
1366151847
1709698871
-1097511139
970765375
-183729484
1010367067
842434338
-508610673
-240250428
-1484051497
-93683978
2107056800
-1245759347
2027844577
366572435
-276065816
-1294450265
695307283
-2016047947
-581297137
-2058987556
725181018
372940480
122632202
-1746602846
1601158964
1030596321
1589014632
272708324
-1565943014
1167418740
-170264596
-296154616
-469190
-1311262043
495874907
535082285
77876584
-1862424231
2010188949
1631111860
-952341674
815408206
1892360938
2041825282
-561918717
1726876032
15740070
127014275
-772371855
-964300850
958373357
1127204593
-2041959270
791980765
1576921294
74423253
106659236
215460156
257223313
-898431922
2106239059
1266716873
-2072159661
1984376336
-1530307906
1550957906
2094533845
15162799
-1602363323
1041335679
1819746704
1681201181
-450271550
483551726
1183083787
-1450516367
722526973
38572703
1106490481
261524969
2032879717
-190366063
384077405
947158578
-2071001091
-1724446291
-1795097352
-1865078810
-423359852
-1138742045
-2107435706
-1517629099
1375640121
1243225234
1885161404
-294293625
-241504532
862202157
1965432341
10416513
-2038934888
500237850
1747026533
-306545721
-1253175232
-1446421795
-1752243346
1767725090
134455929
-1450982795
-1023096271
-1267688029
-1514613480
-189604602
462927048
700896487
113364523
1406162871
-636269966
-206496613
1705390636
1328942813
-1299563281
371429954
1399969651
-576410023
-1410176242
-1146027211
1201192172
-35032003
533207171
27404779
-644401142
508230069
1779191550
1223490426
1469222395
-595646940
-90194824
185911645
-523408355
-1872056179
2000462543
323238775
455599
1292686132
-1234719595
-1048680872
-535671605
-2080369276
-388449500
668238270
-1218448236
1529040947
-178650635
-1537080483
2098281131
-2020847709
472711985
1588142562
-1497259546
1192736907
2146058632
1342571573
-927393725
-520088874
1539947330
1301225726
-436913638
404758219
-141589869
-1172467093
-374926190
-1121789843
-516356302
-241147345
-1146741931
1176882468
-2126715604
1066013133
741361031
309897116
-1191686924
-380116203
1281000947
107943404
822237375
-400120593
-552332665
317222395
802087694
-1052702633
1171402498
1216525342
-175132020
835699111
2065788651
1839523846
2044464921
1167325724
1605673668
-85541927
529798182
-401025646
1398334591
-1860560483
888558659
55644306
-38176975
-1046668579
1714659829
174193294
1918201349
-1830726010
1094062540
598560874
-625717646
-494950127
1997375925
-2042643650
1493574064
1644026598
734359948
-1797130406
1731111271
-841103105
-1249093387
-1738086518
167947177
1843655628
290432620
61937818
1903790626
1409128534
-897932391
-91326180
738498702
-83052634
1856600808
-2127476376
-1067391382
1247981671
169212505
-1594259485
357527534
-199733558
-812830828
-793617020
-2064979399
503084713
-2078658240
-1365553516
1091673806
616614895
-1400657516
1103967156
-355661249
-1851917002
-964757971
1929854756
117977639
1914672305
307556642
-1427074495
-1702828452
-1302236341
-119425195
-1180752049
1827627365
-771270128
-560332789
-1862462600
-1289552855
-572971572
-69871169
1840342293
-1870010135
2037686513
1984553010
-926801365
-1652217488
-1875898435
-1533722682
-1686557897
2018063496
-128525668
-597943796
-412219858
488570544
-1835271478
46866331
573756862
266361355
-1087107780
-136678621
-1488781094
784720282
214118336
-613209663
-4829579
-1253317715
-647426974
-1443103596
-31229556
-1739128938
-302532846
688324495
-95846038
35154592
2097693059
237203856
63388199
-2017652673
493496661
2121529777
-1851989647
1811022216
1872299125
-556079650
-307512434
1123805155
-491384892
-1617740120
-1943798623
-288985346
624526326
-2077834153
1460765227
-1238640124
40490172
2132683077
708583636
839137294
-303743451
-1060496023
-1013413269
-1618023463
476857409
391708466
80941099
-2118092103
2061633799
1297499542
-884095680
891934414
-194929544
1072559977
-511720056
-2083678092
-2070566141
-249576462
-1489263459
1653267199
1852976683
-1196257094
1379879187
-938692440
1598423910
-764243801
-439371778
682123713
890539336
508639306
-884501322
847506224
-611990815
-929062028
-425240355
1023504410
784159074
1662074895
-173897567
-989621539
-447761402
1941819946
1570072382
-1066800828
613836335
-1288231595
1770188742
2103705589
-216886322
-1086849234
-2064443868
-919822034
1033890824
1639393084
-1484417954
-727297360
2083486230
1031968763
-678574055
-2022883590
1004316780
-1758188233
475030626
-360579654
1554829852
2089968541
583269290
-34345088
-1150548355
42270094
910272018
-1876352844
1109385991
200188214
-2120005655
-1530075190
229877633
-1220951075
421608562
877507251
-66131875
1853388412
1511614698
-832194666
-1392868510
-1143216237
1208351688
699497664
-800212341
-1690194375
-980788154
1393716184
-1357407953
-2031996300
-1310650848
-523574186
-1038678175
34391754
-430076517
-635141835
269889433
-829208808
-379492408
1950909926
283384467
1095782561
-1940647159
318613128
670147958
-1655675031
-182367276
1467850582
306525753
-589849405
834271670
1405636448
550163010
-1862104279
290447515
218188414
-264471729
1297791819
-876305844
1589646976
-851904871
-1985755542
-263662536
-1962244182
-1008901578
-1297626651
548416886
-2110525345
-795329346
-803274733
-2083778294
1515395099
-97336527
1261933140
1450047590
-492032602
-1518876392
-335546270
482837044
-1953814394
-273846551
-1790478100
888547666
-2116137548
-1333175633
-206725275
-1142626275
1453837203
882726634
-1496138984
663636978
-2141675235
951352243
539540351
-1051869966
-1768536993
-76069340
-620429867
1620508164
722451495
-818986506
-762781718
-967366369
1528701178
-941020822
1828727861
-1548571703
-1590183605
1824431981
112309039
1342703578
2046567658
-1812011018
-116415010
576150661
1108560826
1266696882
1677362607
900397976
1602225063
1188678627
648199561
-2028105982
-1650286122
1323304837
-1178453986
182358678
1580657437
-2034468174
-290945149
-1000462835
1448875956
-1650788538
-1154911742
-1730839727
1684856365
-1502773818
187103279
2062640376
1029224865
-336471683
980232248
1991821582
1301208875
-1405986072
505893505
-702481385
-174156134
-697478061
-107252880
492718163
-55055775
920992963
122807940
-1977670333
-1770855726
-1747608298
1671214764
1724179308
217235595
1407658857
-1328341034
982831194
400419376
1463793849
634066373
1175000807
721060186
787535052
1432609831
-283582532
-808791346
1163021393
-1349370906
-1463585256
461641201
-486283962
-493928002
1671591120
-378720389
-1037828711
315716111
-553435242
140143467
-1711345646
-1550881293
-213365635
-1948884422
-816487569
-1661336173
-1688796740
-304644781
-1768560688
-765717578
-1814090831
1474612929
608732757
-970719590
-1735045335
-377212887
-1162795259
96727559
-649503778
16178427
1419243761
-1064098144
928482112
-1175913500
-1703606120
-1263809925
1065957240
118213510
-1691398003
140926708
-245852503
-153524629
846467158
801939390
183027320
71062070
111650199
-798275782
1428816846
1757695515
-439508112
-2071247861
-439850276
-1833626480
-171375582
240137194
1492171615
1825768516
2134593784
-1262274634
65445156
-1952652208
223601764
900625614
924592334
-2099169364
-1907447193
-1868638301
-80561961
1116787683
309592886
1722215304
-1270266156
-107499766
-1604211686
1222040524
-1300440836
1822431470
1602146967
-234163703
-1581005846
741593996
-2097433136
-2131548738
-1097546590
-1796096315
-86017495
-1706323685
-1403570479
-322565294
-206761170
1114038044
1185540952
1551771892
-1303222349
-441907495
190997259
-2064587792
-542960581
-1298012133
285110709
1166435770
-19763299
727489842
1885244767
779291888
-1686719004
-680421883
-1455469103
1991463049
-539394697
-1028206487
-1421025191
67510862
1240980089
105562550
-1441565750
-1257864056
1322701938
-529807977
-725884729
844908282
-17362386
-732486110
330568257
-821616879
1711071205
998773032
1918300733
-1605988519
156234651
2120224461
1100996314
-690728397
-674720823
-2000171686
-147723374
1548630981
901121085
-923773359
-2118421825
-737687759
-555459266
944373953
893565793
-582302968
-905563917
1246213340
-2022656226
160551168
1615373060
-1495640890
-776266615
-1967215387
1864291969
-386310481
-174104154
-2030473523
-1816406525
558570531
-1842062674
285555855
1031821840
458224288
40927502
2141855349
689181123
-1382438552
1692346037
-1130697936
-1489481300
483440793
-933291633
-835092724
-1965273868
-1965623942
1512667980
1997189732
131677381
-528994282
805818725
483312471
-1858135576
-1106340337
1653379423
122300091
964742319
-7737685
2123476305
1729492049
-1302792428
-811203534
-2022382428
-426876358
-1406223070
1175309948
2093079834
-311884886
2136223635
300823237
-2106177519
1373880026
586038458
-950768445
-619931641
1008250435
133188515
1726051578
171838048
1074946312
1754522999
-1776486322
-281736857
-1660997965
-1873342171
-2142784294
-386585966
-1969647068
68306239
1429622783
676220169
617004997
-547285983
45808062
-201024407
-406066430
849802839
-692752054
-1641055292
-1869746440
1303107392
-918143272
1231920364
1263947372
878856174
-384092486
-240334864
1406385918
-1474069424
-996632149
-886565145
-507792483
1170962067
1124296300
1260890603
-1982490051
-354286396
-1777946481
-1388767384
579846343
2007200953
926355602
-1522000746
-121039535
-746184143
332693806
259215939
1685730702
-200785094
2084322801
-1175393834
-124026488
1281595091
1501656842
135509647
-179493492
645585361
-608375197
-675215597
-635351196
-1137760762
-468659723
950801191
-138935605
-1433821282
257910614
-1632370245
1591689501
1476924620
2139643030
51235626
794916942
-618564698
1776931404
582187968
-321426148
-1342096818
2015326955
-1205429636
1936856200
1523008849
751512409
992720918
1828982913
-796155821
-1764206398
-1493079485
-1227242526
-214156054
-1822195800
-688572618
778711455
2103751626
-293740482
-966970006
1960450874
-1186040797
-1364886538
69559198
-1158802821
1021969734
1665097816
-812909279
-677416353
2010660494
619399957
-73904561
1179874128
620009853
610597724
93048155
502451862
53477925
-887569301
-398099634
1125360909
-1667380791
81147240
-1886662322
-1672569576
1015717827
-714806672
1387380259
-1275892779
-1869630297
-1133716752
1112504311
887111057
991062952
258259252
286271069
75673982
-373080518
-1588709571
-266229612
1228954787
1186248184
607208662
1558445067
-1913649133
1892524232
1438948073
-615905497
-135520671
250078013
-2134693874
926272580
1893334098
-1440772804
1012085348
-1288288006
-288810796
-840166175
-1008909660
-1800567391
403191855
-1579689053
1090399346
-1731618538
993926778
-683122251
2148342
-484203330
-1959365297
269208495
-1409208149
42208458
1202378946
1720098413
1311022454
1518039228
-1269088370
-1197025993
1064183290
-42719190
-1521995119
1634711074
1302989098
853034946
-585857158
1816398005
-697415393
874803853
1488687808
659198670
1044951083
1249901431
-182188843
-1717370938
438276909
1492589327
518448795
1960809939
1227613478
-33800822
-1507497706
-241541714
-1521979380
228699405
-2034271133
-616390539
1857767134
-179495893
-739745303
967434193
492553464
633001131
-868897331
1168485467
1279831720
1899925135
-333943893
193855035
1552369408
780940113
393697922
-1867123694
-1759678739
875762031
1394373614
-361292775
-976871032
2056930346
588722845
1145416586
-1149181525
2046120841
1331186683
-926529474
1093790919
-1953214300
1390596400
373573783
-2020456715
-1839009250
255454027
-747532897
738980938
-1717668622
-193878337
-62432399
722465647
-1694349966
-910392819
443667415
-1120350865
589804685
-1179208766
925234996
509988562
-2083177136
-2075436124
2010927012
-64471573
-457302353
2099188520
-228021663
-1264770450
66801028
-1137798874
-376863896
1835233861
1418920662
101143759
-946862245
889698211
1660185182
216763358
1802227625
87786584
-1046399673
-745428979
-1284260629
1522550375
60233013
-264022070
1123521425
-967683627
-2102959223
-349776342
-767803715
22688707
1846245602
-541538787
-1774264978
-1359502657
896039142
1194069219
-2068251167
-1755668394
777885249
1925734334
463645491
1033150445
-354151699
-910722839
2014654795
-1470839088
1031307444
-1875105848
-1455703306
-509634165
1098450418
-2041728928
1731014226
1908648568
-761484641
1816473096
1834806128
600972697
-635178611
-856560288
1392922933
-17099353
1805861357
-666570366
-1546572672
765156970
1246487831
-1609361288
1579906449
-1177950133
-1834967927
1550881517
-1380515928
-1660360409
-1479601104
639607590
1827667692
-1230522779
1740092646
-1363683534
-1944352626
1067428938
289512252
919220832
719024430
1149744779
1043379832
1570372081
-541643395
1675578915
546329569
1531517198
465541410
1907032167
-1406887367
-254652421
-1167210527
-295054505
175749514
2015011469
-314882822
1208752949
1146082085
1426504153
-1049336625
1158255963
1234099687
-568840915
1403751624
2101206089
-773977410
585229892
1497273722
1863289085
397307243
-1344138060
1540205318
852989319
1447095688
893609131
-694857793
2143540444
-1523858483
1609460954
1083401487
768119785
962856846
225413040
-92709222
2095233003
-250343289
-1966830645
-2098461789
-1674777091
349155548
-1217849429
1353933487
2019540978
1648593754
-1741724504
931388263
444441188
1116539394
1004459301
1664312002
-2115416051
-985876280
1567666694
1018979683
708183637
-522385256
810994526
379710527
1776711467
519290521
1908338797
1365174146
-1253538793
1276416948
-1585351991
-289094733
216602256
-654325673
93858010
-758403819
-1963153014
674214005
1725866891
1805198672
63854675
669285329
-726430915
1067962193
-66025825
-202523012
-367110145
709203309
570914273
811957660
966514940
2051771852
-583574565
-947338130
-1880670412
-146456316
549768824
1561724301
-2126733458
745748228
1078958297
1364839539
988618605
-1989218765
855461293
-1986624704
1542210145
-1678466856
636103365
1526485178
-712963936
800685244
59515367
624054932
-1329801579
-1233440499
1107106529
566409203
1761957624
1440740996
-874593567
852459565
656264255
411858378
-1344570109
-1785863725
233801044
1715941399
-957528020
409116145
1914202503
1515671068
449621525
559530900
-364785723
969341218
1098321834
-2074564725
-944696054
-82861453
1910301332
-116321166
-2019121644
-130491144
-306334700
1269364460
-164138920
-640111325
-1228864238
142215727
93843001
116290319
-298298507
125913284
948912759
1233113828
-655891275
-2024921713
255596261
1685143424
1073292717
1706938637
1102852702
1921649491
-686640203
-422637859
132315641
-1691475062
-893426960
-1818271871
-147172997
-447358609
-1827744286
1164608101
-1806921971
1190026767
1643084356
-428764129
-118655442
-195832804
-596967653
-717271817
-2111607318
54533141
1860933638
-367844438
1689347660
-1399341405
943825368
-1433053077
307568912
2066782534
-762938266
1234316330
987025820
155463984
-713904735
932890647
-701347791
1023004784
-930438682
-1706124951
1745427549
1284690259
-303653484
1391994203
-1568634188
-427443194
1032827871
-296445578
-1064240705
1065032320
-1900751133
118332437
-1763157453
971581086
345527547
920723750
666359397
2000270991
1648842580
-1880406227
-613907203
-1422390415
1328690620
-331186034
-1243868439
-1506122180
-1596607553
-564753141
-2135320427
55936735
-401442060
612829066
-292155816
1814460840
-1127127404
-1368486885
-473230287
-979282200
1969779787
1051441722
-3800910
253352150
-1172476334
-1061054640
264530747
547679155
1432396477
-1942153857
-1852660373
104897583
1613446161
216384159
-583804972
1411516427
1016205081
-274996350
-425544211
1147090174
-1604914695
-723091585
-128647860
-1591414307
2068836483
962076718
-350538732
-1090050571
-1692601911
1494829424
-1952884053
184300219
874095346
726920625
1479312560
-981840985
-1476215983
-1943313808
115117356
1782048860
178449843
1822464255
1094212102
1484698891
-1521673481
-1887789177
1592681148
-1793940199
-2010211868
1699196495
920284752
-626717696
-1646417866
-267696835
744275071
-1427775374
-1892329222
-311288420
-1419899336
516132291
-2066639845
-1800604641
1135034700
-494143609
-1114440901
-140546267
1802138465
279417722
1606141895
237020478
-1136205780
-1781416544
-1984694715
-505477139
-856690978
-230708563
-1181461777
-2108574033
-550296865
-1504076634
1014840197
-432177605
-1382030407
1841315271
-1581831585
-1141635060
550457430
-1030601305
-1494720831
920124956
2038010222
-1954231143
-880003470
1648369
493444922
-2086473386
-1752298353
-1371030052
959819373
-256920360
-1666010724
730762112
-1967867804
-680578936
-1583820581
-1588100463
396022427
-1446344038
415880929
1108796637
871024995
-1407955784
-1143329435
1261778064
-469454383
719913181
-1557077925
164656563
1635477241
1552038019
-1677983679
-2121169931
-676845988
487612929
-2141694537
-2057666386
-2139684962
-267251667
1997027925
-631268064
1247677307
115710024
-646010184
529253631
2031918588
-650368485
-37689890
824634675
318695397
-589052323
-957207117
600574683
-415909007
-2117093545
8551659
-2045184363
110716992
194867146
-1909307886
-1369260036
1378476688
-1655835632
598380512
-2057489039
1762503083
-1664470656
-762707246
-1739807714
-1779162720
-330635242
1924971509
-1589308360
685200437
-1373435309
-268568316
40535427
-379302629
-705317022
1841295797
-1906708453
1863353699
-1890634884
430404175
203099504
1364595248
-13991284
1636699008
477572498
1677167278
-2107406059
500624236
-242115410
-607659710
-793782445
2031072265
-597533481
125922307
1219920544
-476585303
1182545930
-1325696920
-1333677799
-90268456
-1114411412
-1530706367
1544207233
-831523225
1103791317
-469060117
-1941173916
-1844968248
-736168047
-1237551682
-229504129
913527708
396875108
-275146038
896989279
1558810250
-1024162098
139169987
-1333055673
201880658
788153745
-158296775
-110729898
-1402837215
-622655376
-2041040373
1065091305
-1879757274
-1745295560
872966941
-758167746
340966500
-619365629
1719374664
-884326311
-1047588662
-1985282373
-2133721966
-1958447830
1839432576
1677210589
1454503838
-717952017
-970386301
-731754625
2017711717
643630807
-430928013
-1715604589
-438376922
-1527764760
370710699
662861933
-1858628453
-99203807
388954002
669911682
-1574030227
358988770
-1393839568
-1054384014
1935742184
-363648372
1554632196
-743027385
1302061298
1859916132
-743781869
-1635994881
-328632007
1469805500
1559176772
250452295
413973931
2126894676
1564445675
-1948750711
729283115
1937522685
-1152947293
-1980061400
178383489
599531647
1448813664
-2081786102
1427278225
-684965444
1972438979
-1760495274
-1649336369
308619028
997576624
-1517070722
343950578
1800765195
1310349597
1299561599
487311591
-1370911959
-1061046228
-1472993945
-1961379832
-366566879
-246154884
-1078009833
-2118193523
1876570165
422257852
512237898
-517804222
-2029135400
1008030848
1144922325
1656091002
1999152276
1925183319
140445488
-951887294
-1849734611
611159580
-1022742732
191501530
-1726735865
270039948
734101542
1786740320
1013517508
1278916889
962061299
-200746802
1793912369
-6585091
1851415997
-1201374938
121028962
838950289
638944406
-1524947733
-1898921189
-222831138
-265197942
1407537875
-1249464719
1237208948
1610225634
-2013838663
-918476880
544015738
-116690265
1189224664
460484991
78435590
-377828763
1149741110
917950530
1874673326
-503211984
1333852253
-2071117889
-197452449
-1286053141
338727504
1311989507
1608707692
86075335
-1547521859
-285624698
-1046018326
-491337974
-522293394
1007926413
1164134970
1697134865
687699461
-667337777
-1459800602
468750231
512170472
-2036006821
2086164145
799770423
1747397497
-480842056
-2089518360
-2020037329
212329098
-599922355
562836990
1950375270
-82207216
844113923
845121879
-1017373520
1955228438
1625220648
-1119893917
1802752847
-902134029
-421754218
1764687343
-1263162436
140136639
-811946476
196513975
1889966504
892427778
-520641541
1782428991
1067830589
1045800622
1246325020
-1193146654
1646106280
747961423
2077105377
1197568555
937459163
-492683136
-1068996431
1975915107
1926861455
1438322336
-1141868135
-1669737366
2133014664
-1584280378
1799909416
1198584522
-1710754788
-1928112143
468544153
-2022203640
665123573
2069806979
-9663177
1352690749
-1273066219
2126038000
-424301315
-694792474
-1647158758
1772883122
-767852420
-1603385865
435451587
-1742583424
-647267583
46268725
1355261618
2119283390
1780856310
-1046603579
-362152333
1226677558
-1736471416
-1855739393
221979068
1782584584
-1633563254
-546935417
-2089704970
1702736863
1581098904
-435316066
1120485627
-1434179995
-1356745857
1439640501
-1349772255
2082936056
724222172
1640126531
-1210776713
-1867095139
2103593218
1828673495
-586579634
593755444
-1428771807
-355483024
-999401989
-77685267
1708629155
-803986932
1285647322
-1918217990
-234660647
-1653044866
149981076
-636054138
121090774
156976260
-2060175195
893214437
893630107
1927673112
-1186279912
-2005572596
-1469718924
-284511738
-2100866155
274035266
-1720455776
555481790
35969693
-1576159465
-767514313
1959761003
118395923
-1967704683
1236105032
1407820868
-1051623939
822663861
554978369
-942761183
705997196
1961157908
278432403
-1542470064
-952017575
2659302
1202960533
-202401367
-908814351
877875498
-851627863
1595410143
459781779
1748618015
-1132843107
-1836157416
-1076476873
-1018384138
1035330899
1201025984
1237529810
675415752
-1900581981
736847770
-736096040
2053850313
-999962753
-221386473
-1812146942
-1225673282
1900566615
99910891
1024428625
819316908
-23832129
1308002268
-53552559
52775377
492723023
339911388
468394914
-72894760
1032901322
580353114
-2002398540
-931192249
-826856318
-1637645612
-834731311
-1204856261
901709306
649516208
-1163023520
1952728663
-1060684083
-87338676
475454823
-1746161414
-2127582259
1121199955
1237112145
384167855
1117304942
1845982290
1164371185
410263273
-442060187
1021954442
1154447814
39970031
761330572
-687035897
-1439317120
749989909
-1473217016
-454142479
1661255362
-1948015572
1208925868
1387951905
1599711273
-534533317
-1700187744
881885943
122690445
-711959186
1750250813
1777198442
1079665542
1743402062
-103327941
-1859696289
-1806648014
-1415070414
-270219250
-1363307969
894080052
1762639605
-1526980468
-2079302973
151059199
1138984680
-1693983278
-424080111
1017766739
908890378
-1308936344
-889788404
-2094015737
507510646
1938699171
21333479
1940017417
-365062884
-478405045
-1766017029
821470883
1568090035
568345980
577883099
-957181697
-1853309714
279388369
754945444
1855753964
-1397176595
-1010284866
-69493864
790066914
79377398
543151165
-445325586
1251631427
795428196
-419157332
-2038415901
1518760675
-1247059490
-736155659
-1449796844
1840270282
116479692
1138769135
-242059761
1896554040
1885912327
1087309315
-1303002842
1899999721
-1310165809
1515997714
1135591559
731502489
-24941311
2118747030
1021085321
39522505
-417060471
580737030
-1123098296
-735481917
-1380598507
-933387905
1417661811
-868355108
-1770640886
-1750208864
-2105425309
-513415687
-161915205
108764341
-1653331088
153024851
1747140824
30339094
2053415552
-900844418
-514687964
1902825169
1089519584
-997333338
1801259114
-1948581498
-1915448490
1578052892
1482332849
-659874158
-1195435402
1322241296
-1555532370
-578911376
-1312339916
1689085344
1054166393
-614203301
1030844858
485178897
-916770173
709237302
886977660
-1924123557
211335111
1124271792
129575304
1431736298
-350631872
1673905827
-804324830
-1220559709
-1487675494
-1880358211
1788324239
-1787153884
-2139055572
56266337
-512022479
1927809872
1652346916
-1294158641
157516756
276369930
933343235
776516737
168905030
812860223
1626377292
-538571560
299625260
66129706
-113160073
-851934728
533807635
-238233134
246337836
1646066415
1875147205
-1549434921
-1719964755
-1907122660
130940893
2116019054
207333523
1499779022
1690519453
155567530
1052497340
-1350240469
-1807321345
86142972
-1318007933
1442131282
-864333559
1774318077
-929869518
-593675580
-193990299
-658507926
1028183220
-679639297
-1709363920
-840992146
1731422606
1667096171
-1664373486
1676989991
-361872624
-804769158
-907537266
-805307037
597368263
2108471305
-803091814
-840115799
1524124725
1828653068
374683506
1833703040
1337875139
2020746859
444304296
-927539989
1056931574
-1829530842
1038574719
-860601550
-1254996511
199477694
548856186
-484477721
-1393281574
-1425222953
-1948713169
-92678361
-534227088
1346227225
546130784
1434758432
1474353564
-1690531240
-1558034869
-80609068
331498805
1479326196
1579681088
-1447767012
-1147014231
77472129
1083304564
1165286894
1275641065
-1603671383
-2053405163
-836085790
1532891301
765531473
-973998946
-1515544591
823062201
843872506
-1209774485
490123904
1699181286
1340143721
-445449072
-878133092
101509060
-1924084854
-1807808795
-1594988921
1760662775
1540162449
-1311264923
1175537267
1853537441
702066018
267775672
1692928909
1357151255
-1501481421
-1390762483
2074483004
1517716438
-1381632402
1476237869
-148870486
2069355191
1618151131
747146189
1191339651
-1962991518
-1194212354
1224409379
1368763131
-1589640448
634627005
-1903651653
896275990
-439493580
-2008923834
1133305226
1181453859
907454795
1942602543
1267549251
229592712
1071174321
-1998520354
1139956201
816495813
235501222
1340408874
-521698396
808847794
1556622130
1561583682
761860056
468525835
1668836182
-110305587
-243922828
-1781679826
-1595399293
-1002796462
719083143
-846635742
-940699313
242033882
-1117058280
-1362298149
1516366438
1244820948
-541073098
437203899
670793406
681710135
1067601229
680222044
-1782232562
-1557953811
-449860165
-1171838836
-861788032
-1733956241
-733908830
-1419955048
690823845
504832684
-1196473601
1646727885
808813736
-1878902737
1235000571
-142246341
8959174
-1491333248
-752730239
938331068
-1881244419
-1123651639
-1583778032
1674565172
-1126974461
1744344508
400046033
-489166055
1579856249
361127348
-1760925973
-1530627275
1732729184
883780634
751166742
1507824554
508660427
1340209161
800861806
-274177225
1355664854
-1756685259
-1773821047
1144606649
-1155982122
1408815624
1093652427
12279795
893584593
2094791437
-1577500424
956300689
528800048
-1075110767
-751123446
1214665577
1632366259
996454791
1168579396
1791085572
-1296559708
1992963756
-1190690426
-2025098147
-389108913
-415410965
405573347
1409304296
1538673328
295357954
-1909435792
1835705045
-212499346
-1270542492
1944040798
-906660971
-588554744
-179663007
-2098300085
1691077788
-1025066931
1840404611
-1560644652
1932524905
-1431999215
-1032100037
127381870
-1939775037
1629164573
-444482115
-1343694474
-2592188
-622156953
-834252249
1961091461
202692891
-847421822
-1698350360
345296393
-1447981300
1884604759
1431813471
1135953425
1462715579
528257557
-1135205694
218697831
1915067434
215787109
621246273
1146932707
-1500514688
1299900386
464230250
-1023048450
1290983948
213857224
-2008141873
-1969958235
-261933944
834908650
-1713925403
-513878961
-431424095
619093737
1622837550
1890328401
-414515786
-177076830
384597914
1598249328
-76956448
-478077976
1976023082
698042039
388750898
1083324019
-229809961
2092916875
1293839169
-592476137
792179889
-687977988
168809446
1846026296
-1196782774
-82135715
194291266
-529146755
559086164
-47411434
2077311746
-1996209725
-1297289848
-1796636233
997462499
1381462100
204462281
2095654737
125827704
152151896
-1517164407
-1695908863
-62970582
-1639380086
828593259
-278567476
1706182784
419865903
1027192874
1678534066
-934213983
-773666492
767399608
1586480637
1194598166
-1268620810
1164602282
-264971815
-1089832749
-1812215209
-688656686
-655810007
331761783
232862030
239693357
-1230869609
-905980206
270120910
-145071617
1297758701
1491053480
-2125349303
374185788
436475043
-163962700
-295824025
604949546
1891862712
-2136825617
-906689037
1512831811
1704981445
-1428350959
467362837
1412927583
742485070
2105038423
1441997254
2038486034
-2010948773
2126802055
-92531585
1379391826
945724230
1929659441
1454301747
892836189
-101306409
1323956278
-1964684928
-1711576615
380562317
157397390
-1660798688
-1426902724
1579914814
-542700475
1174366885
-1178862227
-1869846302
64833734
1739420773
385409195
1986654890
-1021129381
-1492220238
-723371858
1055963991
-392381453
159598670
-731921397
-211536182
2004852774
-628849123
2061773276
1688526294
48658806
-1273255396
-913909857
-2067890083
-1348885032
-1594413679
-1639753378
-1858001766
-839159694
-1021871484
1829998608
1282934714
-2123872092
954462317
437021247
414684082
-491461300
-1690370002
368771818
-2093719988
-984295354
220959555
-562410836
1751287169
-698853839
-1878707657
1465360157
-1409417970
1243100792
-110125479
-1885408137
-1479433919
357789584
1228526255
-1089636996
794567443
-1594780802
817602603
456375703
-523296389
-1462628196
-772515556
1820266817
-1764359168
776485531
908345319
-1930217306
525822608
39870411
-788419338
-1697324921
-348305776
-620073319
-498720785
857646433
-1753419468
1560997721
1784590377
1754868943
-379989233
995841606
600739931
-149884628
-462262035
-5312058
-259417706
-592796804
-640618016
1063385329
74977652
-1476311156
-516590952
-1335067052
-608952431
1724345943
-631129608
-1957999887
2133108282
-665374038
1888690917
-177412726
1948283492
-533537781
1339084640
1674660382
-553650464
-667792425
-947816234
1399788979
1009977035
1597479082
152924598
-1260836266
-1294777526
1242004482
1913039940
-1765011616
1845702775
109606438
1440340652
402297338
-621468266
-931804092
1479081050
1474652642
-814445429
1472316633
-222237560
-385751442
-612424560
380946005
2107688472
1479534545
-1222427614
1988967422
954413219
1723836572
1739789884
1597924627
340191953
155982728
1538059975
942305845
1829053930
-1766399630
247091792
378967298
-1099331923
-1948312666
1847639291
-782375421
1711857504
578592351
220771511
844252359
-1947142360
-1206040690
-1885351246
1929942607
41743002
-1378189862
-1980927985
-2034235988
1354707345
1312365544
1769531862
736766695
246068801
889605083
-258232276
1205091360
1936943500
1093146398
239637699
-196104967
1304285332
-629100960
-1372255085
-600121292
882640784
711962080
-773302071
-558837862
1373574627
745333226
1356843775
1806749214
-1088360598
1508659104
-180971346
108906562
-1336101099
1366525437
-298651168
-737761606
103814841
-1597736169
1510035241
-56641714
-398868445
-1115522653
-1090377001
-93372412
-1833538705
-352722242
-224552600
527278205
46065307
117164010
315847996
-1057249889
-409007530
-146103978
-940174965
-2112359564
-1897486306
891659361
409512088
1114024273
290637193
22314593
1075444006
-976444358
431929569
1760393119
2080818987
1485964164
1244789494
-30653786
-963169341
-1927949380
-1357331920
290454461
-2023415705
-598277177
1526905571
534453424
388567390
3475530
1059352807
-185046826
1114522483
2139935051
-2087895450
-1334569648
847636711
796718616
-20130825
988328334
255639977
-1671021721
1155575276
-105671657
1951761092
-18098242
-101512473
1144835976
1593688344
-678880747
1543124915
-631573539
1486508876
-1400351047
400573520
-1722081297
1755537154
-58638734
-1731692977
-558225603
1041728844
-247266328
-1014428576
1696845806
1032905311
242283330
46475049
773418262
-629287802
845045775
1115417432
-118400712
866827865
555814249
-375443205
1660228875
610875438
933196887
-2037033970
-1669591423
1601463502
819104883
363788885
1883067396
779705707
1623784140
-271392148
2096281602
-1004148527
-646722803
1227821084
168569003
-837881380
1663243998
81783279
-421904391
-219975383
-2145697911
-1468851195
-1534898192
-277365232
772906465
-1573563352
377909031
226523857
1005177951
1821846302
-3913338
680759308
-1275400307
-2132357313
-750929584
-2072450186
-1917411162
2036417606
1681157219
1916532170
-83796354
1064782955
-1185277506
1930032124
-1071208289
206524080
645860164
-268908620
122759348
1213124219
-1879507009
798278394
-1676571093
-1073002396
-955799258
1422623533
-419102699
179013712
1191988002
-2118842567
-145340081
-1933587266
79576526
-1021610744
1709384423
-64468128
1121867966
-223002056
-2038349641
1124526829
-2021160381
-49499121
-1250622378
-1036892619
1784356588
-666178901
1139145265
1013795957
1521188174
1506536317
-1539603212
-1274539284
95443464
214195960
-1324459218
-1581012050
1274783745
999880068
-721306829
-1625549385
-619263757
-1022187591
832665924
-1262970302
1755562541
-1315289655
-980399123
1492396891
534149524
-2007430596
-1054606674
-9136205
1020673770
-2017254429
1514361565
853583795
-1009244846
1340893958
1328809674
707950547
801566995
1180087775
306502435
-719018965
1448451484
1508671564
539149978
2081298761
1369817031
-1982735681
-26351676
1617534533
1115375713
-538913672
-1441958588
-1182569453
898329322
-1421486858
319818792
-174561768
1795992728
-1241278294
-1999109998
676841471
-41263199
-395459347
1932104859
-311337780
1012797114
2065975092
1303066995
-35155152
-1823105830
436794242
-507101492
444465951
607460675
-2075388387
551064696
1645361311
607102914
-1908151164
-1668382128
1765136355
-10310348
1821260191
1732606552
2118020760
1528008780
-868587208
-2134415072
326141565
1965524628
346945194
-557832084
-986657479
-2142632527
-589559081
-2109409257
1702847848
1756774634
-377191073
-287301325
-1112623882
-1713603861
884860173
705767285
-997702480
-1587269691
2068890517
1045703888
522683672
-459777224
-2120034180
147417951
1056672888
-1973723339
-883247273
-155195001
-52551111
-2120986979
1841610039
-957035428
1899998068
1927258191
949281123
-2088047549
290245833
6917729
-500671161
-1009479719
-236202641
142124460
-1624940627
37974291
-121813108
-2104276595
1887846186
24211622
-903081529
-594333718
302047194
225876905
1330597402
-1868162701
1418870863
1927767927
-1205298708
-1486140886
-1862180410
86001626
870800222
1582401060
-341049445
-1607335067
445286373
-1571711344
1092798974
2048158240
-1497382888
643668728
-1723721753
-117747094
1836569802
-1013077305
-137411514
-335282149
-1751774885
2081852170
-848156033
506419688
849389387
-555778950
1566930453
-1677750005
1018083087
-338139718
1253030308
-531226845
-147328473
-1407066660
-2040364780
-812040616
2032747120
145546025
-696528117
-1359593534
-336502090
-2125460959
-1512450653
-2096602101
-1369541491
288166080
947358301
-1149101486
744398688
420495874
1730467156
854640978
1363348682
-1441167959
-899988555
546408131
1682298404
447051837
-1879816850
414146816
34125662
-916846764
-493040091
-194371863
-87319790
917114387
-953314965
-296838646
-1317579818
-799558156
315510321
1276647164
1284118225
-1800036407
-1069687430
293879819
-1799844976
14883072
-1979713454
-627464680
-957381350
-29368025
-1781733122
-1487213631
1167046721
-333954126
-357655692
98500286
-394394822
-1420654084
-772161267
879297421
1916279408
921897355
-1962345608
27318097
1120317076
-706981224
2106278641
-138982409
-312254472
344277709
1704328115
-1102085478
-1673915619
1085734992
-1833013589
951650344
-1005421942
570499328
-142239379
1084004421
958917087
-1347255811
1536985451
-1560827281
1011009065
-452357267
-382290333
1147219298
612902774
-432595843
-1761406951
-1135340355
1151958956
150649766
-1531202746
-471687963
174545558
575711025
-1161332272
2097113384
-352875713
-1675857412
-311961030
1521999909
-686794109
842324094
1285605981
311257708
-480277790
-101656057
581933400
-506366111
-682801769
848732748
381744324
-507351963
156779752
-1005517021
400919852
275112502
-2024157249
-1135042934
-263713349
-318843754
114645626
1196011757
1369332535
600090666
-1755258626
-932148312
-319074770
-546690395
-59748846
-286656567
147151982
240251173
-308313111
-653403877
183100857
524269788
440130048
-193578657
-1968433223
875343347
-1752751062
123028444
-538337999
1943977130
-1774479640
1311831322
1822329973
1245794499
-1401348866
1833140969
1544898843
-25155808
1387917890
-81018712
-1866052365
-490007126
502634423
59311043
1907821619
2125720949
-738822951
802311293
694577398
-796533983
1381481018
1936766703
1447586279
503835011
-639215283
-1843300273
-1095096263
-1340962173
813245825
-1927025547
460466394
1215973959
268530321
-1459849317
-1157589785
-1789914992
-204028902
182272100
-1841953439
1771672676
-900373907
-565049825
662623777
279635437
-1173296986
165451596
-978570231
-1066126687
-1269227523
-133976994
344152700
2124752802
1004584027
707668674
-570510321
-558262682
-1422209488
-1212083169
-1649159552
-635879526
-1931674237
-1768512033
-410226202
-777066429
-1163795894
1716088046
-1691354326
402201894
245894651
1312182722
-849462859
1708738666
1478466146
1791287450
-682411926
1770782075
-43953739
-373992951
-782796330
1887412016
-2033728539
-1289218123
270466982
-1603484625
477355318
-1106579108
-271788711
-1939473008
-2119445999
-1630286312
580391478
1439359936
337409048
-1355678237
-412449153
1097108903
-382581637
1357018972
2107672549
1689245197
21026697
1029453258
294949183
549196601
881089929
-875170975
1629006198
-1119148837
-1837996853
1467401156
-760560188
-95814613
1435248889
-57191733
2102434589
-1786314159
-835320910
1175571333
752521964
-251789049
322753112
-419779712
1041553154
-2123927172
1206609193
-1845688761
-345462581
-550283909
-1692447860
2050555179
1809807298
200670924
434999725
573271878
-274961626
768567514
811418443
806495676
-721923347
-4454251
1959184336
-324009916
1672950777
-79153511
-1413190751
2106123750
1603134345
-1408395377
-191780169
2128969222
-73308686
838084307
-1250160530
1214969248
1024525453
447137623
920764573
1360221396
-164147469
-146440506
1046937062
152512677
-161645721
1465761516
1556955470
1377928445
1163909779
-1345101484
-999573745
-63724812
-1351003529
-1578419918
1039283372
1479384913
509023390
-1370333309
1511849030
-867820208
1358234514
-1609851534
311484718
722653605
920026001
-2049009411
1065132475
1734359488
1010201216
1819977688
1142262364
-1372126381
520430367
-499553135
382907888
1230104592
-818366595
-1383357964
-458522796
1194262967
2069472942
-1159939920
1708324925
1595136591
1133164988
-1268765894
129202504
-16008013
1557654490
-1341805583
545955663
-866383537
1670814175
67080578
-701019650
73569067
-1722501902
1662592397
1892708261
1217284393
679210113
-2049918584
-1011557809
610447242
-794229898
-1509710365
-902749678
2088431030
-1845050196
523802477
-1193641816
-1987480516
-1090565473
1870057205
-1617814978
-962756842
-242381213
1381971764
1661892492
-1899497422
-1750830633
-1675201302
-1123783387
265125421
1874835738
308106566
417078287
-1104440479
1728489276
-1486406006
1568814998
-426559199
-860933576
-111900945
-325067684
576420675
-439614942
-1345268283
-1852816203
-342708258
949923740
-1657539874
-1743983055
-360878252
-1171589746
1321576492
1895695481
-1245804398
-1419851243
-701785687
-463067810
5469590
-538012997
67254134
-549596625
-1186655183
1329850345
1745890887
344203850
-1734039795
-758080615
949352957
1594854133
1751737074
1811871567
-1506705772
-1627205522
-163378108
571696457
652725054
-1887996864
-1178965808
-1125975819
1466264528
942683351
-1874818617
1199934114
1202187357
1899721302
2069508617
1164008058
1447654176
-996766552
-1943741273
-145133905
1037145246
-2124378411
1598498723
-2050547467
670877196
1312537494
87467769
-1585803473
-1642196499
174247722
2027512802
1770316652
164950783
2146437738
-366375849
-2008373484
1485535575
-887006437
-135915821
1737200990
-993059381
2068198787
1388535389
-1544511227
-52893809
934867774
1245379269
344465722
-339752926
386845521
256530733
-2069669413
-1927655062
633780095
1885591755
-704130331
126036509
-1250895141
-607227924
-1986383065
331736163
-1429389922
1055661371
2093978168
-1699734855
-369495494
295676226
227374507
-1126369512
1354102702
2039381041
1274015104
-728790954
423587100
-377254946
-1661959203
-1005418037
-1985418600
839165453
1499460605
1096450358
350950210
1635490544
-447751065
605116130
2041885846
-1737946128
1143529571
-1006580732
2018313986
-1590762834
-797119319
-1790741657
-1040129096
2002564164
-210988197
-1409675190
852296645
1212716239
695317302
347963272
-159081374
-362602703
1892736515
-941388039
1054141578
1784526099
1008087634
-567318760
-864317492
2032548648
-132539286
-336827675
-49370526
472634809
475116155
2113712652
-585940351
-1500223140
83599381
-2125299385
219110130
1581442054
-1542335267
1658742016
218800864
789221956
2138204797
1517408825
-976630028
-513014587
-1020168740
548434352
1195241374
-1526969829
639809423
891844925
-1587390283
-1721794366
1869176718
1749858175
1029238339
-674495136
-40642518
194065847
155052697
1385939278
1572129854
-1835691021
1328116136
1959091543
-632693596
-1856601234
-261716589
-2005967682
-1311524629
2131886902
-1907609473
-1637129083
319459142
35668751
-1818298451
-2004339988
-69924922
1891455127
288222155
-896726217
131546827
-1277300054
-2017465722
-1986422348
785543864
-2048108793
1838867811
332502012
1902467301
-1242597837
-130530865
-1158964872
-1219998247
1651134877
1079420532
1336875047
1545589944
611217410
-1731540531
2061842845
2058557946
-1523631086
477500924
-1510138802
1224437085
-1122358956
1457731035
-756818676
1432151836
-850279610
443932496
462763214
765963361
-1314387257
1209822948
250719922
-1635481865
1142343097
-2075711338
2108930628
-186203069
-1451580190
-1395510803
-936567296
1447595892
1547723794
-926115508
1611304469
-1357497607
1661028491
517471881
15952747
-469750477
956211612
-159272769
1807216359
-634231700
1799499663
766465379
35669229
-1226062330
-1188850492
2051435669
294870310
132033783
-263113443
-1160296776
-2131463550
-1368953996
-1250089059
-997638332
-830304384
-1354976276
-910877109
1645170906
896897708
-368501449
460744796
-1001826664
-1798801559
664548879
1878880912
447188654
1901651696
-2058036290
-1352504869
-592760271
-1719642728
-1605515239
-1022696376
137901615
2009804887
-839873876
-1944931302
387549698
-1179197816
1763860790
751585588
576349929
1319607278
-1233018025
-946125638
-651393836
-422351112
107066759
-462281993
-197375874
-2114994362
-1549879478
-10084480
1389444801
-1908191125
1514234017
-732252262
908753189
-627661580
863945411
-268931368
778805177
-1130820183
-1524178931
-348603896
1818807334
1508960530
1280331574
-1492437937
-907247104
-795748548
1027497414
1865843347
133453919
-480516675
-1872599608
1356433688
1695951022
-290261004
-1523561794
1075304301
-1089939774
-571609195
1384731092
465989257
1047070254
175200612
419416409
-744733392
-192720684
-1069440448
1214853994
800861851
-1921854785
1175787618
-1084495889
497289047
243015472
-391234330
-2087689781
1088900205
-1501957386
-1630852725
1827515215
-2082897726
-1917700094
1551830710
-1383358994
-676395840
1488924218
1452740028
