25515037
-992885014
910449870
1671106877
660375859
629012543
1762857684
-624462455
-971381471
-1906761837
-1682685341
439679634
-569621701
-1834285855
41593777
-519053573
32254294
-1314700739
483459090
-1308188907
1602684811
-1556250039
-1384861355
1121458803
-243781573
-830033427
713282413
-433717571
-315962284
144120134
1498739795
-1870492732
1649430481
-933195810
-669381077
1234044119
699085447
1102004254
331216805
577332052
-658116323
-55661056
-1786906970
-1593237887
-483747237
371979528
-1749591770
2102140060
1345285288
719942004
1987786843
1852318000
716261325
1156008114
1157155351
243158185
-966985985
-406354671
-1494162322
-868253398
548706075
2024519867
-76834917
-659439458
-2096194254
-782935069
101909027
-1499146227
1654669640
1697733178
354730810
729148464
-1803726503
1015710630
1159573350
-1297695930
-778850148
1705366581
-10900638
-389634008
1246299914
-1069103281
1344000324
1131995803
2126865697
357116459
-1055833119
759447781
-1872896027
-723443324
967005296
1099865762
-432117465
568940171
345235053
1760482519
-341678071
-1162707169
1554578879
354262855
1155519936
122074426
-1763998948
394199813
-2105482597
-45723218
-372389204
1254296138
-1025218747
2041265682
-158934804
1354099080
194881094
874181110
-1614290475
373612991
1615864271
87986013
-99574212
1514042382
-1253275210
354144876
13177723
-1666598260
218105278
-824129442
-1420971695
1039792728
412573724
-2009103942
-251336186
471909102
441177142
1922446280
-193746734
684863164
317162925
787709248
1287146111
-1653335820
1080812445
-1295138235
-2127954867
-9806685
-240878557
-1119890543
-1370184427
-671125246
-971701217
185357552
-999834448
659158796
-1285974214
-1781754126
1336980889
1449462864
-184781782
1069995995
-1709187888
-61180152
1110751540
1429413854
-1419717631
-1216675991
-365566734
-1267389302
436079077
-875394500
1945116502
1548033924
1167643880
472565933
-40005906
-1473780618
-692710388
1994953058
1266237033
-197950905
-835094004
1883059919
1874875993
2016070540
-207100220
283537096
1894166330
1522475581
-1611959601
1095540567
-906756174
-1350679893
819597682
-445078321
344927002
-539145807
2053762232
1146578208
1620145212
-114202070
1267523549
1431487597
2052298846
1098515874
945730543
2142031579
-1283254657
48700495
-672660814
-528274516
980297440
-1656600511
728884164
1278094731
-40294715
-66078760
109365249
-2028989400
-581403524
-1549804681
-1150343384
102650631
525744030
-1516127626
-1630084162
1639444885
-660934252
844178269
-542996174
1392072828
908440156
-715445426
-709507007
-168878025
446094733
541503681
198104475
1460581608
-1657902184
-422193801
-1920430394
1366614889
1134424912
-810507352
878676290
316122016
-919386197
-738700674
-69832722
1796846615
1659416009
241556934
-1615310166
1698945739
1832120118
-1785862940
-1505899460
-1617895613
-1908552597
-401668856
1422140023
-579431964
-1715498086
-66116962
655606937
1650947203
-212017237
1354716682
421907445
-1683105732
355189633
1743089557
808346321
1685750913
310240641
-102414686
464270737
-28427403
-14594221
-1481422812
-795127276
-2105102470
-1451756054
918354003
-1712580259
-1119044088
-298762814
-898933859
407185270
-945093696
2002845544
-1867613478
169956752
1668357568
442748991
-499091772
-758564241
-1325847496
1756926848
-1891508570
-1799762684
-903189955
-739010686
-1934082478
956304731
-1469255971
-328219845
1116936023
-215230537
1508895602
2040961030
-1821722253
653936122
1592064827
710937510
1383050822
469386058
1449678888
1584889482
540585032
-1703660047
1173817588
-1811721646
-1350023939
2114446213
1792105593
-1837046639
-821902746
-66981048
-340179393
-796986924
-2023757894
-274943279
6385749
1331471587
1579911510
-76152597
1675302500
1431557702
-958189583
-541162820
-1516372480
-597082102
-563201261
-1773893847
984031297
356886980
1255225031
-893436807
-220211054
463950038
164911247
887430200
-1480020792
-1890905872
-664774760
1830990173
-444595594
-1809772327
-657189842
-1435165522
-672246401
798553967
466141809
-1304560797
-1603877909
-1156715284
-2082370488
1209832457
765723390
1696263274
899604118
-432902743
-571010682
1898195368
-553855572
603436329
1258175348
99258126
-752386818
1160123633
613434030
634034158
1678169624
696705745
-1896824541
-1650980084
1762646738
-1680095199
-65005537
-702785184
1340534466
-2014885847
1919582432
139830553
-348949518
1343015107
-125889944
703640805
-305432878
-1739194049
-628043628
1314412399
1197057391
-786041978
1771116653
1163459369
-1961949723
1707070337
112459197
184516171
-65724398
608862395
-412848667
-2126087398
-1785950580
-1805683132
970402797
-879389587
1613703892
-121744168
-1110902308
575309420
359418059
-2035520703
-1595571382
-1178861669
-1840728732
1947853049
1880743219
1352828438
179530906
1125934866
1072606989
-1781273314
-1818543452
-1343646886
724785435
151133907
908115047
-864466502
-503010301
2113289795
-1006406868
-1264920610
13567390
2043504035
2082463635
1422763802
546629391
1045202139
-792733754
-1747408757
885020694
1152721991
1608355056
-248914051
-1739150426
-270725189
713880560
1186573836
-1177847372
1759981000
197559625
985909261
1260970577
2065434429
1124698205
1851912238
957378042
776258288
-67412517
-1741495461
-8839377
735287741
613186932
-403040669
-1539012287
1179715279
-1501357356
-1077204517
655229040
-466274274
1926669776
119420994
1614034740
2076803896
1816566235
1649959525
2018434267
-1524243901
-2041950018
740703748
-1975053997
-1239761599
-1256272761
-742651210
-295517623
303530901
512928962
99209481
-1191164558
-903685689
1484767974
-181415955
1438696487
1325490051
484768274
14802001
-592098249
-1913368089
1535804920
-1691445490
-469001736
390696446
-783971047
2076810500
-1829441633
-376785018
-1668300238
658904450
-1689088559
884049913
-1451581194
2082554603
1415094649
715360715
994918908
340982165
1645329115
-1919433745
2073491962
-952885004
1639588329
-1238558305
1819293747
-1041653001
-896820267
-635411876
960911406
1988390321
990344679
1308458548
-299476312
-504534212
2102782352
-1340675517
-1807369782
1488884698
-1221644866
-2050778757
-2100835170
-1986494884
473155953
-40168025
-5149249
-1298787642
-1981875315
-1369166676
-1377576624
225854259
999771122
988458514
-2062354898
1026420470
554605001
1932852418
1866104425
2115130370
-1033618656
-1814398703
391690991
-1846627701
1234239929
-1597503748
-563296630
-782366996
-1731315425
164639925
1763806220
-1913913909
-148508167
288933214
1500378055
-2096200070
275525282
391095315
-821693374
-1724143712
-507132680
-2043837650
1862236714
-1133151720
-656733837
-1368609851
1640586119
685796888
1730254713
1291764087
-842937809
-493470059
-1517696271
-2085323160
1738340734
1143617254
1150402326
-441013367
1201924934
-1082544473
-494344563
2002770204
115251204
1353572320
1257017528
-1982162057
1757144661
1510112101
-143200180
-1763684345
1744643496
-365518977
587167520
1546694295
936509491
-171698997
-1595630776
-1592087854
-1217587158
374535522
-1767614110
1056139782
1982383150
-1566694855
-641071057
803229994
-338256125
-1252054325
-1750249115
-903516382
457956998
975080180
-1478007870
-1451636928
-806902307
-1389403360
1797304932
-1611186162
-655374608
-1494479196
-550841001
-447464886
-1837914345
-340050837
-192979089
1769018417
707541779
-658805291
-1720337064
-14410496
181096002
174915547
437219819
433241271
-795113202
-711908746
-1319418942
739169311
-227153242
217473601
-1603981298
-1285842674
-1456952848
-279861156
129119911
-2052230423
-1867075138
1892471956
-1465625756
-1402168469
1905667135
1122129344
-1122748244
-1493530716
-1215835721
-2068880275
842243917
1077304643
1862790770
1281147837
-777764980
-1484982249
2096452598
-908579701
-1646475396
1785021394
-451303049
-1978218797
-826908013
2034363920
-821964913
-222603951
898803321
159233175
-196326610
-561973401
926087459
-294136864
-612439090
-311057085
693617696
-1478862378
-975953685
-1625437631
2093943090
-1279500068
1216590514
1246536077
1191128096
-1216448747
-502148616
85145868
561251786
1550824926
1701491565
954351228
-272526210
-1590800993
775957009
35191513
2104548745
916359619
-813566747
1224613890
1944114191
-478179068
1428206566
1388661916
1548638495
-61512213
-2133411786
370043446
164866305
-1563169897
1303454620
91900334
1130416594
-1603341636
-490271954
113385938
196333394
2003800814
1244893516
-1820994487
-1099888644
1697600543
1229138640
1415519412
48785239
-81925018
-1726774397
398855695
-2145992308
591304193
787002834
-1615494563
1330031671
-1810480739
-395195967
639918212
2090735745
668215508
-1520324834
1943198837
-467469714
1058178294
-329177350
1106843023
1737658739
1495625227
-1330556843
953595717
-1425267125
-1496701416
-1625437160
-66486275
625562122
1617515681
-1353143225
1133171259
-1725226382
-1421674897
835297910
1267905534
-754667644
1896023443
-2072174212
-526327702
1770059354
-1750458966
1266116198
-841822298
25890099
-458907551
-193291090
1958205703
998048975
-1448665541
1670287789
893571949
-1622471939
1283655569
-2020889779
210425837
178627185
962259418
-606988798
1476594352
-664337445
-942162644
1366384122
48991770
290257972
-981662205
-40638574
-79952850
-465445798
1751502656
809827084
-1268104656
-1383313953
1665712243
618616703
-1351214453
1365713181
766563420
1876787470
-1832034059
1291806861
-1775471698
866401884
-802583344
-504859304
-1475545065
1114831167
1287298515
955943214
1600969596
-567478605
-16177431
1938444631
-1529669751
711563792
674472792
-634093817
1781430632
-2123815041
1103723046
-1067839243
1565257167
1148107178
549999543
807346734
-1802041024
-86548814
1063691706
-41463259
-2111549300
1548849253
-727672506
-983033329
-1158085224
1763146672
-131420353
2140840813
628915299
-633222318
-843069698
1616638954
-1774502841
-747640366
-1175033040
-1805417882
-169578114
-513937741
1059293438
187009362
-1292995865
1976543973
9368942
-1271420354
1960271882
1807452285
-543136504
-719079761
46340953
-703123032
1743894972
