838568620
1646228116
610332888
-1442493186
-803156973
-1466041616
-1540743280
1618481469
1068630480
-1335505806
-143401807
-273158618
764968691
-1306283083
-1055435415
-617327860
194969456
-7135634
-1183665815
-952115623
1553746231
-1798526732
229633056
89100465
-1870771582
-1817083901
2130939180
-564687273
62409069
956603068
1547301901
-1477963056
-760481589
1414467823
841034523
95648453
47089206
1773998493
1976071609
-1336899539
-1245186713
-1409991240
91098571
832193707
-270771000
868510508
1837548645
1631659572
131323719
-795601886
-1647150652
255285748
1150238573
-1891502462
-1842634623
1608276338
-121305170
2035525562
1122975747
1969892849
-1455242238
-320266050
-1933694411
1298728473
1522874548
1652393551
774854776
1309934038
54657657
548778366
924230619
417618048
-1801770045
-1536148365
2139245705
1931885884
224805719
-868018326
-674954110
-1244846687
620087325
-825300482
1980330381
1626560158
1265434166
-619658070
-1136174483
1875565466
-225214125
-312547701
1245836114
-1920709668
429860932
-616195222
-1648755310
-1525546452
1786777039
407205370
1853206168
-1426806086
1940116163
-37459363
-680816100
1269320511
-1696436917
-174617364
159177620
420948322
-828892793
1352890679
973003498
1206530908
236273496
-1636981430
924485742
1357172446
197550459
1465460018
822369293
1156854321
654535129
-1376935233
-125967421
578333599
446097180
2083491210
70634830
1909553937
620957573
-587413703
-961390813
882516473
1502846204
-154054655
951934117
1083329905
-1029122456
1904981868
1745383828
1394065060
664361536
-1409198756
2050146499
111924589
-1739751838
-189886641
12689933
-1082875587
1603295523
986688995
-29877367
675519552
138397606
385025692
1451803132
-441813822
-1438251663
-472023579
148941967
1246267599
2145167677
1722197332
-444502079
-1929250790
-1421731059
931265074
323703710
-512004065
1174919041
2147420217
-1258800847
-616294773
246486123
2145547423
421192502
1456027099
-457270622
-1420413613
-788687341
1187352642
1740499222
-1404077946
-1128905975
-476545841
2025780516
1911357548
-311053658
-502320433
-1611326421
460912451
1165648510
988604271
-679667105
-1914339436
-26801638
1109696934
1904941789
38503608
-163054801
243394641
-1998506754
-1100509283
-2137927406
-1632915809
127920879
1435018185
-568908949
-2126568786
126320001
1965123743
-996528088
-1317649802
1759127869
208413409
259698869
-1566024987
-1753440069
110510710
-833663383
1227937100
-1041016781
1257277548
524118595
556463865
1219524180
49088831
1087974357
2033678116
-15761836
-2105241765
-444396673
2070613774
1738082119
-1590615585
1607945184
-825005977
1677333684
-532434013
-1072228726
452070895
-1279269787
-1288225156
1689923572
-94158240
-56474241
1879297726
-2918732
-320806517
825478353
1821917953
1189192173
-382750783
-797934992
868860968
-1102515451
1065859956
1327015043
1668561310
-1672884581
1659811101
-1135658150
259472867
336818360
-435855009
1791998661
-1779476666
1741762628
-600340117
-1199481693
-792495885
-1954282054
-447738458
1819435193
-342159312
-2124330721
1432944265
413105604
-875486749
-1232413905
944365513
1452855248
-1640154025
-1014747687
-876316233
89577418
2096316735
34267118
-1966940952
682057812
833047546
1362157588
-121668584
147020760
1618163736
1006717696
629833803
1612451807
646941724
366508259
-640828620
125772195
-1184248701
-987042267
-1477256229
-1164552222
1620998917
419308368
-1054488199
1774265844
1358775834
303126606
-1788393306
-1751952352
1277308095
1575216855
2118274741
-1994041046
1335270009
-223754204
804824926
2115516720
739884954
-820624920
-2094935906
-1325924939
836741570
317714048
-1828638501
-674948354
-1651842904
618697832
-913896630
538859164
-2086892774
1244037361
-2092837228
-401996982
1230200897
-856401360
-1581524553
-2064210440
2058479914
-1717068743
-199544022
1668831271
-236398975
-1731381875
-2103923132
1556708215
-991269218
795801296
-742126882
-798322051
-2034739259
1604045247
1758632758
2040943322
-615693655
1539826528
1251957782
125584520
-1424475854
-809409158
1372711733
-1295678857
-166226560
751379271
1007943644
-1081315240
721282350
1663466855
-460109364
1825143223
1286290650
1300793624
-2121803170
239349327
736739301
-923404636
1767209964
947474329
-1526439817
-634361062
174103407
727425958
-2068112443
512180544
-954881943
1070506286
1451767446
358671815
-970191099
-1843967768
-1956758014
8471232
1545351291
-1703886821
-868298628
1317465679
5373369
-776503180
-746163437
-729804643
756815935
-336121574
1120532212
-736938734
-1628332726
-86737665
-840551629
-1429767484
346488628
-544376199
-156559670
2142951466
-1999859430
-1663010800
-208185631
-1093900780
1391962303
768754329
933903695
1177282015
1348565679
-1270204285
765811552
-325126429
475337895
-619987344
-563075880
920629040
613947956
-1090918137
1961604920
1753189242
-1970264167
1158377480
1906659647
-2081101231
-241107211
1780629152
985284275
-1524070764
-1537350747
1767585021
-534234016
2101060903
-1897216026
-241176795
116496481
-1667831325
59781311
-2054314749
372019869
-455276594
-783354851
1449228227
-594951788
-1638154101
24065343
-724844450
-615153829
-1488394476
1524122452
110179192
1639228133
1572886949
917847649
-1225134487
1478297987
-883742981
197437032
1870381464
2098115757
960975550
-1964033850
-15840240
1494908930
1655369018
178569180
913095756
361739149
-1672187307
88324338
2138196565
-419826103
1578476477
1941632087
-2097430770
-416455450
-351972768
249729996
747216078
305582285
1813498657
-503575775
-628900561
-362648734
-1618683192
-576780512
1454929957
-504667768
1945476409
777215658
-1983993774
-1593103511
526617576
1266053664
-1904009065
759665782
-768245876
-200499964
2126472942
-1219838035
1455331602
1980079583
-1096759178
-947868647
923682260
-1551558556
-1027335473
-882246241
1447023370
523146709
-384057689
-833876490
-362068864
780576677
2023405461
-605910537
138437257
-294580130
-1109856987
456597270
1148203827
-1544677692
1636952371
-821560016
-1869065541
1622632250
-232740996
-798084986
1554440003
1652500325
1882212977
-1006561271
300215233
1788485647
-637351602
-1178305577
1296084538
-452452019
-584324245
1627588613
1649401136
-1889794846
1169171666
-1022414946
-350883751
-1942555930
-2007226351
520141804
-1323222895
1965083810
237191504
354782197
2118976272
885121470
748670629
-1488959416
1034304479
-853519459
229796262
-2095575303
-623688825
-624571640
317822527
-1282909207
121039884
-1126669303
2053442246
-781143734
856805657
92009497
2116347212
-2049457055
-849051780
-746647939
-1188666826
160313998
579346387
950627052
-33232885
-119995767
-828729209
-46689675
-902857586
2070705645
-1187620103
862582431
902821647
1585704698
1925009403
-741615919
1614971901
1215032982
-1006528638
1446549492
1732857280
-559976811
1989021593
585921110
-1919852859
1374297145
695981719
609720785
1088098521
-887802116
1004616852
1949910059
-1301701189
784144268
-172369896
1996108224
42116331
1816765206
-1712410091
-40592290
50313928
1524903623
-1692353257
-1563316113
176248025
468293519
-397997127
1518531677
-1963743382
754946599
22379098
-2099232207
1074481243
551581525
104316945
261699453
241740595
1029771374
918035165
364068732
-1620129157
-1553455076
-811070688
-180642953
-1983212983
-758652063
-65744306
476515689
1617813530
1013262043
-944199455
1294928102
1520053221
-1726378935
-311107696
-183071176
-859558292
394308685
-1062182977
1958679498
1289427156
1588183155
-1103544520
-1130880567
-502058632
1538449777
-268477669
-612727801
-503518727
-723294800
-639029741
-1649789405
1202635417
-1842404341
744707530
617115111
660180681
1499766486
-1101104226
368142320
-167514369
266623777
192320660
551017108
1537414093
-1663047620
-1892045684
-479579393
714350127
-100443266
859025590
-1750335329
1943712036
-1789639614
-1245188796
1060123330
-390166401
1513970738
2067280481
-1220080516
1235953918
-1989249081
-607857567
79491790
1423048091
-609453297
1758460729
1412790531
-566200798
723867313
849474864
1728073565
-1407124733
899174702
672366806
301725681
-1510552983
-1478287255
-1002552779
-554408497
2048004746
-41379991
1671616326
-148247963
1115348288
1288563804
2100772774
294589732
-278486824
-1772627234
1137150857
-418223773
1781893674
-570349957
-1136785938
-2060251516
-298724375
909656434
1829195284
-110240172
-48447684
130685883
1964643372
553809335
1916404109
-1982046645
225537359
-1369035900
1883487136
1631164054
1631842994
-1699409491
2059292134
1328944725
-416210921
-1949342557
-893084142
1335659401
1262593414
701762808
2145034732
1585288383
-835805124
-963700923
1742553958
-1163012716
1026485988
293422669
-888933908
-59617413
1036588292
963912546
-1822853888
-376241475
1041981881
-737136377
-1084828667
-49800255
-2097984089
285287382
-559650982
284569741
1428702250
778454436
1001547434
837964428
1983728592
1105946338
-1105491839
315553937
-1131396597
1249444422
-975599837
-591461093
-392913374
374372009
-1753440615
-1330877222
-1979519127
-208176334
454318091
1618231666
-1262122319
-605802060
-343329195
-107862914
-1795286271
-124945580
403445715
987850455
-553186939
60388207
-1371971201
213538837
252637382
1381905594
-1495578818
1645644373
1260097307
-779662166
840418678
1657736764
354741343
410288405
-2020859933
2125720380
1490069219
302828568
1151400363
-1351854059
2086706086
-982863301
1417632431
537098143
635919811
662001363
985675299
352165317
1074278698
-775163225
427116128
-217161516
1269791890
698323158
-1245490696
-716702987
1099687598
879834615
825437707
975224824
-1377856866
-1083648638
-631238184
-516707502
2126786472
-363087507
-486600810
1047349864
1467207719
-807452646
-1935358332
-1431927026
2111028163
1110381679
1718329918
969086537
1906159841
662455366
82721618
1669435228
1901545821
1236064520
-1993429741
1116172034
403601014
-1276520812
-1153633108
1695779575
-2100475895
1708377188
805023095
409319869
757494530
118760690
931380879
-745360740
-1000387825
-796623016
1352453539
1281845737
1473454997
1753866038
-825652467
-1318097525
-2039002137
1892544215
-792450270
593888698
69606069
-630386794
-1237802805
2123505162
818592962
1162024062
-363893420
-1106691416
-1762739495
494306096
510990724
802553314
1237674753
1643937545
1391963117
-2050817556
65061103
-305282429
987017348
-1017967904
176042427
1445415643
1789371763
-1703160570
-1659789610
1756862964
827449645
-162987179
-1197507524
-1488735621
552748483
14742074
1104586213
-916639157
-246131338
-1447202153
49125504
-227201263
392395916
-1652117235
172884323
1898821939
-660036506
1394527614
-933963332
780544237
-1012571182
-1655642419
740065548
2124192189
-549363554
1853791975
78219990
2072066049
-105662867
-942449913
472527763
188630237
-1147439411
1211417653
428060904
-419302302
1402443399
1553746959
-530067174
-2004514324
316660793
-1677870645
1289788865
-1902160181
1634051106
-2003106949
468121019
-1734115548
1360825661
2011559827
578048611
-1810781927
1769497488
890534568
-1630589949
793508391
925817797
-1986765446
668250502
1760954064
-970918919
-304607436
721012593
-1134520199
-2059858477
2093330417
-420969964
307326356
-1689774632
-525973630
-1388409092
-1597745151
1774013438
1510679662
-180076117
641031601
-1279688322
-2080659655
1656436618
869908364
-2034769938
-451019287
-2107717858
1881672341
-753693298
1202820037
1084206714
778934090
1867694817
-765839009
1506260212
1530010448
-1365957249
-836286251
2085172251
1712337231
2047638569
1261587027
164215784
2058615579
205787166
-1864049445
1085687346
1646215699
-1536405588
-1582438584
-1037914777
-849036850
1025869321
2146063759
1973246584
2046970099
245218403
1128654408
-1984209387
-1608745881
1149442100
521981036
-72324838
-631535442
1183664859
-206624416
-1651943352
1212972426
-2089425304
-511466702
-388544712
87003112
861973431
409377569
637820555
1212587516
-1389222465
105367650
510316902
524636586
-211540437
1712339745
-203833827
-776567513
499971882
128388037
180020781
-1556034080
1741117059
-1862583688
-1614319248
82727322
1786154475
-1068662042
-2039926645
-516273702
2059615386
-1168299964
1019810474
-1108813434
660776475
-943260269
-2057125265
131340491
1711512163
873868837
-956260825
975403841
1826179877
721062496
-1031635138
1376842829
1617797732
-586130239
-1660615436
1689353671
-1708528055
-1847456989
-1540991407
1533863132
597554742
-930346943
-1669296298
539689268
846908698
401594745
1463897460
-1980057002
-1430784761
451622098
-297201854
2019131211
1957603329
-1730905280
-2051777687
-192408447
1700813335
114168614
693887714
1069800434
2094713015
-141138149
469242467
688520069
-620942530
-1651340048
929548054
1065092532
1392990415
-231876366
1231100556
-1110177682
1670707045
-1232543380
1355708912
-909105602
1211369514
1746318959
1166638207
-1503912533
753362184
-2005970476
2034773303
851534562
1742406528
-1769307263
1822997454
-628314222
999887035
-1324950036
563267813
1801596183
-1855178018
-1319868707
-203112067
-35152678
2039266210
1322455159
-170459735
-1082252554
41613346
1802583672
-840591739
1509660447
734251511
-2125014081
1806509926
2133688255
-1214790271
1995293710
1463152210
-1376904351
1533022599
476087825
1441529778
808852562
252748802
-1078672993
154829126
186382981
-694093771
-1690917314
-1616175016
-1118044233
-2045668863
692016620
-1043712204
890401235
1878385270
1756901404
1394824662
-66879594
1038049709
-480687874
615588325
-1050487946
176157140
1640075523
1012318688
-892931905
874962825
-26513248
1000884118
-2112700673
-727903380
258530385
-894775845
-35526748
-1097185041
-1006754592
-1064551048
-1683297821
-900309393
1994590182
1339944291
1217661146
-413724024
2087044242
1826394671
103184376
986432164
-2061223767
1577267397
1423796636
-1127350571
-1228191283
1087244372
507831292
-1795750172
210575105
-781342843
1161199688
-2061007702
-587010453
-210132749
1526757390
828381085
53961564
112562906
-299522849
173966765
-656220019
-1527613938
824923699
664577360
817046187
-666802131
802431369
-510962469
-720632042
2051826967
-1384836910
2142573332
-1035502876
1107075998
-100347121
-1525084924
-1353263573
48073082
1398461240
952677648
1292380031
-182031745
-1358014112
-1763756214
-2024393799
625248017
1573132821
-1349820668
-1655558662
-1184760361
-860170228
72991142
-274568209
-637688658
-1806828546
-394902847
1401002581
863173856
-64010548
343491939
-1394723393
680572565
-2037972503
583409324
-1242412137
-1924171895
-331591176
1539677601
-1717057694
-1281238786
614305715
-492782528
1352519751
-2039361292
-1548039409
-1328755245
988281553
-1620116841
1531108509
1375452809
-219655437
-1500220935
1272293683
1075329089
-869170612
-981190911
-1899725877
1897840809
1550751405
-1472115806
-865887830
-870177657
270675159
-139394737
-1885440828
282772566
1910965128
-1277220435
-156098466
1527092756
-50840904
-1954013558
-385356811
-103747494
594002719
-1356409587
1701070942
1357017772
1909309947
-2030800849
943479598
-178086126
1168370959
-1205205399
-1438194597
456128743
2100044526
-1918071122
-1853662685
-1507541776
2146550649
-564778852
-583246036
511149744
1642695845
512701421
-700909844
1055946489
422313857
1327295283
564272202
-1926123578
1937936759
-952994364
1163435653
820721992
-574607919
1999414514
1104242773
733979710
392285055
-1288712065
2118948175
-635437687
-1854137578
207783503
312342925
-893720833
-1261989604
1677132127
-1543241843
394520959
1609322626
-1881105419
-353107879
1846891588
558086513
1831973145
1284602344
1585462654
-2040684471
-1695440573
502777796
-1396475874
603156710
-922620331
1876181484
-1420061967
47432228
883204811
273212923
-773114640
-34267739
-1230669776
-1779569016
589064917
1804009425
-2125827885
860552400
-1378829839
-2101062627
491247803
478591122
-1061221316
851112336
1480516055
-342488518
-772027987
795859843
470634361
-2011016383
-958876980
-2097132888
-1347951355
703613139
693063813
-606354868
-945779739
2097632433
-134083266
-1875659296
1494508735
1215537240
2047691562
360809141
348993514
695938659
-912061473
-1312046586
1025833245
-1883199955
1694563622
-278907077
-1762569623
-1588283974
-570818799
-616046996
531130984
-1570689578
-498501805
386850595
139418038
-383304578
326632907
265447269
-120192096
-289642113
293498465
1260565235
-1987361253
898120029
1624034325
1046987469
462402808
842963574
1881760085
-480540425
618419284
825327717
-2042914418
-1944810370
-1277819308
177623467
785190916
-146257475
1757257746
-217969780
1444130790
1914491612
-1546135086
-1943453642
1777680796
-732597095
-584610184
-1424010456
-144311964
1042178890
1766325822
-685598767
-2113348836
-529026014
-1382283103
-189188489
257034080
1921001139
2145554844
-1363346598
-1445444137
-1159429453
563054104
674395161
780427466
1036029442
-1454623838
682229587
153232886
1753931499
1677256542
-5262703
968892578
-1082847575
-1649080261
-1531364766
2106089714
-1640099795
-1441652633
1582241991
-980556675
437038878
-337016315
1595991505
430928926
-960201951
9679645
277509768
-2039870713
1621599066
985345236
436866575
-8250597
926713393
-436930084
-360317691
135021179
1217788248
-1326788563
-1925033171
399722081
545885709
1601913332
-1085438128
-677222611
642733468
67043788
-2060109471
1993892285
817556008
1713485355
1245868770
773370369
636862377
-1850732514
-594605690
-231347507
-2086731464
1604589880
1245448216
-255248656
-541753718
-220992313
-970243685
-1969727610
1978953145
-684306359
-1138986319
-1876118646
1620313418
-1443635426
791713088
-804041553
720056939
-793592450
1490831954
-446255761
-2139099268
-352975188
1534885436
1438721123
401080016
-532059541
961456898
-1329143595
-424407628
-58413647
1086348537
-1638087533
-1229225041
-1476787558
-937435730
-996540666
1841267211
1595763615
-1896732410
-1462778494
-1832921196
2070060551
-120549210
954449118
-1329271649
-1192093795
-957173356
1760487495
1099819853
-1314038878
279945246
1037840721
1807919120
-2130343163
982216186
98491726
2084376174
-1666790447
756313774
1145734115
16127493
-2027015194
1394990642
-1394910505
2053014478
860302059
408669651
1008134958
-441713755
-1041729662
115243865
609911670
-467196408
1027107774
-311855509
-1699873952
-250614242
1042474193
-170575822
281451665
762911739
874713609
2142245181
-1274067782
-2016620766
-1469171971
1138594212
155718885
-272655029
516676867
2080493423
-1298054638
1737513317
-1438963740
-454021320
811195138
-456210723
1632387538
-1129606386
589600593
1707326752
1091572377
-1124068452
19006410
2033811295
-588270059
1503438730
-1688166410
-854897519
1222665700
-1508549342
1741209846
-1999672386
-1048589733
-1818424778
2070105490
626997369
-1376786755
701470273
138913681
-1137380435
554243242
-673955124
711874122
449797276
501990100
2108790291
-865384837
717706789
-1369249031
-1088238616
2045490008
-414966715
-1692175604
467202262
1862339815
1480510943
235138485
454036360
167997322
466505407
134966780
604174444
-1083473699
1640023516
-940744128
-665920622
-1532181054
-430425123
-1670141331
-1962849062
-971586119
844373470
951541101
-1122327986
-2058055820
-121001869
958132703
16776396
-947424598
-488014100
-687358458
-806421784
1819476779
116454106
-1181744381
1631532560
1627240756
-26624046
-1040320698
-2124681744
799720196
1757626224
-1217035198
1881310742
-1629037650
1048336798
-732058785
-1980188199
810236721
-825903850
-1380596171
-1497912713
-90770491
2046290980
1736578550
-877188227
-1018146697
514967984
221074986
-854134421
-1576728329
-366030213
-2006694238
1813612183
523853488
2124848809
-1614061402
792668753
1233352473
-1601583234
-1606538384
-888340921
-716077238
1299803500
-1974803490
1246701099
212772050
35822157
2039769954
-261440110
893603783
1190593516
1475326524
-364984289
-1861481955
1666249417
431034603
-2006876192
991006779
1529368861
-1091484448
-763779593
-1307343157
1767581211
500761717
-1924548228
-791694895
-806616712
930962972
905787554
2073889023
-1396892883
717641435
1269190680
1051934022
477571963
310148087
1977392305
485262256
850870063
-2077139985
-2091654330
-1655129748
-1903227865
2021792427
-682892582
-875154134
-1189639660
292721909
120104192
-11150935
831378304
-1668102360
613740665
1152728461
2070844178
-343446746
1652998688
-797770635
-1618706159
2041184655
1989668874
-1322351283
220378406
268679727
-1163699479
-1708787232
1561055333
-1523978313
-1229368912
1157231536
538133390
-71685457
1468271484
-165133815
546715023
463396779
-1017160782
-852757165
-1816277427
-1088070468
-17496988
-113095768
-296425053
1887476265
-2090775816
-1011264858
-183011670
-1780751777
-1845906677
-911846779
1107429178
1960543525
-1626733678
909071979
-1416866895
697895443
729414210
1702127102
-1742620942
1007392324
126898481
-203799493
