-1340151191
1497454148
-2036426336
1714636131
1997215885
-424034459
105227880
-1716167520
-112336628
-1285841736
-864554444
-333609020
-2014987760
961999075
1690241558
1920390941
-1328955096
-1931222380
-1098702191
-989626558
1642472300
1081830361
-1071434145
-1596585335
-2001443868
-1004852562
1688849774
-397955653
-1029233623
-2002966825
-614944724
-818760694
-872983731
2003149040
-484046076
1926444611
182118136
1211514562
-991312345
-56651457
-1425308974
1008150743
-173927025
-1903341665
-1425690072
-365171376
-350059200
1565424311
1473222601
1406352373
-386857520
-2057402678
2006988849
-351416435
625524009
-1049276808
-1381056023
-1046865809
1198694286
1466552691
-201099219
-1600684968
-719317797
1794484857
-912645170
1759330175
477376016
-1218088834
1841311322
597584614
-1205063921
961640231
597085049
-1842002957
723546276
54370943
-1807493991
-1787418305
-1134371130
-1162460700
1910651597
1251141804
-1244621028
-1435818430
317534962
1788142268
809528258
2713475
-605061101
319131424
2060471884
1990692166
-1779269618
935474831
-227547382
169807566
-910238089
1081144793
1541856397
1458134588
-1933897285
-1126539717
-646344854
1107686144
-363723128
1003243252
-1103671747
-1613625459
-292643476
-1923111912
1747535344
-1131282868
-499196228
-1933281629
273265213
804757970
1086064823
-1001117231
127865457
-271600556
1906498538
970715563
206530161
-1984658854
530172373
-1508507931
1815853058
524971186
-956765746
-1839096857
1022653508
-1083794009
-1778264027
-264796375
2128304511
-3187342
580117384
-405201213
55573793
38320625
-1591006039
-594661052
537931271
-73960042
-457204707
363759553
-591022341
-1085312607
1493357191
-1980662479
1599030653
249694097
-1630898443
-145803528
-269846330
2025063895
1466337161
-1838918975
1279352073
1816806349
-981888933
369237392
-138553605
-166264603
585297054
329426966
1554629525
-144604379
833189376
-384218041
2093666328
-127620910
-1814608297
1414363177
2106936913
727212395
-1306693767
-61419025
-335443682
1508196825
1696648554
2100234566
1254317360
851486691
-1883285828
832498157
-2091116014
1713578215
1672449843
-1823374453
-1820659863
-860747834
198312103
475101884
1017145980
1083215392
-89727442
-52308116
1212008438
450602177
-1915210375
635757672
-690938390
1679259482
736842366
1612248114
688628248
-1689489549
1832008023
-996401388
-551579538
-1594035552
1598052969
-1733996937
271021521
1610371058
11789513
-1905120908
577823516
-2117955408
-732472614
-716261717
-2121216920
224403527
-457880262
1536477011
1086855310
-1427144834
-294494242
-1395753069
1000547561
1217558253
912260475
-49770481
874987872
-1662288721
41704743
504755396
-510826333
81477974
-650461632
1162890520
2092546227
978688031
-893845876
-42131156
2090037160
-1885327770
-1170870623
1110550645
1280929966
-1736391077
627968135
1167320458
2102105424
1359472886
1773825179
-1880020162
2076266232
-352304344
1311262901
529489649
441081014
-153476526
1417481613
-1616933853
1274976576
-831667206
1400772186
1015913801
1710105913
644246715
1494787771
-1554887197
-151817802
-774669699
628187867
1177135566
960294653
-511973914
1991288271
-1805537834
-637770865
-513546480
986929729
-1038492273
503721832
-2118405764
-685885101
1896211044
-1777664124
543783749
1984664509
-1043167248
-1229277787
-1932508264
-2056648392
1609410956
-658012077
-745010077
-1511730658
476505384
-1095983324
-1420592308
-1215004847
-509073570
-1567903939
942282212
-1304341412
-1105042236
-1582736360
-1150448356
-1326538791
-1728310143
-985112442
-2022454281
1423488529
-829145054
-702561289
1333181825
-393907735
2089172142
145268729
-237634049
-153001989
185032951
-1723581954
-400168089
1298266115
1966689587
-670861983
255510802
751274108
-1197434934
1759830443
-518657361
949991562
-2036796560
-1628509935
512105082
475251738
-23256458
-1696603327
1437314734
-610544057
-1630909603
25563229
1889796664
-35445249
1315668652
-1100103609
1000817836
-1094797082
366190083
-306959841
-2028022404
-749539207
-1130847121
129087497
-1880514970
866272630
-1264226306
454478643
-1050205906
1635898747
-758426474
-498975722
-1187435379
1939252973
-708386814
-280421637
-281580439
1938343707
1883768653
-342133568
873417029
-2117622110
-759212717
-458612773
-1044526342
1896699922
-1011421548
44946847
834171559
-830171951
2056748619
-2114970690
-529186843
1531948095
1176920254
-839204338
340874559
124567835
-1089757480
-1457850225
1507389408
1456863524
-461140236
368132524
-1737841010
1988264707
524889851
-2070428479
1130046423
30905959
839093168
-1786985251
207474569
-798567822
-1739470518
-1582874680
-1622533274
-104227245
-1825136318
1861744967
748447512
1480552499
207448430
-682002786
176992098
481238613
-826279857
1207283285
461667480
-838230408
601225894
1907388479
1197524049
1158600575
1441500748
714197431
1921233498
-1302632109
-1547291069
-1195644371
1971686637
2041614088
-459506681
-1355002912
-1718409183
148209470
383111722
1405101292
-1417962332
-863768887
-850555873
-1640995705
1767257512
-389572204
1865219925
951697543
-1346057701
1850930626
1662919047
738826023
-1687816934
-641108715
-119981998
-791631607
-1001528921
-819857261
2032496135
824766335
-1282171496
810179174
-1920114750
-1165225211
-781441070
-44092925
-611977029
1071400466
-601117257
1549350542
2077699803
450463759
-1055347748
-666639491
-67406702
1232704679
-1501305345
1663517563
-47975449
-1103559871
-2041353673
336135566
-925047088
-1763681590
-1067576467
-1979236229
1731109059
1671437751
534265610
-2133751704
-892527220
890442314
1978247665
-1880409405
2125539681
1793477395
-527456080
2137793635
848524851
-1696943175
1198403313
-1331501588
1920152134
-926145030
1801804342
290372214
1977021443
950422255
-253201467
324830320
252710668
-1829778284
460234208
2070758594
1991616145
-669475961
19177529
875192370
-1391587103
-1371517680
76187556
97408776
-143499196
754308449
-2061562610
1317982963
874587399
717365790
1407580077
-67162323
1219673303
-1117562594
1538649720
-850338082
1337115474
-1615413389
-1693618983
-1261873731
-1241024549
1403751591
2096484001
1243305725
-1710674771
1803103816
2071373628
298569318
834212658
2146942887
-544548827
-1247242303
346552725
312588764
1001134747
-1713776520
638766485
1286742028
-1373572971
-679686274
-1111230308
440577006
176435442
188825452
530966799
746700426
767337204
1919997676
1944345831
-1588586173
403594479
89799514
960446848
1427284760
223795773
26188199
-1576321871
-1383809498
924843124
855826817
-813092068
773583216
-700093478
789057200
1610571718
-1739199774
1839926040
837297347
127127785
945167763
-600149458
-583679765
-879665655
1221099594
-1253530457
1287546406
549284676
-732745661
1524922125
-670963809
1626738158
-281478093
815880094
13342036
1605723741
-1653924984
1719234111
186584825
26231552
-932669964
1167935408
828694812
-1651285834
-1590812884
-206143488
1742819465
700701788
90270444
1602625603
-566102033
725395880
-1743831745
-2095144061
2075466690
-1884544203
1443085052
-1752901900
734517347
-963508259
1748549267
-360576662
376868478
97483086
-1135725303
623197711
-1901252172
-736112681
-1480800448
1326995024
1177247097
103438211
1051939708
1137272599
-157658050
-313898392
-2020345054
-1581798081
1541491921
-1154769856
-938620735
758568260
-442060284
405826360
-1927531946
-705525190
-1548535667
-1250153976
67501003
-458784768
2094395180
-1413556413
-1006027327
-1675203403
-130634478
-1096034833
1325044879
-787962519
-1477016959
-139642024
-1627800695
-1648012777
1607733167
1646110241
-524412796
-1873711917
-1115429392
1163915931
-1860043879
442761279
1892374291
-691183527
834377513
18569539
426661643
-1410859773
-2017528798
1264001020
1323783121
-305633174
978609791
988187636
1944725385
2124105181
-834451947
585705364
-1272870685
-1972113734
-1802965109
280221398
-139944508
-755025337
-1804578391
-747432642
-1682402268
-218468670
-1203860778
-992043254
1696359737
-1207980106
1103977179
165804456
-713349419
-126190193
-2102104851
-933195929
-492073204
1034689136
-30491159
-294432143
-45511143
-1882134460
-101080352
-1159128327
1945182849
1509233683
1530868694
-843959120
286247800
-182967658
-982114617
1685245820
1953512836
203698700
-683858198
-1023457429
632962400
-583596722
618189880
205551589
-598031070
-569889759
90052399
-584217055
-1981360225
-1978082101
1190978771
1684803290
-2008177138
118444776
-2071326987
-50461887
-78320661
-815216771
-1030234953
1014071605
925148445
46814797
-1855903922
478413488
1918206554
921330795
-1698496759
1348419716
1934081994
1636916240
-323150701
-977501112
1824408042
2093601198
-1447976332
-711547508
655629491
-146446779
69268189
1038231123
-1876891398
-1921189132
-2077844060
-649715006
776113177
1365772754
-976704884
1380452372
-246852145
135280638
-394607670
537347792
-798123932
-1962707724
1313539268
-1027247042
1296310032
150485794
-1807322853
-112554218
-1290197347
706528698
-1442883605
-50570373
107985995
-1430040631
-335534255
1685785127
2078123763
-1347768184
949580845
990158566
-967164306
994306290
941767208
-117192120
228119863
-397773162
-575825928
524692113
997038158
-1659994194
1537838050
1033971700
96864607
-651350929
219051136
-1769218048
-2018740445
-1369128542
-805348924
2124928090
-513796090
1509380211
-298368452
546918572
-1677612278
-672657528
1654659223
-1104430115
-85015830
160215381
1177806183
-1630713726
-370925694
380455854
-1458478808
204519571
1705097581
1359127709
-1816583552
1872439393
-1957600272
-292816779
1610149064
1884230855
-2086983402
-1791849178
-849419574
-320532320
1063306267
-1295866157
-228154932
-1854546568
399236621
-1935232607
2116978893
1518394245
1609625776
2085270738
916697102
1941243095
2114122658
-321166575
-1862839085
-244193330
1127364543
-160080882
102284650
-147237683
-1508698938
1192129357
-149235348
-73288916
1376734524
-475262917
-1239604670
1055142259
1764707472
-99157118
2076409834
-484358972
2058789759
-579981923
-1614727685
-936825961
-756980039
-1811975506
-2135483162
-1354930259
-1933159484
1541797775
-723145858
-920952002
20701216
-614722522
372741305
-1460685452
2061276844
-2102466819
-651035209
1557445148
1378445128
-40397295
-610037756
-948539238
1938738362
-1985525527
-1245975527
564188702
-1375998763
212873194
1523138600
354234132
1107891927
-639161111
108136217
798356448
-509787117
203354370
471675855
1937790155
1826127567
540451751
-1331999569
-1182430920
620974959
1239639803
-2042152095
97869338
396472274
-1482863264
-906111784
1030666153
482989307
-1511156658
-1212719728
251787859
-1027195148
1206204518
-662794730
-455307536
-535582994
-1218431290
-315302963
1082914362
-1573223507
355143582
-95680018
-1730535556
-837440478
1952800259
-1265023280
1319892616
1796079705
-959080189
-1226417815
1483103469
1223507093
512709112
522822420
487391849
627595960
2106491937
831912340
-1819160420
-1113315864
-1157641874
1665113432
-16589314
-956504977
689342618
908316672
-1464853485
-1148961821
1255108735
-516632801
1430336732
406238086
1343149221
551827266
608652176
1058830575
1299169051
1271010097
1247646860
-1398846743
1695665034
-211346572
262600839
-1080447334
-738123898
-935007720
-1901709559
-2059283737
632624167
-10541390
1834040349
-11221481
-1848154920
933031588
-1156080315
1242358198
-1186007186
1905393054
-39882322
448303291
-475623044
2090031719
1920661924
-445328404
1721306853
-1360819235
-1991456441
-756995967
-1139675727
-2130798022
1861708414
-1277643513
-1064680668
-439459688
986753580
-1684610937
-1047040500
-283905354
1772094626
1718335463
469899866
1859853052
45278548
-2037987953
-1357813260
278475964
818458062
799358799
-115386679
-1763121478
-1639729176
-1076187521
893952549
166232558
1361823544
-847677849
-866392762
911804551
-1688101432
-225256223
827365166
-1292361421
1831512072
-1948485315
1019747258
141523613
-1623788539
-1790759580
145240051
-1529322697
-1129125925
1750207807
2113882019
242915641
1226402664
-770320295
1633202219
-1369860376
932346178
361490882
-441480045
1788075803
1173703402
2000011830
965541602
-959705606
-1690004415
-1135046529
1036980912
101429769
-1947303366
520248343
-1755628295
-1039388316
-729714480
-43731440
-1646754509
131219276
1092717626
-1985014728
-1497715807
2102175201
1411043677
-443467144
-962010903
-1754306511
-2085740158
-198158724
551543524
-128941967
2112838985
1021292952
366514869
-1453605239
611695324
311958761
1165580316
-754480427
-1342256282
-701006917
648668684
-1714646743
1765270470
910430250
-2088356742
-205613034
1458101375
1283812875
535217015
725944427
368467187
310327308
750877568
-1370101506
610346449
-403174631
2135408405
377377451
1355484874
-2072429567
870023559
-1590714211
-1017009270
1012550489
-331450602
-1183260468
1855572966
-1112198240
50049594
-1597486906
1428573009
1875834275
1027424833
-1681345871
1514660756
844236578
-314267879
1999333007
-1724188995
-9533516
1674980975
1852748739
325289048
-1227989017
-1688957448
-256500011
-500777508
1166651051
1699434253
-439277711
-1268453784
1261054191
402382717
-1411781963
-545412690
-74297460
-563455074
1285891500
-1946978769
730308450
-811309659
1708219412
-714905944
1877811136
-758276553
-153409689
400053964
-525470967
-366833089
175698457
281591602
774753683
-1327746559
-874470627
461984912
890205906
-471128721
-1581384275
1189996073
1719646389
-2061266501
-137840310
-1619710076
624255311
820454445
1364563458
368283998
2000501434
1357149750
1932390641
1635509728
481500472
6299332
229481737
193258516
-1711833190
1491928279
2044658709
574408341
318974436
-289487021
1095357434
1843669382
-613355983
186273304
950582336
1176785860
1710197716
-1894393777
-1510015024
-2098962593
877404352
-904193018
-221323521
1952707909
-1587032791
1001605887
-943841846
932810816
-831427222
-2008149819
-1610208669
960330530
-1092186583
-1976443393
752986092
-624296387
1097662136
-1680534264
-1946066559
877424664
-926374466
348449726
-332469892
325721440
-699958250
-1623714151
-790402829
112671773
943182326
129536255
-1929550971
1538088485
-1315225005
-2093934889
-1641516202
141694676
-695535484
123741020
1781940567
276154364
417868837
796625203
500710858
-956446182
1698559806
-1880295490
1964891397
-1809030197
-429397341
834732466
1913871477
1934378110
-773651299
-437815066
555308005
457995881
-1528500791
50148206
-1253206272
-1347093568
1169137728
189042152
1977756436
2016119588
-1152000777
1559445269
533157144
-1574756519
-226028695
-229551957
-1042676752
-1563931076
-2042650766
-225554072
1964514030
-907568397
430211454
1424954474
712007836
-928368794
991950050
-1622699587
-1529080392
-606541587
1783007369
735689781
1691121791
1746666569
-127754797
-890544002
433502254
-760564520
-2130808391
-1091411599
892148933
1498088196
1923290164
1347937704
-1961072883
1957121532
42267103
-1396159916
-273634084
-1357566810
1178391514
-1357975731
1125463447
-885724716
-2026472974
349843562
427236089
143658933
309080830
-1330307054
-1200967150
1808840333
1318655883
1162467091
1968177297
1133677224
696371899
-187142734
87212613
-43401844
2089674089
-369364478
996590304
2144032365
-806719599
110620537
1089048574
407213541
1947208687
-1067557953
-140589211
154034404
-1173505563
-1190724407
34375054
2044258020
-1113370207
1078893606
-1903052700
264435553
-1220206977
-2006606952
1416125002
-1992443256
-908837973
2145042150
895605091
169656622
1047369482
-1484243216
1097608972
1412538371
-898908582
-724141564
-1127060563
1057589767
-556410217
839439727
-1609319759
2143657531
-818381408
1551803477
1817715410
977132700
1854613018
-1256511547
1111131801
589952588
1301257620
-1633354745
-837572315
-552964846
759600364
-501315784
-1117111510
641709572
1005003504
-149013224
954741820
1667519362
-109246137
-951661534
-42599347
-1998972314
-181673070
1298958301
-1709168268
-1127606663
592684237
1542890610
-2022386193
-354827736
699729659
-404744323
-61746581
-271612553
1601884418
-2019216857
-739428222
-930369484
1039603411
-727168908
-1921638012
1113219952
-634267699
191429081
1866696057
569777707
-1722245277
2022633233
1919125094
-2015764146
1895107579
-545119952
-1614959665
-1359143203
-1849008103
1347943928
-1977691523
-1643976596
-1483177540
-1484915350
682480769
1435046098
-754643960
-687899488
1605643640
-1210370788
64050980
-657591847
1654005519
1377362116
1519295077
-800076331
-309716535
1142767907
409963691
283876963
1213689343
1718230051
1676224267
-326482377
-2124379864
322895416
-1345688146
-513516031
1237140314
1830867856
-359832840
-686026054
74318097
-526032760
857835756
157685056
-1409766098
-459715230
-1181575986
1201237797
659345217
-1982940875
-1561052919
-1381543741
14434826
1582139428
1529227603
-1720111981
1974095420
226353362
848411918
-1597721666
-974443131
1131973909
-1674259471
-1001748492
568998346
-466603543
-547102489
929937021
-1936896841
182555302
-1025032394
1264537741
1831867254
1651004277
716584420
1962587355
620387005
-822546688
148131157
-517710220
-327117042
-1667771544
1929108280
-1773777717
632171834
783342203
1678436516
128080149
-1880277210
-1280208602
1205196413
568593619
-780664623
-2034499032
743793692
-320811600
1023138197
-2001799160
2052848686
-1374784884
-831072852
-602150327
-1269273636
522556888
29109237
-1802368549
-1721079764
2112239908
1486150648
1143546067
-2140174938
2051706357
1648207911
162412894
-686534
-253954085
-1705775002
830423027
1600725345
-593257533
106377421
1916933319
-1717130623
-2140860279
-1627576148
-797523834
1266956693
-953219887
435350991
-1213480897
138623501
-1321144809
-511348734
-1995006817
-1538161678
168432899
105918679
-591249311
-492805299
-284454143
-742837338
-811089403
73019849
56890641
-957519404
-1122134849
1545954967
-1043040293
-645849256
-1470868302
-1347534703
-999714555
17574779
-766008739
-1038192991
787003849
475130334
-1518550699
1522293348
-1528697151
822165441
1469050420
-496895735
1596168453
1259942273
-1280532527
-753580417
1803113591
-1262302110
582756272
-1660236081
-698333348
-751212401
-1185323588
-436409915
904978223
929466206
848266035
-1723298602
-1595472207
1600573911
-338368287
-1159014595
-1179702972
92404598
1057154192
1401470054
-588277895
1903660336
-1105350210
-1168346992
1248534759
513727667
-1849173616
-2122679379
-275581122
-1132940302
2037849607
60462732
1374367387
1815440608
187720817
380548665
-2050592995
2090501499
-487369951
1716840867
-1995265097
1658777611
2136315489
181857663
993653319
1791337387
-866582361
-818636180
1337436391
1991389448
-2037974521
1625592152
1647561859
300638056
302969577
415812129
-168098644
939267566
1934413307
-729094017
-255614806
1013126427
1391949160
1013873440
-1491283497
-1580841832
1602686793
31820052
149337898
-404317902
-1570405028
-250211989
-351859182
534632228
695423987
-783982308
-361259900
-1358973796
-1886006226
-536321240
1627957335
374087800
-928811668
1868975870
1594036175
-554127024
559258110
-1173530335
1803212662
1081311416
-1708192995
546261511
-656654030
-2120091962
-809420770
-1583997116
21676180
306334161
581547235
-882959641
-1878368147
2055124604
423930772
-1865620188
-1079939673
1647162354
1269314959
776447026
-521569455
1999284338
189255580
-1666437514
-1557916677
115794445
1373527397
1358543585
295218243
-620046418
-97488860
947893141
-2054772049
-1074006437
1881130142
-381448498
1821350078
-23363911
-1348195249
-412036609
-1721052871
-1260964139
-758295066
421765947
1341472718
317518881
-1993070349
469798102
-1547368994
298729916
-2038847266
571627340
1787959445
-1172199691
1557959450
1603345760
-1623053253
-818720239
-473027429
1740897928
-529039159
-302044340
2080502405
1046549384
-882416705
2056950813
1912283685
1659210076
2058779444
501503678
-657044444
-560331174
-429511122
-289043989
1480353529
-225067624
1455406643
-2051642135
626005151
-1688939382
1977542175
1122402249
1044189064
-778240272
-1018752456
-1617470483
-1105399088
1991603438
-1878293121
-567406389
-362557002
-760895620
432275528
980879601
1463439943
-1199548672
-1945322483
-1999324344
72499035
-319360968
1827262590
802270364
-1424112187
-1731505315
1565742555
-2012052133
555798725
292841861
-709830522
-349356132
-526960191
1756113992
593490387
1320595811
-1507737804
904135590
30087715
-165152989
-153684250
1158061607
-1538062288
273777283
506769245
45918020
1738420649
-2077634204
1245803667
31195141
-33079039
-1860038365
1425353704
369057259
756847747
-1995754981
804977497
-1497467889
-693101911
-516280467
-363991054
-606270838
1612193710
1044549378
-1185605759
-2025215977
-1154031518
1300913617
406520204
-1809141257
-1746405828
443231325
-343417980
-1128061420
651161781
-1245196415
331652153
971395945
2038149075
657910127
459338385
-2008796000
-461220861
-1570865419
-914560140
-1471262468
-533342421
1377639682
-1479376118
-284211335
412852992
-371109271
-1257597656
-2024970192
-1624786796
-866614812
25944327
-1259143168
1162493234
1906987098
982127670
1060977259
-410484627
-821677212
-922349359
-1294156355
181915510
-1717771251
936370931
1916888434
1652664750
544717273
-810673816
1778171609
960375420
792474120
2060809639
1069362164
-173360033
-2012600549
-199809282
-1642213214
101738822
1485274263
1775961359
-458904065
-87139297
-166444280
610172282
-1273851893
-554539091
-1018259384
1896360155
565358985
1825744542
-2051160063
1294678774
-1957021143
1578666204
-1980731281
-1198177743
783284968
752804387
-1496207510
-1628181950
-1939927881
1535757779
-1430938717
1036498472
-395233958
202931206
-1377989075
1584653662
-1359989101
-216122395
-1556545473
-1471481778
1428843391
-1215211721
-1053818568
1752860675
1322866750
-1670147270
-1114601246
481322275
-1859186727
-46044490
-1719129606
-1401015781
-1095134112
525489486
-517478161
-601887589
-1269197485
572895256
-712492310
614275653
-1417924541
1144855408
1165979918
-1199338336
1184733111
719217161
-1354951680
1022750802
-1928018861
-1641792188
960557993
1136106382
1753650230
157715140
-1152585926
797069259
-1822360412
-1351104702
1281145200
663347894
-358272539
-1681988963
-107012839
-1797455256
-1202591380
-99499724
-1876916778
1133611227
757930554
1218838136
-410070751
1302205082
-490807420
1051903164
1283107729
86625463
-951754349
-793260466
1945828956
-214520318
1334044907
1309336523
2111516958
-317091977
-1546813521
-1685165137
-1379580968
846649336
-926038717
1384701739
-1419442886
1571925819
2006505522
1639856187
-980293340
-853087227
-1917486510
1734978807
694240106
-1687408232
862114598
-1782100952
-2082805033
-2090930071
781022339
-1497215202
-1473869708
1633041941
1509786997
1465267391
-1532487927
-796542826
209860450
-1786906141
65427172
-1982928719
-243472016
225313503
-1568785960
992073650
-1653563868
-108361121
-1508734072
325373019
476096331
-44717703
1515674085
-236559591
252947484
-1280488194
1833755124
953972089
1174302110
1432529938
-1699347244
-1817869095
1726737735
733615102
-49116929
1789500514
867097061
737877316
539339728
1259527733
-964532543
992386547
-1969895612
-1218105372
981397761
-462885571
-1178988540
-629163485
233379662
1194609734
-1200115806
-1744162882
1332225974
1146652734
1348452131
-822407218
-1332017198
1764370865
-682367555
604198695
-1504642261
1176290589
1410310113
-713075436
857598937
408502468
-313494918
1750308678
441981293
1561469891
-1573417353
404234504
1913082384
-958053788
992192647
-60595785
-1473504789
1924881327
1357515043
-1674994063
-2058918710
1200323654
-1857939247
-163790068
-646855173
1550924402
-358159195
-700199350
-858047876
-1612570760
-1406757109
255872330
511373652
-356527567
-1899020092
187406912
1984476737
533321433
-85570002
563925608
-1177558382
-53807066
454431943
-1593592009
-1803159466
873180572
-1484593933
638840531
256723894
861147935
-92247043
918509509
-1238475105
1868383689
1957474907
-2133498899
-556215645
-130336258
1992702517
860401334
-1071180511
-1304076612
149357096
-1149549943
820914594
-1869241801
1898344518
-2130361978
-1256900986
798665636
-1958712991
-1049565839
-2121877537
-659333547
939530377
1436682986
-62423908
1217853957
168897234
1397668833
69063145
447638645
-960330918
961637703
-1393196842
-524769225
7449481
-1393236983
-1311538634
693966025
503743386
-68881095
1559661769
-689148956
1935341402
1231984014
821027229
-1967024106
-1981629648
-378737650
-195954000
-960927602
-1952230052
1189633033
-1958150182
105983542
-1664288893
1531427401
290137577
292132359
1179184234
742596998
390945805
1554797719
1570414082
-1244980705
-1697977482
1953003254
-792954972
-1190262521
-306909893
1201827003
-1485690724
-34530819
961067645
525475673
1797130987
-135194369
-1004881204
580561590
46117448
1974660864
-1869269816
1366067966
916318056
47363544
184616203
-994290765
1316918143
419141499
1059610438
59065352
712204293
-951980947
-1140720214
661671023
1768558269
1750879605
-640327032
141384048
-2044998158
-1594913648
1529811003
1830156220
-1427698429
-1444099800
1426447173
1536009602
2077463842
-817884283
1289796279
-1123719936
1673063000
-1409199229
-1898005802
172844124
2054895819
-1572837755
-948374021
859360947
-825011645
547399849
-135219270
1111825010
1918533610
-1165533891
1457139270
-751343387
-757388205
-605836688
-1437184492
-1820865779
-1401706051
-556917684
496290749
119242677
-1255630697
-1700207901
-1721675736
1661763271
1347990087
-1186381880
-1106425112
-1261574693
1734081574
2051397313
-432404766
-532538864
-2135644465
1175246266
471655730
1557181215
1758993817
-182441989
-804134322
-1969781844
184224353
-620418915
-168900244
120804063
1303597452
190351418
684440097
2103581491
49236555
2035177955
-1457789878
-58072435
-588138719
972127062
-1321492945
1112309648
1190544034
-2030777232
1464285412
1778507823
1612350588
102492640
1113601778
-512252541
-698101061
661151517
62703927
418261214
779772744
764642201
859289098
1127759391
389448114
674002742
836046498
1399080775
-1230709456
3469817
-49129800
-1129681588
-1527565594
-561063171
35586665
-389737939
1225185383
37214889
-1165726111
-845819834
110291578
1651465253
-896354762
105552613
-1365498847
-1179209207
-1084617455
-1420045284
-1246453290
1231180375
-1404142445
1089825752
656020759
1970167211
841887221
837442610
897920037
1689773488
-1214209679
-1082976508
-1038011897
-304109866
1116174304
955037887
-1810945323
204613953
-983584092
-338160516
659025970
-583238396
1352437191
414510416
-1796926951
779355534
1255364708
1984360675
-921665571
231409764
505540421
1603749699
-262718102
-1217203440
330284493
-1159803915
790341840
-374829992
-373069544
1437746253
-2035805182
-596278093
-68843168
-829741313
2083174106
1242962424
690689442
-228800267
586169695
-2073509288
2034787712
-1886452894
-1799195062
532222606
1874324840
1404348182
1839523271
1385583444
55449846
400904468
1400979576
-1871087080
-230299753
-1643678623
-84798786
-788170513
761802606
-657412834
142219322
1390942666
44673658
1712304345
-178583663
-686761753
-1766182409
2016702495
421975663
1649832585
-809382907
1849703765
-1051543090
-1879369750
-1473351801
1100025031
-154966408
-1576370320
-1321229747
-1936186879
448681418
1955349535
2016105845
-1648509347
-920382790
-1455929265
1216979982
62432477
-1718365414
570560414
292247549
-1917221062
475586845
-1129626585
-900114140
2000138300
1057397018
937220851
-927372608
-1775403188
-1750073456
-297170001
-688465134
-395802297
-1460391063
1297321887
1133775169
-495291756
1156137090
1977277394
1630791038
-703277448
-847047061
-1636283753
1341706089
-1486106712
917284715
-1715640273
1183348402
-1361054177
-1390054458
1213716163
-1277517309
-152443342
1838548289
-378372712
1693646877
1129227488
1030889189
-895617152
-1459329215
1195734382
-1285053181
523039891
763242192
-911412173
-343572104
210273055
-798339275
-369718608
-1003091918
-1194626084
-326233086
1397526755
2027724786
1379093860
103525465
-1897353252
-2053196973
1005093601
1129797005
1205164432
-1579405814
1720115719
-1513661432
-1162974740
1012664942
602565701
-1742647698
-1734195923
-243944646
-1118564554
2084880130
-952760466
-1463272046
-1405292451
-1791609016
-479946366
1637662531
2019966993
-598523412
-1613119741
-1289665201
69126070
681750242
-1467518549
-327274841
160868141
111310285
-354083358
-660607174
-55773811
-651765083
252548247
-22315218
-1557513966
1593096339
-1142307246
-625739156
-317330859
-1359276257
1826855818
-827575198
-956008771
-1263637108
998080051
1240941571
1545500213
1632254082
-270505829
-89699310
209258527
1004783085
-365195914
1722418080
-110982265
-209495259
1357770039
1897317075
-1547295077
-1306060465
1176726688
2026510312
-1812213413
1877296130
1880375452
-1783158662
897701772
-1868968404
-1565605044
840393475
125306353
-152743625
358680159
-937081693
2072245949
453104231
-180832602
-459852000
-1958137533
-313263483
-672848666
-304362706
1477906671
-1847221311
814778352
1483264751
1813620601
-1386159660
1497549807
1703092412
1064963670
-873404315
-1949203712
-738398683
-106046606
-1059032147
-1719284984
-708497610
2130488604
19109725
-1176879936
2046973436
1597899074
1433737150
608188436
-1642640825
1279314909
-1601326822
-1476582995
2023332272
795967662
1300099418
1025861068
1277961181
-1905621974
-1617328144
-742108071
-1516124413
-1469696078
183316470
-6477253
1560268972
38343942
-802776937
-1461527574
204486329
393055483
-748163155
-1710656191
-1129325398
-1312645780
1895232171
-1582488936
-1618646755
1332302446
2001840573
1790457618
-326013036
-1240684857
1513173293
364037170
-1072631173
-671975521
-1213909752
-910453068
1933017448
-478445705
-570883327
-1152144230
2136373156
1454607451
-1061333356
-1205700476
1046159081
1290954067
-1285536914
-496335292
-1748649363
-1214180578
-227614197
-2108992334
-354959841
-2076278750
137536161
1466333372
-573065681
-1007049827
404122172
-1605673536
2066588372
468102177
610131498
-1351731427
-2013082551
725081406
628851096
-995887353
-516140265
909776000
-537360004
2003197594
190316698
2086676891
-2018800970
381713201
-467199043
-592994844
-1960221071
1626678520
1926972935
827608835
456005839
200692416
1469424859
1906843879
-848212539
299718418
132700923
-1189686535
-483073982
788617862
1304598093
-825920364
1880729494
-1421170860
-633752094
1630022835
-1347864814
1798740523
-368423885
-2021111573
-37129237
2011778113
911802797
426231708
-96918173
501697195
-1108632721
1498861923
-1618812118
1893920494
1637657169
1361237458
1690699264
1169042645
648848936
126762851
-1517584737
1931143556
49477959
-1757744472
1842788056
-1532940339
-166346679
-1033827129
-1191124740
256103873
2014790158
982422822
569334141
-1885247606
-856398846
-1102834079
-920912173
-660051080
-151019867
-485666172
-890199133
1917014873
-229099962
-789281162
1701117726
-138301684
-1013597167
-14552909
-522141785
-1006013352
515644236
-1067413699
1549378488
-1896583175
-234047779
-329496364
-910181114
1223373820
-1500685553
1862071652
608715234
823138124
644220821
-175834690
1212780769
-60679541
-1413294642
944859786
-899593537
1114162726
-2114486454
-1685788036
-741890432
-210283101
-2106177396
-1614432314
-499031081
-1633237956
2013549585
566926541
1968439243
-678719823
1085383057
-352733153
913706904
1185234522
-1833222780
35082147
825222611
1490227579
-2048760601
1613898513
-927013424
721048795
1244373311
-1092750940
1963993415
482362007
-492494627
-1465637106
118316085
1627552307
-284962972
-2036472916
2122380031
970352113
-304418168
1168757755
-125493539
831070566
1395281688
1038322505
784540789
1201583433
3873341
522802607
-1946224442
2036907150
1250179843
-791104194
1271220295
1723451058
-1009606631
-256311689
533744719
-977532072
1450880468
546228224
-1072033097
1783055125
1092880505
-1035329131
-791077955
1853536647
-820953413
2070726204
101610027
2032004268
-673638270
-1469792836
488284599
-1281667728
-1533047315
1399529807
-1941885011
311293319
-1657230694
-1086457962
-329745973
-1978374531
1702879524
-804824116
-1939988629
1604822538
-288189715
-1288477634
528898279
1465338794
-1958424548
-317096966
2128535864
524309357
-1542220823
812983238
1577342432
1394461195
860356887
318066260
284373258
1211082299
766730946
1122552755
-169098770
-1465556156
1319368026
2004973575
1139984250
-1300287277
506379247
110043516
1257148718
-1179530225
99280302
590240119
670747207
-1249487381
180324267
133604622
2106282783
384875194
-2060669216
670482618
1972948179
-1372815608
1887768181
1535437643
-1432896730
-627505754
-1524773311
1943301147
614817956
-842292474
1305361808
-1046427514
1633925386
324997577
-294556122
-1420665703
11548132
1735203990
1807219588
621234952
-1258872456
-686255827
1152942697
-1540949915
631229410
777703611
-393114469
1607828879
-1691621760
1705611631
509080806
1795161447
1097249167
2118034764
1874397029
2064722378
581361686
2115295809
-1889017345
988431290
1911576066
-766883978
-1344153292
-1950747938
1727079570
-1463182360
-1785862887
1879003180
-1733859083
102842935
217537184
-408035356
271839536
-1014469186
52720925
1245886143
121097029
-662739740
1057846277
-1410711960
-1705434479
-1938187087
541151480
1222200619
2070810485
1825929636
-1945021952
1962116331
-1785578184
1129236930
-1737688037
17050969
2052491820
911625202
-1909708298
-1183974045
-1870133746
-1198925688
-1810019589
-1752594455
1023275698
-869400802
84545165
1848721334
1656007391
1279471018
-314245230
1853179565
-1955228809
-1545751347
74896433
2053143618
464157403
1862876521
1183479260
744193836
352127629
-1812626571
-285014640
156341848
-230084842
817064467
1828151387
-41503456
242457129
1319550178
262334495
-145944900
757318408
1245852305
-734817132
-759436040
577964326
-1192721228
1366921362
1836105255
597220621
-651775782
765257616
1820233303
146150273
539539166
-1992161433
1077895109
627033829
-1282709379
315497052
889067155
1823238878
-708633047
556380
-878253128
1284240949
-696752868
2087114377
1175952183
626935553
-1531381073
1931841525
-695746157
-62315259
-269702933
1176943276
2081758337
587302486
-345843616
-1985110536
2131141343
349305409
1883695925
1370322655
555001828
-522035605
-535382656
-741987344
1345551769
-1285340616
-543709481
-244188866
-1874769272
-1669227408
-1392740057
-996976467
1758398130
-1423067360
1823897795
633514604
726127557
218789310
-1668630080
-1146134079
171517070
-1031251568
-852177281
-572474869
531720108
-662575027
-2056924278
526268421
-36558458
635787523
-1903696732
-544703673
-988946050
-1907250372
26955546
-1125178350
-27730330
1883999324
-368831137
796447052
-803731918
-2129612979
-1032611881
553548489
-1173398289
525761117
109278962
-708072501
842893043
1940598630
2136212093
1569284556
296794710
1191113262
1406257716
-1590586502
1077203872
-1337175791
-1821695077
-1073372158
-276725309
-542231587
1429715213
476202641
-1517634229
-911518468
1528919573
1307547159
1896152787
392014040
-1044421380
1096049997
-1101928261
-107063430
-947367518
2055211769
622942231
-1530581900
1510753681
-1777455504
727585002
-904617727
1799434574
1820088412
-809731693
970581098
887117554
1193364415
-659220090
2010810026
2039958010
1465019191
2065420095
-652236460
-1935108006
-2078036349
958394740
1221122740
-842698537
-554505147
-1634676854
-7405771
1235933846
-625509367
755320137
-515773182
362959343
974877829
-918792750
1259445742
-1649484154
-1930163678
-436731441
2132679576
-1473448292
-889007685
-1896690451
-2083026486
121422754
-398333021
463709831
-496372959
1706269711
848911084
1821059491
-1257849869
-70597006
1912343782
302016545
-1768431764
1015994826
1993299174
-131943119
1334270714
1232359189
1466425416
1140400901
1091005418
-1834280922
-1332517194
-115365945
669942611
-99332165
-287925591
15539661
-1811672014
-514173234
-629465553
-218328309
2127142870
584905515
1073840111
-289956919
-2019711874
1177043778
-985168790
1160158357
684479040
-1798923458
2045984643
757546873
-2080626133
-1465213098
-340278720
1098418289
1520626608
-747622558
-183476014
-888193769
990999613
1518860208
-614738734
-2112056416
-1838451414
290110232
-535773235
1482448139
164242392
-1003574707
744051202
1457462934
-1760081897
824859765
-17032855
-1546137996
-618640184
-973718276
-1907081993
1497114557
-1942538557
-157908315
-209999840
511822246
-1313757702
-224066591
1156442781
363959793
-1493941026
-1619821468
1578291311
-240254298
784026113
-1382803468
-1970538973
1075860227
657911804
450844291
-938418858
-1874072656
-1482881134
-2081710720
-1269217925
407254582
-700512235
-228849047
-1370632997
1862584242
-1656339960
-844014940
-1632428579
2056961733
1915623429
-1012859761
889465991
-1709601586
-1288805919
-1063019051
-579581884
-1726439845
474373645
-626144509
89785831
321558236
-1782917826
-1541770150
1741702639
2126386073
367023184
351824870
-1788159220
1012083173
-1707827097
-1033293617
-72313630
1338905747
-698824361
-1211065362
-1545293044
423806121
1152351813
159007139
1086719074
-1340323501
-898004850
1297259749
9057919
-633453798
1250201831
161437593
-943711875
-672278955
-601976124
-326941657
-752100350
-130887457
440574462
651156555
1583121280
-1489438966
924444335
-1972414168
1927947447
608480210
1815475040
1573894306
-717184898
1984784469
-1634215578
325600236
-2016220989
1887680130
-521560184
-201823393
1087312336
2049942289
210108133
347605901
-1590971441
1655691954
1027901972
-979472490
-227843952
1378936456
1119789708
-1335450439
-1560596088
355941336
1713627206
-1404243154
-472010212
-1148316931
1811599265
1844088882
1839442463
634927519
-678090364
-1554915998
315133081
1998541860
-389223991
1004456268
-358576438
-191806875
-166598695
-430693054
1449306990
610442149
-349842029
-1609038734
968431169
-1597475394
1113507953
1122924595
-1914248251
879422364
-1859735315
-1531757151
305785154
1171592943
720397345
998781035
-1569974003
511602972
-968811603
-1980262678
-1945641203
861196148
-268988452
1726389110
-1156103814
-1351782745
1340608521
-1507490059
1822280168
1089913210
-780714689
-1389326156
786004611
-1544816969
290671391
630019961
-1001958500
-391746971
-1996100858
-1604429864
858533220
-1116178887
-1072216722
-1903758395
539683318
-2059381428
-484661868
860872554
58540954
681119501
-107758757
103089979
-705381561
-281371272
638949232
-2147269818
1094544233
1517929095
-411384402
1404922831
-164314395
-1276428055
-683923006
581280539
-1732088743
-2093650959
1743946258
-1969166196
1120003496
1331053265
1485878490
-327661331
1265601461
1364429575
-65844328
312229903
515120749
598580758
-870203222
1455693716
467009803
172285561
-1782283468
-2128834806
-842548585
1693255636
-1541614265
727021883
1019181743
-353841556
-1137055681
1443953346
-2126797175
-767852071
1224268651
1295656417
1347727927
1516611321
1687388403
954445714
-1602434515
-503530200
1230769398
1773918683
953291008
-1193434451
1247941362
-1021038746
1949332848
-121877386
-1717602967
-1630477232
2021418152
2060109064
-1978520640
1069346881
-630203197
1583130288
-2095971735
-780323396
583508882
-787774210
-1115702972
114182839
-213473892
-399246989
89990210
-2082621842
-320749211
1424639865
-516672949
1200142451
-993623309
-1174353005
-1767047583
2010639625
-1072458867
246000084
-686731515
580936371
-1371414075
316698517
1635657689
1353184519
1286194617
-1268802463
1902793094
-248250169
578790805
-693025228
1496513503
-1295596239
-2141725093
774458597
-1882333626
1967195797
-1996884762
1737150687
-1059947954
383960616
1866945323
1140973847
-50174814
2046763800
1450841538
1849005113
160610340
-1578845984
860138916
-658112220
1811355481
465374940
1705204278
1674365593
1091624963
-650449633
-2135113850
1026437678
665548047
-2011649404
1480531155
166979208
-1588018511
-136001533
897312594
-188088120
-934321971
-2001965755
1381748015
-2109086395
924710808
-34039175
-245275439
-1102709892
-2044867969
-1819532440
-1332671390
1627681092
-53965497
1369294791
-579289714
-813269691
-1867257995
1848310987
1929042314
-371403606
993479151
-306889725
573256023
-43956203
669448930
-1467683999
-155333049
-1581728813
2069461990
-1482018151
830160576
-167776432
291155552
1470452142
1076259647
-2101819443
-704488920
186993864
-159631457
-868937137
1817836138
2145714507
-2018151269
1805054170
-107481903
-1482950618
796386705
-783391009
-743137567
-1871083160
-190095736
-696338190
-813714012
1895179544
-1267450252
573412287
866331528
724555077
1877264824
2127113790
1164603527
29642075
806037739
1538382629
-1208772472
879499960
1109004254
1615248798
1625424901
582994558
-590982946
-1581476550
-1124045075
-792127318
-1059856331
1711330596
1840941514
-124814235
762383351
-2091222375
-1137409754
-2031049318
-1515787270
832394903
-901179605
-1643462712
-485339611
1306246868
-1021496439
898076184
-880237843
-1613899279
-1904079460
-1099647823
-142561763
266664687
575493324
-297352373
-162594859
292863970
224459575
-127281918
-272467500
-456988701
-1483569523
278649196
-122854151
208278602
-96728260
1870256877
-1649681658
529197341
-448842292
795530825
88115367
2047492290
-840628597
-139987078
342690738
-1798150404
-1098177684
1724600259
930836912
-1527214316
-507911124
-1286907644
-1744659812
-1861813930
-1353941835
-941958576
1770488810
448756671
-1727600185
-787873348
-1682325558
11624947
193692629
1778304889
1013554349
-1053239180
-614704084
1424485925
2017116424
-282241263
-1045247910
-2110835619
-805421225
-1024999781
347717581
2091158422
1573611108
-945807905
6156217
-1708824531
144626120
1890472399
-357521089
1558216379
733707954
-1288178430
2131299787
-1568177490
1753344230
