956308750
-903200301
-2109018671
-207121901
-1427565146
-954784184
-1946662400
-1690967067
1366683659
305070609
-555670562
-329915692
506706767
1583855050
1656539094
1631471533
-1177645798
1351518012
1075199513
-781578423
263727380
-1211023631
-1078928735
612197449
-1383646582
306383626
240601458
-48041983
-1830943669
843856719
-891774174
-2001156428
-768496941
1364273799
-567601765
979591938
-1397130069
1674438921
-1092301536
1720738973
643816719
283737234
-709473907
-1906702781
-804997936
1281149273
-1332495390
-69763352
1090227580
-1699317664
1107134465
-663371215
1521334971
1858498317
-912185674
-1741204439
-1930742277
-1735349255
-1349016584
-680451026
1559957583
1137745158
-1810416274
931504940
119971476
-1290583370
-557718220
1904118029
814269397
2113909946
-82662178
2121858416
-409141776
852155337
923294908
350164888
731912313
2102162611
1984674655
-1180374618
-2020693539
1593356469
-218871460
-1519482102
195804874
593692430
1844868431
-773335497
-902015026
-98300974
410160162
-1293038186
-2016764610
-230334467
1154214287
-1531651140
1192095065
1240731339
1994665187
-1558813986
-624744276
7007301
-1639025149
-773632124
1989337271
-1928607457
1342893748
297837180
-103199536
-692613183
1738220566
-605149679
771631431
-1629315421
88339569
-391724420
-1672944438
-1109134371
-514190029
1791829403
-956317685
-825033218
516060473
-1752256032
761709471
1513170459
1772093261
-1663965045
1813884969
-1663473877
1186758895
1692713755
1101679799
-1249802606
215136600
-1808617471
602847083
599638523
1589367995
101787287
757177437
19990122
-186460211
-617806257
1608021696
1973486736
-1450918009
-1911409361
-401457086
1783019105
-1502848726
-873844356
87241401
355019235
541398659
1210419893
-2067234821
1406772553
-1685036432
-460360253
569713676
46495808
1845311906
1133113453
399979902
750980743
882510756
-752605167
-1069066219
-1966794811
-1202378725
748951440
441071017
-554182506
650132558
272076938
-1767497392
507115750
1364174056
-1894767669
-74626885
-2010946686
-1986619396
309370116
-1536223264
98700012
-1450349750
-1016461891
-821447975
-1000495250
1677687488
-2140052598
620669451
-1416576399
1595044675
-1697208964
-1078178677
1427546894
565249454
1236825306
-1514193732
-1949110299
280970778
1368907025
977677116
1469127213
-1432405152
980025064
1976294400
-1631132147
-1292868901
1899315959
-1942365763
-1887001559
-304272270
1898626905
403209097
744681598
2113254101
302236832
229056706
-2083583374
-1849215995
427214345
-623786194
-1918625242
861146650
1528172784
-936943773
1277490959
596132928
-266467451
983991145
1365197764
1661128706
920638144
-185830499
-127798504
-1874050358
1657847698
1064074711
-1733391765
-1911063640
-233456804
-1718340913
1791735101
-357468846
-1897552988
-1775039044
1144323587
-2137952149
-510370555
29520445
1481424957
2135621128
-20716185
-1013635971
-1196251192
3649135
995612016
-775708783
-491630224
54945825
-929364678
1830612515
-1767710519
-88429798
97404998
-189142699
-364273858
948323414
-1672317777
1649082847
-1109460886
-1316211305
1611606434
-1223231622
-982095962
-1161570971
1641744653
-1071439232
1535060706
-31495338
1824610454
-194759725
-2044932424
-913716081
1145847246
1147178750
-1921783874
-1383940982
-658896474
1570480795
1442352411
-887482856
1769424673
-1481383181
1553033308
512098473
1302233419
-2087499029
-1136955768
-191842869
551154793
-1599305955
1795659377
-1042375952
538091121
2134716229
-804446131
-69880973
136012476
53457374
-1165999484
-671371555
809383161
-943860212
1959153610
-131066013
2122088292
1251932092
1516087920
-864262989
1119041592
77292041
-1107224329
-1634994449
-1008313758
-1089442847
-1546432538
-612745735
251573622
1887910632
-2099723043
-691695375
1266698470
1345999003
-422371607
1092188667
-529621392
-1350285896
-118302696
1066105413
486004696
854874077
269018192
269584968
-321494057
-781472401
-383028900
-1767253427
-1696297389
1215329213
-581036985
-266365134
1952210895
-1743635612
-1325467667
600881005
-1477345244
1485649652
-1413488434
1905595473
1419382897
-24100909
-854910427
874992528
-273239985
853788001
-970874824
1467245824
-124181943
1835928157
440474610
1832818849
191644554
-596421498
1660257198
902664414
1987529432
-38342011
1419998549
1043633427
1440842433
168573961
714448298
105711695
985330451
-1422593996
-1683439388
-31782822
-2057196144
1239193141
911685756
-517048071
-660426270
1549190197
-308413880
1458765680
-1921999668
1757442167
-180192055
-586829241
1979291298
880980154
-1667101504
1959756113
-578210565
-768111647
1218996230
873437673
-801487964
-1143488043
-1189826147
284248959
-850941737
-467489366
2014384897
838676562
134928555
94348800
1318231748
-655516034
-374764594
1906999211
1362905177
426419513
928755058
619910806
433653039
-500032935
-498223995
-84803356
-433165567
611613721
1437785124
-313339817
254435180
-763909349
148762449
1903592949
-528241471
1884337
359570402
859249640
-1576103908
636912983
-1341357892
-1153480283
1317246133
-1502459004
872966977
2128078416
1082675317
-2073218399
986675206
-1992389281
598660556
1202460249
782437065
1773103485
-585503039
1716301331
1472450977
2139507120
1673622858
111845564
1802323831
-1384553283
-1271702307
1671139529
-1209898572
540176074
342049094
-1450089348
-1348233925
1102112069
-1293709637
1717718629
-1963934054
1680520453
-1627351251
57301547
691698043
-1026646354
99035360
-1565359732
794264416
1864236376
1099266621
-939160159
1786496399
-993406094
1634631398
-1499772826
-834076086
1448690148
-1980433909
-1350122887
1965072707
-1600270988
-2093686277
211595554
274812750
-2074339734
-1642665730
1263741075
1504863576
-1026169227
1237532513
1533818480
-1305851241
-582174513
1035330257
-1303306096
-12827134
2137137312
2096631532
1713130501
-2094173437
1789768095
52929301
917246041
1587006827
-180990209
221155719
267975450
1165854886
-17365880
1662626732
-1416738919
-606198225
-1703555581
530538415
-1347711250
-152961211
-202051366
1373387599
1568863294
1875391967
-1607611392
-1210824714
1836536128
1208893660
-519159282
1101370377
-999151876
34047870
2061509038
793345409
-526297387
1770962969
-388747204
1653051834
577300426
-1394473465
-2090812759
-174713205
-531276808
-514467106
125685923
-1441689450
-1231070622
-1583708444
-775451150
1152768736
-191254284
-820867902
-1640950235
769172387
-395382075
208675960
712582765
-1907465629
337917596
-524619375
1362846152
-916448450
-768951883
-1505859433
327662433
1745453960
1679977157
1005885384
832283446
-585344105
-536108742
-1727510775
-286336773
-1503718950
2135327942
-867917030
343935294
831128368
-878515938
-67639286
1147902155
644344950
1638638078
-1187922195
-308723119
-1366072990
411341681
1922908877
1005808196
-2137760625
2002977358
1120002270
-77247227
-1531036457
1528555781
1786087412
-1475646656
2136982504
1941722267
-436348103
-1764501354
-623121903
-19132942
151346202
-444444549
-1101292707
-2019880114
1986314113
-2115619488
1882567138
-180443628
470803017
1146019347
1194049882
1164636371
-864481042
-1557342874
-395343886
-1287485048
1152685700
-1550520305
