580834187
920672065
354452243
250472714
730027878
1159229080
-2129104767
194577784
1727723441
1554630541
452764064
106761938
-790148484
1783240940
-1517568687
-237274411
1334244057
-830632092
-798432954
-1697190007
1617536466
1725964650
467874333
437097416
1751845533
-917127844
387831984
-1706466303
-780211698
-1114851862
-299237205
1016762169
-557031092
-770699087
212446302
-1049878446
1027410887
-841114840
1269526995
560166800
1602246761
-2142377537
1406956835
-520136616
-1479377397
1029350724
-1053871099
502501178
-220609750
-30291319
803927719
-645237712
-320598822
1540014148
-973014592
405130535
-1862670086
1159489333
1942070758
395105471
-1763997784
-1428060018
232613916
609053007
1833916407
1103840910
1564606383
-967661525
-1603191841
-1210616978
958289217
-432834264
1663862644
880472705
-245092571
-1008742816
-17154213
61769622
-1916774674
-1266967502
-2136978823
-739329888
1400308802
2091044236
1531284204
-853170792
1562091763
507623531
1744441918
-192939358
-554157489
971101859
-1911429929
765223022
-1687538761
-620575013
597950644
-1231614239
-2134962578
437508571
1281792854
543778291
-143304014
1562554378
322751228
-1976586022
-378329584
-560485583
-279376109
-1167755416
1912896244
933312645
-870618131
-1488256591
-1198930561
-159697181
1778978225
229437936
233255325
1204813149
581346962
-177137494
-1404873131
-1304115724
1339948099
-203823341
-1296776605
471564455
355096746
-1096539215
946028035
1492144812
1146016211
1060685119
-979708401
1631143421
-65757913
-194570285
-1566833588
-359469803
1287578077
-1581674430
1289062656
927792891
918863535
1069150659
-387331641
-1185534081
1144616657
-291526190
-1414870618
819382211
-2024408546
-1892841898
1129647712
-1514290436
538328212
976366085
637732616
1702654842
1930432770
1483793159
131581911
-1217858587
-875529473
-1058093095
1677274943
1929373896
1214753822
1291468404
341755967
-4041133
563814495
1845580205
519831032
2129956444
-558330393
-743606050
-1474202495
810515111
-327443469
1325512134
-77948170
1275447142
-1088187126
866266285
-1026962729
311603714
-269121422
1094359756
1381402766
1038123035
691703524
-26521878
-1255753391
464577229
-1466882430
-1426421686
1511318058
-1223570891
1365498376
-226336828
-1939684269
-1437766349
-674846910
565288753
-1442256185
-1804826256
1243601085
1085811468
1710816533
424550306
-182958399
1943921237
-1817056394
-1446498290
1150956414
-640870216
-2015213534
-1233568946
1298478724
-1408758034
684089822
204114772
942730104
731057507
1303704537
-669022034
-255895548
1213400345
287735480
-1515282421
-1948566257
2134563531
-1733255441
-1052476419
-1907505362
274710613
-2077232046
129668864
261771865
-55623597
1978691307
-1074370118
84292833
-1450713081
-766700275
-1336493692
1868416417
824146815
457021097
-171390168
-1085861517
1202765814
-321306145
-4751892
1275458533
-652515206
809250008
-2036165937
-425949395
-1623646001
1135913170
-347298798
1382948697
-1729940845
-1762897284
2119340281
473580746
-1966907230
555832195
333930962
-72850974
1070372027
-1950766740
-1717835722
-1443620868
-1377942685
1707312548
1154064270
483749788
769632777
43195093
1135383000
247420903
-1144108182
668953466
-1984936789
272771413
1963806262
-1681592907
-2060455304
1627856804
-268852749
1110317151
-97872878
213188367
1503727138
1754213729
1450147439
1079859392
-1279750241
1340331329
282106032
857023106
-405755827
-55418881
-1036816802
-145582662
1670153457
-322846942
-450190858
-170554985
1854610782
-143880947
-1957330009
-42025848
-1543523630
1363981718
-413413287
-1060257554
-773238624
1134597080
-1825055503
1090814226
-1129368818
-1937532600
-857624109
862621273
-773703552
-870198778
328325799
2115612598
-29245227
-1381049739
905637472
-765435041
-1809539312
1180572173
-633007238
1918781379
1313669435
706959215
864486530
-783704134
-96963961
48232889
439113947
-385063426
-1838457928
-1408070885
1030821310
2010817497
-1890998849
1751339178
269929346
1951072032
-637246808
1086458739
1509409565
-1315589281
591306934
-613009709
-1352597526
657287765
-729166901
-1916512250
778312108
-1977047134
2063352077
1507865340
-975293742
-886457410
1479211207
1309472883
1912704764
-1277267411
-671520116
-28720831
-1962701379
-619712784
2067861409
-654710031
-999748190
-1194430658
2072258460
-169989742
1518828403
80470387
150315848
-559127862
946934200
582191176
-1269147189
786540081
1860635774
310123845
-404362230
-699738404
-44772006
-1198184845
2004351564
745921079
-863802450
-492342444
1606717469
-737779689
1877249322
-324274921
-12785036
-117008370
843670166
-2036636153
154926104
-1644337151
-2049919795
-1205046203
1850496062
639170552
-787157492
-1254267978
-1718400137
-531257547
-178099348
1843485502
-37250360
628539015
-1086135636
2144915757
-1445478118
1378317279
-1271734220
2143275769
-792274220
217060131
-1709006506
-1649155026
260886470
1981046850
1739837142
-824225631
556858184
53315208
-1959142484
-1300935189
1529131682
1654860082
714804232
-528500715
475352494
692873540
-208901995
-1432046192
-1765567044
-1480919910
-1702682111
1040625255
1877524149
-767593923
1398417597
-1462762825
1846496898
-136847368
2035481857
1495217246
977835694
1043182890
-1593509102
85948401
2114823241
-1261248804
1312729031
-2006654732
-886781424
-582358763
638632264
-1872585404
-1437390646
-514397843
1517492249
340063191
1676925428
1390149343
628061270
-1562379608
-83582816
1096645347
-440464576
-687917076
-237878119
242681788
42682615
2121376393
-1251148853
-1521721330
1607135881
-1510951480
-1934653983
1452633011
1556145195
850955336
388619823
1955517902
313651141
-1785579979
1642768338
219508767
-1757700173
-2123317574
1513142294
-1916536936
739107273
752129204
-1832885481
1263537713
-1855594856
942688935
1848536746
2078047736
-1312259857
-943398411
2032979837
818157931
-396398172
337319244
570659964
-792605431
-1874621548
-1130211744
-1205689226
-460343770
-164885529
-1957334310
1314861568
794841854
1336541848
1372591247
1983515033
-684580851
-410269900
-952135436
-256238066
808400541
645690849
910998481
607713056
-951074656
-1380992863
-1312575179
204793443
-728803905
262824152
-107361623
991372904
-378366542
1161598219
927019944
-1810216930
-1365535790
1120573162
-214118066
1868534389
-671029268
-934451825
-975277746
-1710737341
1011120215
-314261496
625243177
-233731989
-1645981368
90721298
-1572116836
2013363259
902896996
1400759591
-394576295
2036549654
1134236566
-510175301
-515953158
-1259744686
-1189122526
-1856369471
-1674427342
-167234461
-1012023558
-1609078413
-1271248315
-265377224
1279112528
161802067
651007417
199005157
818096236
1179592812
1062715725
933129601
-1422427202
875793373
-813924054
-1625759407
617394230
-1224735081
1563887192
-927967195
909096659
-489601947
-590895757
158247938
1174722682
-874293972
-1924615011
1690231040
-1641920760
1162439284
1860097206
-726595467
-876991574
-1457166042
-938993206
234271315
535217771
-316648553
1070646987
720015566
1914729230
-1032794172
468422783
956052033
911124253
-775074337
1326881723
-2046626478
966933825
-1921281270
-988435759
1032428371
762880468
-561533855
18689606
-1957290773
-1553156940
-1438085570
-384750392
377988341
1790145626
-487005257
-424266146
1776211367
-634403286
1569641067
1059182305
1348647927
-1920339956
-664422786
865811370
-2083056327
1531746106
-1778836767
-1259077492
1520356108
-942516133
1293971926
-429107196
-1494234761
1106005201
1496273331
-1900739921
1340838734
-337964722
1884699109
-942355973
-1736296230
1253646765
1641817143
-1730252255
-1371827016
-1190224385
-1467390380
-1312860334
1163719425
70503651
-333404278
-1052890576
1721730731
-525799654
-682955056
46432127
1997426990
1692350553
707267850
-737859812
585654378
358089057
1829037962
-1120109011
-1966176569
767330125
-1630705958
686239897
-1655574115
971099178
937954744
-1801511494
1214988758
349269196
-1467646879
-1013623727
1824000722
1814659039
1766745106
387668410
-1579754614
-1330458052
-620843317
-904056736
-1239927305
992875645
-1524310187
881906034
-700639052
-2092053038
1646849414
989269462
-899547422
-807655402
254681796
-1621816739
767523403
1332275485
-1919436089
2077018937
-707277879
835530063
842026146
-428965205
1161502184
429373305
-814727165
-1320970496
1820476874
441313762
1298125497
-1271950403
-1413861813
-761611107
-296390026
-816678375
-310881948
-112835299
211381974
1331373227
1702028244
-1369070834
-435927137
-118508957
1828558588
-388209054
-264430774
1480404158
-1032448758
-1740258647
-158205502
354344245
330931034
1307386789
-1313071253
-1100937738
-647014632
165869341
-1367450523
1990848981
-1484167127
-860635151
-1037292527
382701445
-518476213
-938162578
1342980307
319753218
1085129850
171637219
-1737390055
-838918063
-1790718315
-1379543180
-829298020
208471659
72875329
1819372077
-455979803
736053622
-828707827
-1168132006
-994864109
1098442038
467090903
-1409601003
-402345254
-1012242238
1987779437
242808095
817496783
767955066
99121270
-1810171405
470445538
-1268315336
176833171
1589607960
2021076010
-1544855867
-840245568
-1102299210
359340520
306388877
-169174784
-1436983700
845867461
-766578794
-1426396615
1885926752
60798814
-332203858
539867228
-1355431273
1981398530
-1834822172
120976584
91516805
2143369145
-1535238088
879312112
-1408741657
29862024
995922581
-173514438
1919263697
1758206452
-1104938753
1292826154
2095629826
1476987587
162619144
-1415031873
-1987397761
1695225609
-733859448
-479549667
80805726
333159522
-1042200692
-1465976213
-1738547742
1081794171
736560782
