594750920
372862935
1390089702
-712874570
-588020000
-935796016
871978368
-897699416
740455902
-598210854
562236367
193065213
422698353
-212912625
1377861377
-722405351
-272116587
1107654375
522612084
531053311
1001494053
560952902
-1898571416
-357433101
-249735757
802528699
-169485324
-949113248
-1361310309
-126957050
235631422
-459552516
1202297429
957441499
1696628710
1754438185
1619703563
-241898267
-989010494
-2133191778
188067691
-107341043
1596589008
748673606
-42739011
-133149701
-1987250328
-1717134489
-558418889
405982940
-1730847055
2129858567
755016848
-1843318171
1761693269
1740329610
1458098386
769772824
43937400
1917020831
-748256652
-288487994
851145445
-610520227
-2046100313
2002526292
310141578
1760034728
-2128751888
-634219839
1114071590
-1692753703
-343468810
564995687
-593037760
-1050627170
1074783133
180119936
-472256422
-1162586339
1668203346
931935467
-1193772186
920891999
-535412824
1910917680
475593593
-592450580
1997648932
-1324200511
-1730759490
468809649
-1113239980
994353538
1086811564
-99033302
-1658610394
-339614837
1145864315
-1825478724
-1094958730
-319482580
-2090922029
-1141032094
-1926458392
-585978319
1698583238
1897461644
-344697865
-1396498330
-1897780224
-175192509
-952257458
-1510764707
-1348239299
2132764048
-1731635114
93569134
1483669498
-2113289954
-702277873
-906721537
1978554479
1870660126
-1787455709
-1461047036
-1939931205
-2088552086
-1617684424
822785993
-1416818591
-288552979
704314757
-1869104914
1574692851
-1040127679
1258745256
1193311155
-1381139188
-422247271
104045493
-1796700554
202678402
-1266898976
-448492143
14911608
701341148
882692386
1745056641
64986087
591130369
-1883936213
-338434819
1233331224
551745330
-915400083
-536504630
106155027
1522202938
-1863331034
1489722951
1632659796
1428339940
1833597378
441357830
-1476409648
-180250708
-1660398467
-1665419362
24288309
1739902136
521870668
-90292546
668415350
-1298237432
913891069
833563013
-1390309754
-1965328148
1571094684
748333585
-835524765
-1232531530
-1087102184
393665878
1964512341
-195419471
2046670119
32414512
-425324937
1120362065
-176660122
-1765755974
-1775204234
723821739
1928116931
426061280
-1550939240
-967213017
-1661220066
498031410
-933404416
-492728973
-1095931858
-748890885
-1582150865
-1902833478
1343517345
-437340526
-948972594
1426663957
-690658425
153856239
2054926762
1515871553
-2034381840
1501467520
-1688302849
-173317998
1348578003
-699464131
1403459576
718104360
-73548495
-659705606
1778280822
-484025761
-936629127
-2088731653
-1552721904
-264456565
-1184153810
-1728113203
677338970
-1193804059
-229904442
-854980013
1890019690
488635583
1163431381
-772557026
1446989463
1041513983
-1457402518
-822890238
771689860
-1135049014
-1922897735
1374842597
172293980
-118871425
-283920391
-622572070
-254768034
1662877670
2074731407
-490192275
-101374820
-645798744
1949865068
1557121856
721256702
977142786
1378895538
-1703216938
-728534899
173888693
1467392669
-1127440722
1082177006
1705181761
1017675680
1382547859
1013037355
1896199505
-1999211058
-576022734
1227559353
1144713080
-668032645
65645293
-437310282
-1846546914
1762426147
1898249198
258052977
1572423860
-888015478
-1224955779
-378956241
1503772206
8068131
-607520106
-454140116
1456727474
-384820299
77588918
505590239
-1000229235
1848595259
-873372171
926341762
-270001306
-895239413
-337067943
1824231889
2096891061
-40241093
-128138136
-462890735
-449728907
810074688
-570075394
1621627475
1382419735
-1475903785
-1269125535
863033593
-2097310278
81279015
1923577746
-436445575
-750070375
-1525133017
679967973
-120893599
-477983548
1415420989
730964435
213288090
1976188947
331069479
142952463
-494730000
390690390
386389790
188772822
-554296623
1895109841
-1284549576
-1891289717
502170196
-330330393
1108851469
-2014685566
-741084291
-724574956
465905053
1690048283
-1979806529
-1555271904
720245873
-1857054701
751559105
2095484305
-562944769
-786671338
1898951268
-1513759136
-358921646
-183193961
-1746235899
817561840
-2040042518
1257193700
1450239743
987460923
445812448
1788930164
-986621325
-1533525426
1958210893
-22578301
-1198444470
1274286071
-178085908
-189046560
971134843
345286587
843890174
1736899589
-804887927
-2051600115
-1600776339
341853800
-1868150705
-489898819
-341185228
1928473104
857664767
-2063895634
656231421
2106093930
-2118207640
-115278644
1917185291
-259366820
-51333514
1251388988
1977860442
-1679996262
-2101994753
-1375707692
1295354628
1118419768
-1953035844
-466262836
2121476325
982712705
-1992291948
-1828083018
422475906
1545221894
714183200
329771947
2110124582
266539769
-2126807445
-477254202
-1239260339
421666491
106326009
-1051944490
1202416454
-1042210894
1376333322
1077685070
-2030789101
-348140960
-1771492065
830598016
1633644947
933499569
-475534659
75869194
1443649762
-1607553645
1133066608
1212839056
-1472744960
-1359112244
1883838738
-914614357
1204119984
-972048889
1875433293
-1584618720
998799778
473555503
-1823525795
-1724113068
-1576950573
-808519169
782209050
-409447937
1663243828
-828259623
-219651275
-316049376
375178633
-1507805481
-347502399
-1663292624
907003540
834211615
364321781
-796400230
-1429936526
-1028677765
-200937936
-2131436951
-681231548
-931965143
-231024324
1748702275
1383696912
1280735982
1627812310
-729804907
962569962
752413809
166387310
-1346943985
-944557234
-327216443
371316266
39670098
2031705808
-204064697
1848970288
1919730408
1014337014
1056993705
-1365538012
-1605984396
260508516
-768646577
-506280721
1748514602
122562362
-820612647
-91071806
1273685376
1184458937
1154631424
1696981338
-492717531
-2029930964
-1924359259
1441277317
-1527497422
-1683581179
1275117095
-527452956
-1477131617
376042565
-1955179532
-2001424655
-2019294985
-92472543
2114793826
1274290755
1887100751
268830178
-1794221377
295008784
-1225871756
113356556
-744258906
-1495613452
-110935709
-1895861566
-342386284
-1301498384
1480694013
-75726232
349717178
1356860596
-937355525
-777671030
131678740
-664716768
-27497441
49515259
-1149749319
-697781240
-2008369749
-543018687
-1039123339
3248951
-2081915370
1261978928
1951544212
298377910
1698927869
1550262228
-1401952768
-2010374322
-1581780393
-2046278508
645216910
-1789809846
-532997907
1016759443
-1131667564
2036218496
-2708472
-186420135
-1935869506
-1359578478
1783245931
1803556786
-1719227359
-1311999119
2077692035
-1669732394
-96039536
-92496862
2042211292
1269012425
102358830
-2117730364
-2113627689
-1127007484
-618162108
1667682001
-390357094
1682289237
-421881004
1050986660
-1570358969
902923011
-654202770
-1408308934
723601007
2068675636
1447796929
-2054346948
-38106679
301059731
1493954420
195006012
1339551774
-775914963
295447478
-385992385
-1042820473
191641243
795691028
954200443
-768170022
922958182
1244390153
-1941605023
-1340483231
-2112520538
-58684197
1141091293
-161042739
761559020
-1859250524
-1071167525
-1815640726
44320097
-1529004370
-168779763
-881801581
1756683567
604392964
206487275
-1583722137
842777887
-1168213179
128773883
-189183044
-2048048510
1496852155
827737938
-187593133
-1419893675
2040677291
1759968345
200613965
-114979937
1325695726
-1753515820
-1048873506
464016926
884675264
-121011424
-1008638400
-715256030
1175324631
1313862331
1591610601
-1141273929
-1592933449
-2003977719
-213382657
1071484681
1134488644
972638293
2741771
250097668
-2087335784
-1149401067
1461394669
388350266
-1335224554
1255275889
-857713649
-1415151094
-1542868801
1549256966
699465693
-1816107011
-1444835900
-1535274266
228088948
-1111970957
-996540581
206086627
-1536467559
1869019774
-1518587179
1774297869
1292515820
-870418931
-1723575824
-1008212616
542307676
1833360716
-695937943
2058751554
-1601331491
1288866635
1593104085
2062518483
-781044392
-194762019
-2142467407
-752994458
-965515293
-2084485950
-1074785353
1872504777
133735730
-883094520
-2464141
1593659488
1810181708
781782189
675216404
-219571857
2037457025
-351297399
-512594041
196589207
-1221285222
-1995026838
-1978181695
1394447521
1402265938
-874219648
-946998436
-1806475398
650438405
1202517755
-679839387
2052220030
-1048225113
-2017486862
1109336947
128537848
-269008394
1085375878
595870972
452177129
460776179
-1462101689
-163970077
1335509512
1288061070
-1637635114
1931773524
-799064310
806760095
-2079962166
-1619220012
278400803
-1846005475
-1636008233
-1036216429
1847328203
-164455799
-1960808147
-2049914364
286691013
2064883115
371341085
-1487186001
-732376484
2088191616
447612162
-77555899
-122340881
-729837966
727941470
1301377268
77967536
473759689
-470969021
1473835260
-1623982936
-1887855519
-140747021
823652226
-568808450
-876676195
987310794
-1353522780
1401229943
1456198555
275158620
683878349
-598664384
-348364376
1037910490
880700745
2072900331
-294885898
1190638521
-881070821
1896533431
265332364
54940308
-823611378
-1385607660
57748861
1208916305
775493641
338906981
504149596
-1230575229
-277394265
-348382969
-1795096850
684892175
1278434567
-223134319
2107305761
-692563951
376646368
-84956579
-903033795
1464223744
676164311
945662791
1316481881
-1837644529
-809728492
-345839948
-606431473
-684754730
-605386478
1303877077
1334451315
-1702738639
587353014
-1192985299
-1255394496
781668968
1420627619
109668688
-1784531628
-1712266353
-1760114228
-1425525780
269211998
-415003344
2010630217
-1435724531
1227777237
-264785370
-256135826
1982416028
516458795
348875467
-1085589734
-188272600
1613389890
868825685
-964734644
1663813864
1189887006
-517327235
693718779
-1511543296
-1323942436
2072020321
-595239898
-1068550397
213247971
-1141811798
-2115404504
53650105
-889315496
1796453617
-61558959
-1507594719
299978967
1786505310
-1599668557
-1332439112
-1243829153
-2062472302
-1509644999
-1409953029
-173626227
-507119162
892569340
-1582698453
501374220
1395213620
-1989959719
2134768720
-149154741
-2067185483
530069054
2102320511
1936430193
-1949917269
787539780
1911385950
1986185101
478244896
544137219
-1299618840
951028498
2050421551
-1715218400
-73208723
-733331839
-1594222686
-511860310
-1442877732
225577319
-1796834596
-189111770
-635581628
-1152185206
-1257761799
-188823320
-211094120
138539615
1534061875
-1903634780
-176166990
-1875144002
-2003791993
1829702211
180236186
-1810981416
1283654807
-2121988358
1831902727
-1551859096
-1350593838
553387929
1424611621
1478361896
31692753
1699132192
980604824
-1065668730
1573922052
2104305304
1081575360
-1481788521
1191395981
1366771743
-1509939394
-502811829
1665662059
186693443
174722743
-1782012702
1291296219
1248521875
1715140055
668786334
868794106
1865902707
-2078936168
287034298
-187758418
-379786960
-1681277244
-1560281958
1129894599
-1136125868
1524888248
1523811907
-2021261216
-1284947142
179133546
855532812
-12206453
1588975332
-818965588
-1026828650
421464364
463326987
-568040271
2027347704
-1207821787
-868065161
2075381200
-761434817
1117726387
-1648593775
-34761336
-675491051
-509538537
1679215157
-885539645
-128875585
-722410376
-1198993459
2075873631
-1759556020
722561287
-1715696998
-26385175
1355187979
-1527779740
-809820331
-404083797
2090718269
242890304
-1698639882
808749032
1762628107
-1759561406
653427410
1825342821
-1613430343
-1487210450
469509867
-1699509973
-1386694628
-1614038204
943753603
1746745739
-852689079
-850304027
-524783374
2079875682
-1021698162
-2103593860
-1574432583
-630498914
-2011970650
-1398361445
-617665834
1561569280
1000598567
-1160083612
-903253415
1821440547
-1605556673
1476821546
2065302326
719297980
-481494625
467214679
439747421
-75034846
1497547190
419513743
-598753016
-2082120943
1892574754
1735062293
1889854035
-1826072406
1434297955
-1757657746
212302353
-619577411
2140531921
1312520515
-209512996
-2135597237
-743187249
1215377547
-1919149715
-1825703866
-1894182847
208164073
-111609042
-1372880742
1309915195
-39895982
-1955973619
55071344
947066106
450098162
582943891
-943649872
934738199
-871377584
10631476
1753752008
-354956295
1005898159
291227624
-988254804
1734852491
51437495
577295610
638972957
1185230126
-2128406700
1646615839
1341943340
-1172222479
1501988830
-18887991
1477400065
-1642216961
-1012448134
-1308619587
716667864
-1695114408
11969215
745603555
-1430886580
974512067
1930086300
2098482780
676858072
1766372867
-739271048
-973738535
-1689288807
-1071795640
-2006081894
-1703536854
-2123106472
695662056
1861026506
-1258994411
-1000414520
2129794638
-454928584
-285771671
1346180619
-2022506702
-1894022755
2020673361
-1690794630
1967014922
1595058080
-1287614995
-956781403
-169700160
-971073670
738120734
286515608
-1644672604
1252955868
1384561825
1143740512
-1615250781
775535631
-1876651681
-568993075
1826772409
1382561117
2021474562
-1072662408
-176969564
-2088820049
976445899
-654134521
1828377049
327017847
1582894498
790588079
-631305029
-1092220209
-551883922
-1568010502
-1578808054
135607266
-939394650
1573574602
-644473447
313172107
-504435160
392104605
-1533659581
-202883013
1808482121
2041696273
1436417311
-241603298
-333895124
1888378282
1925932786
889697664
-1337111977
-186353709
1489824485
-1658300563
1517393539
-1245409246
-1877246601
280187544
-985999693
-1341586464
-2015050060
-1870711683
-1212749945
695615175
1722156967
1384841929
491478737
1618200077
-1148493044
13756409
1377920360
-1558417503
-860979895
1520076352
949279292
-142325324
-259348577
-1783753555
923407018
1610020474
866912924
83995277
2146356241
1759084593
-1845328940
1847483661
-2065685851
-1358501534
1285040848
-1405414620
-1422351997
-1926300314
-1678331579
-2117782609
283557892
20129067
-595193208
-448556579
-845324203
133514295
-1209907647
1867594700
-747297977
1388896749
332196446
2065960820
-1406229149
100082447
1077614667
-739427901
1790114113
-1748347004
-112273057
-1650457590
1953559321
1671307354
185527961
1502450583
1225464218
-792890867
1655103371
755662754
1102270458
1235744521
-148601707
-1002610324
-774992563
-1309895059
-2126020522
-1954299227
558642458
-1755372783
2051693664
1758268941
-1144920789
1397454538
1137982762
1646356062
1863699621
-2119664148
-625122998
-1585150103
-1903239081
863106831
-1438654493
1455625599
1958969430
-1502090474
1355897435
129695506
-179019063
-195092116
-1300654767
-980036453
803919872
1954419857
155528398
1937128125
-305218613
-1661588780
-1296902214
797432489
64595977
790706017
-471011696
74675396
-1865270145
-697858178
-846714539
892270983
-443314198
118685713
-711210811
-1036268377
1309810262
-1862791323
-1416192305
-1545365899
1100007600
-1206552787
125282884
-1289336954
-93472358
-1210567992
-850904630
1360147094
1947747198
-591331898
690014742
-1536597847
-46265371
536690346
-1763634343
1040548722
776935433
-1319282191
-296289797
1067330041
1046318760
-1439780525
-1340647802
-995419273
-1957215462
1327485768
1543948516
1951857796
870604198
-1531339059
1874856653
1544856179
-367545072
-2124390553
1541961082
-1364477700
-1814909578
-713284248
-749031778
-642277860
-645418917
915922544
152744086
-841115591
-1155296764
960164406
-242900514
-223491448
-2036893694
926508936
1264791495
1349815218
-788392688
1903351183
-307928986
645399221
605048350
1018733912
-1577119793
-1250415096
169516205
236480399
843615363
721795330
-1241136547
-1152433524
1915553574
-1532607620
893559235
1559739539
521324917
1745026996
-2085465984
-1319934377
-925144970
164153972
-403655026
749087168
1714972144
229581171
869879517
-1758379794
1109652765
-242377734
910089502
-46655108
215275165
-641873462
1091054813
458860552
-1266712658
-1602118596
-546230827
1831661555
1621491866
-1425752662
72417663
-1380465819
1356553840
252803853
1027263980
1296236435
1022776310
-1695013913
240675284
-25179836
603631069
-1347287965
289093102
-1440379504
-1480608202
1916231097
-405751935
2087242474
1221419813
647102679
-2123511750
1193731681
659635411
-206803139
-1682149568
-1901883102
-1498992984
1685562920
830846853
2037940801
805418938
-1476397070
-1626204321
-1088386888
-914346368
1756075960
1819295062
261306799
-1330050102
-1989952707
-1030007233
1240907517
1034514677
-938248435
-1099489143
-188642834
341466457
771078373
-584490794
-1895961018
-610318586
-102890414
901614541
-1929516666
89721520
-717367913
-981944018
-1293051283
-1679595801
1415761619
-1139723226
1503079617
-536709494
193467235
73284835
1435712846
-569844099
-1760070268
-1572221077
1397553711
122069657
1813862973
1628930985
-1561230517
-1990470172
-658737285
-2102338871
-1965666526
1057593857
1771884669
181964228
760911817
282010090
-1289513870
355184958
218371123
-968381477
-369638561
-1410284913
-287866447
790210193
-1875788474
1830941214
-1141784133
714503604
-237887612
606158582
-2006020112
590186896
234787962
1582970770
-889842597
-1244873205
-1857455760
16675835
1444599287
1349727443
-1976336715
1934040340
-817507980
-438624554
-1033591286
209130804
914798651
1769089271
118244159
-193030667
-478504016
-1776320514
-273816802
1926911819
-170161994
-1227776049
-962904952
-27946024
812636023
1623024094
1740214238
318209661
590885732
-1613037854
724768930
-2032534220
1244110715
1170536392
412841309
-2077180644
-1197409593
1424497130
-1508365886
-2086341675
866765101
-718073216
-1936941293
1067147789
1702511716
1600603478
-1076148541
339700571
-1995507387
-267134273
1195623260
579295051
2078307652
-429967159
-1879032926
-1290596423
1126811710
-1269670991
1371683832
839381090
2037309044
-1449344615
1272039939
-199132233
-998246697
1308548471
-124285299
542640372
-465061499
284443984
-293258837
1174126449
1669706387
940969894
2128446752
-1775013064
-1116785396
809571375
1594849540
2125739735
1917643322
-300743737
-831596896
-1417693578
432771363
1275890598
-498217572
-1144737749
-669339050
785774549
-65380517
1272847756
-1956885529
1040648413
442766502
1092805253
-1382762057
-1196822334
-858461817
2097223020
-461742600
331131695
1316131703
-1862454190
-260518417
-713874190
1194034619
-1646339172
-2026666244
1697638057
939874314
-354823727
1343254487
626013885
-1032293517
-1088717644
-485316069
742647439
501164413
-1106111595
1204975624
-717734159
-744711793
641999587
-68732284
1495318488
-1778251630
1625568518
971295587
-698374321
-314601772
-424299413
-732055577
-84184147
-485015505
-1969923361
-9429110
-1167207158
-2015874455
1011401249
1601911546
-1746157074
-2087123490
-1537349199
1895288676
-1882348725
738186332
-48445970
743313909
968477613
861907533
35269727
-1121468515
2023927215
-942543333
152875344
1466264853
-926054992
1383356879
2029603489
13259555
-1104319801
1314548475
387369945
1843534620
-1985348877
1582001370
-1750823039
1993895850
-777513322
-1101758283
-1602100817
-701344305
-190947548
-322418553
-124190752
-1009413591
48655639
1404835812
-162938357
46833271
-1432948442
1655492374
-995278606
1407841115
-1270729547
-705444728
-1170403910
728607329
-46682738
1901486183
-2130850114
2137832511
2057214161
-1434366331
301356447
-1982505122
1537921321
1105881729
-1330019681
768625305
-410233792
-1834825179
-379942609
516874308
-120771724
374639118
-1467455035
-81623697
-1294423094
-1069662062
-2079935245
-719607446
715276578
314063581
780594101
2022916492
-1743701844
1022224477
1850151178
1873394992
1446657690
-734521248
655311045
-55396864
-2084142313
1948970490
-1754177628
284483701
-1233929609
1949609516
-1681180511
-1671823203
-1684575057
265866305
12360584
1369630495
-280803322
-1721444229
-540520247
1366276732
1129278220
1018377455
-185600369
-861073257
711645643
1114223789
1887968016
150641783
-2136894916
-631207645
780347430
-1079479222
1842017276
130032066
2034693150
1312043948
105541439
288023009
-1425404976
-570458583
-155734268
-1389244190
-1963783697
-1936873984
-1096633718
1168222354
738561954
-1104250071
-1459910142
-47716907
814592595
1859683993
-454251899
1755692930
-1905003834
1481979332
192023880
310454155
-2064576148
-1241138589
-1679389171
815938145
867849208
-441474441
-547078948
1741537430
-734785486
-30643059
2003539698
-554457405
-1346269172
281517122
454089466
1024626603
-1608080654
1288377097
-1641157510
-759176032
-782208922
-831409877
-217417073
662046757
346054603
-277576945
-2925091
1354796756
-479385216
1743191739
-1454022208
-394747262
362505520
643503514
-1694569274
-1782451296
-1240454809
915283583
208616545
-56959772
-1772777367
1382800361
-166647848
2144902439
-1724762561
1380262536
-341139841
-1416442992
-705559535
-487857152
-1129753305
-661689870
-232792901
-79781396
1233671895
-965527182
1934950041
180981029
-349082437
-1869597331
2143039141
-658254525
-1074228900
-1436133224
120848580
1511255139
285139729
193532008
-1310928548
1047380778
1571670453
-1864498509
412369961
-1270202102
-120437863
-246412906
-1314300847
-1985512253
1055624636
-1336178279
-852393547
-1066043091
1992268601
-678984175
-635959415
1368091187
1199247360
858855365
-1400436698
-599931358
835302088
2101684692
1759619614
-1821530333
-1364227516
-1814126379
695542417
-814857978
-21358188
1081954368
562497726
1051029312
-2119929858
-2131992053
1807535836
-107438282
-922746915
-348842856
1967223850
-2107139396
-618696487
73724621
-3423164
2009790167
362799447
-188945788
-2080852040
147073738
1405111091
1297147174
-1466775079
-863399088
-478281812
-646592878
-208119854
-635902427
409497247
601224770
-1939841795
-394339893
193834232
971167408
744366197
-57997942
671379045
-1025782026
1526310889
244530615
1253008971
134859444
33293235
56225849
1965114365
-1940368331
-664025048
-228637368
-834159061
677620948
849823793
-1440937864
183984536
-811235428
1833919770
-1674994186
1943607055
-1847571922
1852770218
1212057616
-522873705
-1551697945
-92760461
300105978
-349557275
649997121
-898368150
1631939790
-1172981743
-1482374791
860691129
-2133612588
-1849461620
909712498
-1663327021
-692030205
1275410258
1542594265
792387017
-1478029112
768425051
-716093815
-1080514596
1222913029
-429170602
-1646950097
-1207382190
-1898917029
-1516719975
53270321
560110988
53348012
110593618
-968857397
402393432
712230107
1885184258
-606717573
1568086148
1788776405
-1876888532
-716941921
-804567373
1799531733
-1007215543
-229056933
-872544909
1130144995
-507334914
308537280
-1415927411
1451936157
1923668624
1233032490
506157471
1272169017
-1610807145
-1963124759
477745640
937059529
53966833
1219458082
578294115
-1684054079
-630783495
-496029705
-1491188714
-1409976394
-857899271
2025214181
-1098088789
-321561240
601456092
-102872210
1817452351
1124753410
-941145305
-898905865
-2051676295
1988198303
1356743466
263612402
-1965087778
-1139235824
1392479090
-1484137921
-1811843996
1197734876
-754135167
424674767
684067396
1740359559
1685523648
338299786
2136370964
541398295
322894260
1129863283
1900161300
348925907
2115023984
-1246747384
1093259463
-1519400883
-1077451702
-1210120466
-1181914171
92805283
1092403921
-1440515891
-190504753
1596295425
-1089224706
53181561
1275631908
-801728407
-1343441496
-1187464367
643474194
1763511734
1516559933
-1296316180
242477519
-1166625571
15336110
-1903268879
1004590729
-513921930
1065784235
336531781
1429466810
313296762
1725538832
1524485484
720323521
520931150
733047454
1260228648
-1159936082
1195274752
1494640878
1881304678
1356241757
2046085327
1828726177
1386227290
-1065506363
-7052560
-1244908580
721043944
-1133632367
-202821489
-350023181
-628524219
1348908528
1191914003
-1887575709
-1044363298
-1513063511
1699229606
322644486
1666362744
-94167183
-296887052
-1772086143
1612957080
545366144
-432646862
-704182272
1727894308
-442391967
-1547220127
-715983067
1279135305
1306023177
241355475
-489969603
-621901153
29706795
-400718866
-377203532
-1335305333
1992608714
1298571567
1822620618
-671098139
-170358769
-269916047
-217766777
190264794
2102306396
236006511
320490220
-1066359790
-1457743456
-1206103417
1004235882
909307156
124011501
-1892454208
-95787112
-846110743
116342599
247842830
-94690529
1723900159
-1646960707
1555865300
-1177309192
-1991249328
-868171075
371933097
-1563436327
-1848878653
-1147994204
473538654
-1922572052
1510296018
-1034662507
-731646656
-205440062
408989804
1921954443
-267799398
483113094
-249130980
-943419472
-1242902915
1197231733
-1198880919
-590143762
215620802
1148872845
532408960
1845933510
-2049421489
-1144285564
1353405200
162521441
1027266714
-2091591429
1304349301
-1092243484
1119264363
1938291955
580645400
2014493448
-144805147
352762495
-1816015340
-223361048
1663146438
-2048095557
-366864867
2020085789
1498865133
1275816188
1082405021
2098235399
-1851458788
932639560
1215970335
27047533
-664707073
1903992328
1716701936
-607063736
-1551201171
-1184960772
-1124584189
-1642392613
-1340895252
1276441454
-430398443
-523769
-1836422022
-68262486
-1593819631
383618268
645620106
1930442156
1379996084
-16413581
-1919982772
491022619
1675274612
1810907898
-1971043791
-1126988170
-422745955
-146711281
-922663250
-1800601716
-1859905859
2063344466
1781744959
1820806961
-733987518
-1218924235
-1824035154
-1997029842
47987553
1840596245
-561225580
1024263033
62927928
-960234098
1450523168
-1409862747
-27968714
-1421436918
-214779625
184202139
-1961598278
-508623717
-1672305893
-1919737206
-511340294
-1860902134
538312495
-1434030309
173817638
-664978128
-567090311
-1745384471
1954449100
-1468853629
-2084644022
1770747696
1101341053
121932019
-431281829
-844461628
-385270095
1747048182
218917465
-653049533
1182749671
1247296225
-864330844
-242026099
279726864
-776694918
192203346
-1123268236
-470502611
1665035722
616230521
-130419024
1469830966
1681234998
-1390758227
1813558549
-645734594
1198107344
-912537657
-2133777145
-1588174893
-291257110
-901106456
2090779949
-537199702
-1336877076
-912968771
-1681405084
972028796
-970768537
-30519037
1468340470
-1788280790
-1790990743
1644751181
1408810507
-1387384025
-990131694
1959913989
742703199
-1285252842
-344401561
-1623974224
1186666804
2077649585
1086205542
113086069
-851763574
1030592493
648379481
746499551
375376781
1381030235
-685043857
851732705
778411087
-1489636399
2026500487
484067610
-1444548425
-1593699767
-1967847345
1188183131
-1678693704
1291541000
-1103396723
-148652187
-68158523
742202626
683154108
-1865649930
1095210371
-95269252
1464872154
515395846
-1304186432
1995447795
1556114816
-1059573683
1149543843
-1509630916
-289219534
-995027959
-698420187
-1242722580
628775672
-1097362947
-1921182785
-68758023
1359334701
-361338692
-823436444
1358170017
-1725575274
321902631
1254181554
-943610230
100490678
-1566736845
689611107
-726231510
145160287
-1305822225
1782970889
-692473496
1407000972
-1455298875
-667558918
-1620596861
-1718730386
1535429119
-2036565880
1859076915
-1356773180
-1588773747
1357481845
2139652109
1622254703
159043332
1021638309
240980523
1625183813
-1067526678
1293443349
-218151925
-533641435
-588753872
2061795595
-1078571337
1507927626
2001046015
339677583
-1296723930
-1929287196
-1018614857
401134361
-280607774
-1101445916
-1321368268
-609048693
-1119772182
-1454135785
-1582297774
-161220255
1557366745
-1291348874
-1738265165
826532390
559681606
1383693499
675562175
-9845719
1925758062
1512784951
1779701739
1779518321
1596199952
437925090
-1843895234
-2072442387
145022872
-1146677581
-904197359
-1097719057
1433690239
-472511950
2104239382
-147146277
1475685361
-1994852277
805049754
337909787
1456114607
162573156
-1196740594
1914748501
-1250260682
1272833456
2108666307
1940247776
797116193
-86177595
1488655348
1074704243
1918667979
-1875107220
-1953236471
-739747809
-1653888968
-1580961097
-1385545702
1819694462
596380212
237879129
2038361521
771825708
-152125252
-547157967
-1324216109
1754397558
1874277277
-1517981401
-517683903
-926472879
-2041002149
1397978427
1623059451
-39415410
1852918356
1080538843
-1706797307
1208263754
1811583011
2032402804
40463724
393715626
-1787830455
1414680650
-1655993461
1395112136
-1339419382
-590418292
-1087921270
1834420200
721396628
-953416542
-1251614169
-1770272786
-1939616154
-915396918
524639160
-1283811052
923977967
1930868962
522650992
2033564375
-653354123
1586641798
-424116511
-914263758
-158666184
1627248221
-448565311
568133902
-73123113
1772925872
-2006024720
1314074616
-425675791
387645756
-922148935
1239126804
-1488956657
-1163023800
-414462377
482539857
-1735744320
99294968
-930456389
-264352547
1071123205
-341263133
1676572300
2006992859
-1614414353
860728548
-525563025
854636627
-1231277434
-1123726803
1183165064
387944298
396545005
-1060608351
2106397247
1962749906
1145567939
952500321
1817212998
-591089789
1861594827
-819381081
669928923
2140930218
2086551246
-926696493
-1063943094
-1371982366
1662069439
-1895785789
1654560182
2065388961
-761832416
1291171175
1898305047
-625446668
1432914084
44957331
1460359302
1944711534
-771646698
136380694
-21187400
2046513757
1904100985
335076876
-462284601
-1622230721
-208263313
-360096656
1104057144
1724785012
1795168222
611311093
-513674951
-1164505292
944019664
1534938389
1016663338
-759562814
-164464998
755521641
-478246562
-1362756383
1756826432
601329467
461763362
-211013241
2131608343
-692571303
-1380478467
437136848
592496556
-2066754516
355690297
-171617227
229569764
-1291581688
2036736418
2141239805
-1356235676
-676015932
-206370419
901397747
-1191322830
-524577651
-1425921765
-1516584872
-519633508
1281989623
-254659394
-1250900709
-2102727336
-161575852
660731900
404476231
1033356780
2109758793
930957939
-247309636
-102323376
14918813
1790300444
-540071647
-361787695
-1676915884
-862973997
2039374616
-1938518473
-1025769476
-1229877482
963754676
-309782231
-544933306
-643491316
780561703
-292656
623698903
697718985
-2095117889
-1320284741
-850068896
1421232848
-1788988397
666245122
-136724757
1410229721
-1553017479
-1050174035
-1687304584
-945791789
-2121698886
-1931222186
-1231519800
-267594965
-441609464
987343628
-1468333449
-1965326258
938574127
1788800378
36322128
-1356626067
-1514555381
2016051528
-1903228452
519767935
1162662202
267801792
-458087620
-1291769972
760206609
412687796
-798831048
1892033319
2080515795
1970316191
-997929833
654908219
-741375968
-1616639990
-2109536848
-1141133558
-247353430
-1789415119
506054209
-1640521357
-926740689
-1872577818
-1727747714
1897074291
1547560098
-529526348
-1148616851
1287910637
-256630101
376675398
-1164262288
-91481939
-307348398
-84011254
595688995
-248348502
-485031946
75531792
-2061004440
2124420491
-1861898877
-935698120
1784210879
1154032748
1733737443
781966988
1117972954
-1033516575
-1945697867
-1399324950
1624198512
395807034
-968084164
-319274778
-395312047
599430152
-1667172455
-646046226
1556080314
-796555808
-458629316
-507726418
326927082
931305566
138163608
1733774260
2073228276
-434531476
1646681109
-218662057
1791152599
-99484220
-1964700597
-48740907
1274515147
149508530
-395319444
-940482885
1934218717
-1479460322
-1208284928
-962569591
1100988093
619060169
1815253208
-10247275
1778117334
1148088023
693131324
-2053809873
855170975
318221452
1639663206
-1034781435
686764592
-1892821670
-857540556
-1700982071
1713002520
-795421925
-838750440
1301157392
1996042605
-1557447782
-1130775726
-15308163
1600430115
1465530199
-1407003295
-1977865698
1638383777
-895577973
1320098486
1236530709
-1182099567
-1163448727
1452712363
-754176646
1794722039
477462694
2025052338
43658880
-872469371
100179771
-2102778671
-1787296298
1701729068
1406411369
844329805
-1109184433
-905883146
1919809277
-469192027
-1917627708
-766613998
-246500651
1078224577
-1381364680
1371555376
-292278878
-1117926293
48973374
2000303375
502161902
-1290911746
-1627412585
408037715
-1617241504
2052709212
-2001138402
-1452990821
-128766145
1888452389
-1620366104
2088166355
-144222156
-291259611
2087241639
2114976454
-326838701
1382894093
-623375282
1331780854
926415452
-58649499
-1443425798
-1457571409
2000997181
-1093210431
-1676440560
268501337
-1161211685
893355826
1124539554
1407603214
1039353617
608646655
-1136924394
713398636
875527416
2091427221
-1739369207
-1618837589
-1269210008
1814922683
935528304
-1961398287
349541823
-670384631
-732258816
-681651740
-1578480672
1269355418
300331727
-134363007
-1135272834
1486910976
1280055355
-1849980373
-1202884454
1421764472
700477194
883795463
-1441300151
-2141113250
-629966125
491965062
356768955
-843682334
642701467
-461708990
-621561992
-1752933380
463993794
-1535863794
-96825877
-1618453859
689607968
-2132439224
-1338385884
675370534
1467992170
1597248880
1008460249
528554781
-1990667302
2092808190
970907821
1033268509
1363807759
125847919
-298708300
328014094
1940741681
-627614560
-2118491338
287340182
1041338968
-2092833440
-1825782861
332401871
-319932370
306761279
-2113376473
-1957867974
-1574315054
1641584556
-1348756081
1467260914
1619710207
510481470
-979276885
1483939876
-418846099
1536267857
-244319484
232644542
-1787247754
-265936171
1285164592
1553367910
275742717
2062646626
1079485780
-1599832147
-1631050101
1418961294
876437225
-18258812
371325114
-118784637
-217931581
-1643516946
524381654
-1933508149
-846017201
491569143
229880768
509598317
363202844
-1765069852
28236309
1979458878
1105351836
2002726059
2116488080
-1367623312
642645546
-310537051
-1716291156
634639470
-1595363250
132265601
-312222067
1993621484
-338649024
1893682043
-78530272
1245070649
950902954
310413518
-171530368
-1554578985
343153842
-1647994777
964920219
1936322892
1663975223
-1556158246
-129358315
1567211578
429509209
-1869412199
646312812
-1428505427
-1974639809
-601751454
-837970084
248739764
2113951252
23027961
582652548
1593142322
-21227951
-1261242345
-1304854968
1514716917
-596705471
557539490
-2126501127
-1182045177
1657542850
-1085480419
-75170765
2092266820
1692132424
-767929503
195372934
-344398292
-698452441
467465357
584956248
1402847482
1449090832
2133554234
945128457
-712562443
-983553572
100635635
49569112
-1238344187
-1132039800
-886235165
-1180283387
-1144693368
914805632
1256467920
850368438
669269094
920011296
1820579656
631289118
1574014562
-1136690313
-1985879271
-624445349
750481075
-644700083
-916516347
-1729188961
-473170477
-1241421977
1416037046
1829558290
-1333434218
1192872200
1484120303
1636505335
-1930507139
1685520059
690836484
840536333
62557515
-110705840
1520787596
-266891209
-234623015
1865334563
-1078120108
-1200339106
-372568538
1401777315
1039858581
-1996901226
-80512846
-557432558
1510568553
-832503425
368777483
2067864969
-573276805
1889666541
1575233959
985746495
-1691474178
-706359093
1025922804
716738058
-553650976
-1734452420
-1800905299
1853815844
-392421058
-255604222
-1811629457
-1551842766
-1710922214
626647331
-932102516
1425994882
-2143596470
-1201238583
717921821
-1424947564
1627671987
2125245033
260197213
1332258267
1032710839
-200515288
406729525
36830404
1909388011
-6500231
-1143001326
377922039
2132699405
94950922
-811843586
411678684
-1876063692
-1007475744
808314606
195559520
-1128116151
-1807481920
1306930776
-706811656
393422773
-2071630639
-683198199
-1449536795
645647451
1356353406
74672692
853875642
1305379273
-312984671
1743747789
1521134107
319036073
-1863269155
-2015358953
61080262
-419396739
1526352203
-1821268100
-454415913
474530955
-527827368
330492828
-976497593
-278745323
1991993324
-1693006169
-770265675
-2023380531
-1695048241
-464206353
2106111593
-882421625
-1147075768
229876408
-1259668076
-52045008
282088710
1110639698
-1415103524
-1828880386
-2009452220
466014057
-239201768
-1521138456
-1088258521
-634939749
807137368
-746392488
62214762
-2048851893
-1129912025
1970088223
-1569504196
-1467992652
2084566291
-1372740183
-958840216
642887489
1402366573
-731551119
-1102423114
1295970842
-799756980
1545027510
-339470191
2085753602
387537880
-835410322
-2008266007
426644063
1612741316
1549034619
-510560166
1814586778
146040348
-1295441892
69550733
-2036252247
582388288
-205406554
592081374
-1661109527
1644964143
1518631538
63342143
318639664
-1044664312
829482009
-1144982949
2053023522
1816879310
1199850206
767059198
-1385842749
-1799728021
1574897771
1379452083
-458885810
2071533815
-2105455680
562217390
-157659580
-715689927
-1772126360
1442849260
146976199
-172952979
1632622317
1349397400
-1653006296
1098553671
1499729805
-1051078224
-1390662467
-1703971016
1548390445
-417364248
94664952
817569519
-208857971
-698688818
2122909876
-765165790
-1221437508
1926251822
959885266
-1163643251
279671246
714982327
-1919645436
-1401052102
156032205
-1020973602
-547846680
-341690365
790516973
1357734657
965504088
1360709461
-1614018558
-404375856
-1831545600
782953014
1463207990
1917403112
1007746864
547267720
1288189430
269872320
2097384946
32694158
1133188396
837124808
1696694879
1724741551
1951875507
2117397455
-1968830674
-985537926
442758919
1242068388
-589373043
-2002013974
277503804
-1147017216
-376530125
-256347670
-206725839
1776784546
1837021621
-691095270
-195246587
-1284913732
-1087531239
1259883987
-1441366584
-18469235
1831382952
-1169045911
-857920651
1660895822
828209416
-958262353
-515508192
-1109945006
1555568265
-958349121
1058803051
1570745448
-334987586
-2049316102
-1101740226
-215556477
899409488
1485518413
145280182
1969630365
1199670286
583352758
-1963899811
-620350505
-1370553785
-934191098
933730204
2068815332
346698075
-915171096
1591310701
-2063092824
1914883983
-291686879
1724523604
766572059
-582976991
-714841832
-158006385
281141619
1716919196
-1625713511
1756707724
451034754
401435501
-1482955051
295224730
1667343964
-1682812235
93941677
-174255389
1948261436
1760512608
611929903
222194330
-800333401
2032731765
1342249056
-1121814672
-1964644142
-1988558161
-761289669
-180766645
-1859090112
19645517
-580677382
-1246050247
-113091921
-652155610
-465309293
-311053918
1412520500
-793232385
1053159813
-1574125379
1139326372
-302467552
-1938657069
-1400665787
-1728177866
-1672301020
-1304765360
-1930685589
453032806
-1322709999
-501430755
-1190829042
268985115
2087246504
1699218032
1750979624
1022800907
-1221984771
990071958
1069476747
-1322185378
1339475785
-1211647942
441430734
1691264657
-1947000322
1489728231
-1556762495
-913238371
-662145509
-323446325
-131332697
-1682200233
-1665344575
-86693955
1493917029
-767547622
-76450810
850214784
548709366
-1140985182
1110244105
1738626633
1148958945
2084217146
-1168840890
-1311899010
793677934
-246845158
789097003
1222341312
-2136442795
-3587575
320333291
1503580459
2083025849
-1992887222
818261137
-984082724
2023547476
1745637813
-308798377
2096829363
2076567282
1954669859
-1063981768
479899225
1043546403
1166828559
-1505705021
-419848060
-675705301
1880395385
1556110641
666121081
1279665469
-319641331
-1864898375
-139804462
-1986526488
-349899387
58073635
193788801
1138194385
692768074
71172507
-2082323180
-1737650526
1709458017
1901794503
418091833
-1088987838
326134405
488232219
-1484805755
406893894
847427727
-142700693
1321905008
141879206
-1836447714
1789571265
1978026660
-1301573709
948584307
-712405904
869274998
1596102984
-474764388
641396585
2023205300
1289090624
-1731101996
105059532
-1007235167
1975039783
1765472553
1793904578
941736253
1566210867
-695635105
1438908041
-4316728
48196468
-334568428
551262928
-1613534839
367015242
2015874852
1777597252
1114622411
-1893025768
1816457038
-204793238
-387396313
-588031434
-382756329
522843823
-447793143
