1889827146
1429076669
-683554939
-2004063252
1626543458
-265898068
81010433
765566907
-2036164888
-972395627
935172384
1280585805
-1856557300
1577374589
1622523772
-853249494
-166214202
-2085649724
-456336408
-111738435
-1337174265
-15971774
954481346
-1238337258
-1473745104
782003628
1203224202
-166707733
1406958279
-1997845700
-273377096
1918610399
392158567
-1222026863
1564621769
679157510
-45022216
2094964691
48224922
-1203854680
1904731680
-1215689702
-204863238
723011653
785033977
-831173616
-989769351
-1510577447
198927620
895159252
1019466886
1667785313
1813059932
-1778925791
-1088863048
626813853
-333609426
-1686415185
-533605269
762169366
1204051048
-1454074920
-129111921
346446434
811589808
1395963007
971875516
1879524006
-648403049
-1330323155
795124872
-1302315173
-830381810
-2114684036
-908102115
-701114795
1536223000
236591800
1185786373
-135099903
2075132865
387386562
696028231
-1717592338
1044554318
-1180204745
-1067722056
36058510
-1955110987
-2088254766
170331274
1122090044
-1446924721
108602126
780336936
1666776448
1025900747
725056527
-649520058
75714194
1294544997
506096834
-415871693
1062445596
1033081432
-559172798
-1471852687
1570472772
1414230161
-479311491
578895494
1559510249
445766052
1898457111
-543791340
-2122534613
-1926759421
-698690674
-449530073
-299981519
76709996
-835381346
364404686
-1711897306
403937187
-2025155354
-1060996116
-1432034173
-2108969119
-947649334
464834639
1510030995
2029781644
527783835
2107701505
-15090892
-1452967769
846532853
-227764258
2128870362
-2089711477
-2002614680
988895334
2092905689
108663383
-759241638
-453452588
-836233502
1717593252
-946397909
1801578607
1812155598
-1645027075
-33872230
1975343903
-689204838
262402957
790702439
1552339522
1597809330
1452036634
-635861192
621150912
1030001266
987608626
736287424
-1557979044
-409387287
-1383430493
-1761913315
1498015309
-1616383777
-1036377041
-1958796415
-602139379
443639577
-873935488
163163156
-630359696
855953882
856510041
1242163481
-1357852425
1768981165
-217190898
-1638390961
1654529893
294081634
997282102
702399641
-456111725
1816530773
-1093713250
-1427759136
-1063188096
-814461451
1095800703
-2043063496
-1322807380
-1630493308
-372464909
-850352063
-391158363
1490032411
1451617445
616961743
79848929
-1024127759
409935560
593939917
439999694
1195534300
-922984630
107669086
-652728537
-1986830058
-1374386104
-623729340
-231906935
-655801276
-1057426492
-1861489019
-308347578
1649165748
-684601708
-855060661
-627880329
1894578406
-1158142307
-1004912117
1522493271
-704107699
-1032443839
-1720676118
-911813425
317138774
768163605
-1940587941
-1270738868
-1670208599
2050559447
-163152884
-1413891368
-1704009042
1490121118
-1252136958
842134888
-1327774126
-289602477
-1090803710
612526706
-2007245814
161534559
1778635571
2087509187
120694039
-1995360347
-1659667968
-1918021746
529702668
591599539
-1369158589
1113332679
637784205
228320563
113376671
969639601
862707288
-722064217
-1052308435
-1114657354
-691868535
-1399351723
-1261646502
200858486
2047397913
-1187998849
-598416114
-1690985951
1370379431
-569562409
-1620014319
1708332809
1831246459
-1994287055
1561084586
-1918391438
-954085178
236237690
139257992
1184669356
-1002254290
-1407888664
-90883354
-192318109
-332047990
761732210
362364905
933519925
1529019626
-1385792894
1322724940
-1624200315
1021373657
-242571287
153336894
1263344270
-401522203
-1897396461
-1552811894
-1437481029
-99192225
-282838917
735908344
88987700
1029702238
15770720
-1518554893
-550829892
-2038190070
-1070109768
485672811
2080760249
-234446826
-999164827
1563163388
-945319788
-1460777330
392135846
1371147599
1677582915
896092114
-557473328
-2000558400
-533378269
1734077921
-129292740
971843393
-1021942
1117638106
-770030973
1147756925
-314145636
-1569175104
1292164584
-1443011520
552841949
1606392445
-1062598123
-1159776747
2142914568
1424715305
-1227719158
-478435536
2074006174
-1775982965
1009077330
1963629966
547675585
1586625503
-927643529
-774275238
-1740368446
1485146073
-2047160393
-1058578542
1915920887
264862954
-791353097
-670773014
-1919236142
476745153
812118007
-1838972176
-794875090
1027787028
-178307130
-643822224
-2039332884
-2073039457
1668976760
856854041
-1552236354
-2129888660
-1331233769
14220384
-867680446
422772565
-2073108777
265836451
-1665654446
1908896199
-1484061044
538973074
-1310941286
-1225094712
-1592597152
-168991030
-1740859030
87518010
1819327424
1967284162
1109152204
-965992608
-870716010
450814954
-1410569767
128033441
5961405
27786513
150842440
249596556
-1970687311
1567365382
1030585927
-1918138340
-890770554
-1581703294
-1524102771
1898531388
-1918147557
1197703748
-1608879185
-1968470900
1363136911
-1951683714
310425267
567877221
942307314
2061594223
-757076254
1100860955
725507647
-465871280
-956878366
174171265
-666153590
1603415924
1929265923
456084657
-1788801163
-1508997462
-869615400
-795343860
342073320
383376101
-571906038
-2020569473
-2059123200
784944415
-104650904
-1535988984
-1040267193
-133981575
-910081727
-150811528
1438199846
1662094502
1435969013
1544690298
1129828503
400198794
1360802761
-1605304621
-155286498
-2130363619
1744414715
-1771650326
-1844226567
-1454492523
-1944187626
-1062796917
216402582
1726308804
63486599
-1794772761
1365457732
1459911614
1444231535
1014548703
-1829701331
1240966590
-1692949830
1040173441
-1661064316
268124489
-870823313
225158610
1605180666
-1746902892
-1165079479
1053316813
-845878155
597392162
1717423495
-1250714964
1767691523
49760433
-1361573888
-1719294875
380600588
-203430314
1263039097
60211063
-1087120185
-2007455258
-1464100294
-27989019
-1256449041
-160348264
-1604222498
-754403710
-122493259
-1800065560
-306800277
844681583
1616503288
937049021
716940194
294662370
1240204978
1260532941
-1003086697
1856155688
-727089995
372545600
-2055735933
1181254380
-2097550184
1466744211
-741951016
289994425
-1767015189
1928485823
-1838714475
118573245
3403441
-1548689767
-1563044645
859608015
-2067493617
765734524
-1912429376
1136532146
-135732160
-1086861788
-1260503709
-1246793061
1703375819
1407152860
1563538752
425218544
-1582641160
-1025606948
-1927668283
572393298
1712645759
346416619
1084143909
-482026275
1786075779
92714060
-2095826581
1213066158
1712663486
804310999
378297553
-1688198235
-935781124
22340453
-407733422
-573338773
44010957
1296155761
-1184179843
853671094
1184217973
1622954747
1922290827
-2098143029
-1939104473
1583018927
-693814349
1931194692
365743986
1218185287
1356556989
2027897107
2029535995
-176092628
-832505387
557978054
-1137204628
-1695667357
2009274017
97925387
1771217836
1088987559
-903226731
-1800037769
-1983268784
466354129
244265605
-77497982
-1771646640
791757184
1036266363
-1418025002
342501885
415788277
-591546166
332911560
1191464498
454029118
1923041123
215202598
1395511242
1893930646
-1433750938
-469416397
83910481
1049317131
-1818071812
-164638993
-440648707
-1584003743
1797518691
-296085350
1621110494
409687094
-330439350
1658764155
-1268153004
-876617882
-651807906
-47118115
1924447938
-524385872
-1284867548
993897305
1557062016
2037166233
-415410167
1241417563
-1038963947
597080720
-960414538
1548591070
-840167514
1270825810
134363049
528155513
-699417432
-1688231281
848665601
-1259993697
236688092
-1635972915
-647000680
-1793439710
-1934603395
1852870285
1021037398
1777686777
1684257970
-1661038165
831015620
-1167988670
929984841
96208138
-245008161
-276702583
99518374
981898864
-485936082
149994314
-1429926919
-859910483
-645999594
1214010292
-139312722
-29257725
-767569555
1011444143
-1637314519
1292932801
-1632246708
716630816
194315955
-1720721360
459320104
-1095628437
894938030
1110973363
-708432093
-1676539591
-1080751344
-864253399
485939616
-1296381317
288208910
1956966293
333623060
-1288614739
1287632407
906132225
843506467
1094562655
291568899
1693501598
-1109911061
-1828024592
1661045900
1157784112
-893457766
1005153693
-1038695684
315253160
-1245612218
1575024825
-434574552
-1379198446
1422798332
1420370493
-1988676196
1965812401
692651801
-738318717
2134216983
1867948135
599643352
578512462
-710207943
-1950414502
1202681900
-1917100787
-32572806
-1390567723
291835600
-326486176
-387105186
1267755371
-1810665829
1154272731
1400605414
1604551521
500335128
-1131018231
1683616329
192208205
-575448490
1828776882
1725073380
607987962
-1203435013
-1979327391
1566966638
2126646926
-1524392545
1894108960
648209263
1121193966
-1374829226
1731098245
-1658338574
-1086538143
-625802354
1124510450
-58141063
1453860467
-181045989
2057474839
-1545878480
1633588763
1870104208
-1733078853
992758630
-447602400
-1442895152
916338108
776957752
274040759
666724068
260293972
884086926
-1786223759
-1616754930
-1327561315
1176200011
-1184973229
2060620061
-1291197098
1730808512
-1519880122
-707409918
897300967
1490528609
-530637135
292050083
-731702878
-1815887942
-1236854172
-33101842
797742667
1840494243
1373329335
-1593480655
-375645222
-1529589582
38325490
-61535319
1253504894
1411137264
145851119
2017610328
924371685
-34157360
-1773861890
-106102501
1089335226
-1856448676
-935963384
214553595
1500647279
819037105
951442678
765300163
536474427
-431265619
-1650991533
1096303313
1652281446
407511014
1018586927
-4240079
-224815932
-2118422051
900193095
-416123417
543487870
187863411
-1638826910
-2117476469
-1588768233
1456937627
-1234201347
869238299
1378059694
783861840
1805855018
-1934596084
-1893699456
-1697376823
-1775283788
-2136036190
10401713
-266125589
-1399937657
-60859519
-285152949
534402047
-1146399410
-1332512382
-263636346
1420055716
-1324688035
-1628070198
242771529
513967623
233337298
44194329
589131761
491681872
-330856202
1838347615
-623358384
57831263
2075797480
-250122348
-1355955465
-1267522889
1227675004
-1911177272
-1238703688
-27195206
1841583968
-158222983
-1036317594
2029429014
855088512
1851918884
1232824030
1779200639
-2016247893
-1171490786
-2029844661
1130540958
1660170614
51112611
1648846500
-1758742712
-1733914528
803281711
-986131079
-272505869
-493244362
-729862132
288028911
782655077
-1717483079
-1343541204
-2124835831
1317922733
-1752699011
251551800
807018792
656133719
-1444532973
-450306840
-1781596204
507151066
489288810
991102613
783891132
1040482133
48037234
-1213099509
991046139
-1775798662
-1510015999
-1656139100
-2086242916
-2687542
-30224390
102568337
-1195361184
-1694292222
483136427
2102462074
1774609086
-1378173739
1740418167
355779914
97734186
-337111334
-1002946124
-1109543613
-1595567974
-1148012345
2145238486
453600600
-227456955
1992241375
563428812
1071665595
-1052690515
820636073
1163072170
799469235
-1845306913
-1984896286
366393735
-2064380749
1372124921
-108296781
-679023192
987818408
8682733
-961607642
-1510328099
-434601070
959160451
219222998
80586283
737214550
1245940388
-1788763162
442596010
2098413265
1375802836
1727024691
1647188144
-454957776
830038016
1325427661
-891195089
-1877835650
-492620679
-128789342
-1667782821
-922711682
-914976192
-2031934852
596101775
-395615558
2038944387
423735084
229100145
-892492837
1666200423
-1580023289
744032595
-24295877
925747976
-2117164911
6369500
724141752
339814077
1701148280
612969703
1317310667
-554755424
2133149891
2088136874
-659274024
842106189
1206872139
-1880036837
2040970182
541723624
-340912279
-519420018
-2086915630
2132152933
282220272
1807840162
323072672
1785951235
1823280733
302476126
122983571
1612300312
-935984307
498651798
392724829
1145306900
-1694084049
2104617619
-1058090535
1774404543
208890425
391696114
339170071
-1831695163
135435935
-934011700
-972044104
-1098335628
-1564684542
350382103
-14106500
1900911811
-2102575834
-2060901557
-1246000359
964910485
2144114152
1444404552
-1990824370
1021692735
-1679398034
-270075530
158426166
590694215
-1801130337
755451437
-2034304031
1071340910
771937238
1309283671
1649553184
982730481
1655328465
-983581868
-1511308896
-150938102
-1816962577
994351133
1263205689
818202044
-1180517222
353570475
1183637384
1162136016
1353614593
-575467879
1316883642
1380694810
157542666
2101744648
-1225778262
152325120
672514695
-1229405758
157552430
-58281668
1614420647
-1060013663
-2124738386
1873349344
5273774
-2014996687
543145973
-1430333030
-2041452568
-1680527212
-1145820085
311690297
2135353563
-1920499290
-1883387197
-634113680
-1515273797
1981834592
2097806800
1679260120
-47783390
583631233
-581238242
-1059473861
-1787277824
1617954922
-1244244833
790752783
1193034703
-1115540151
459990499
-692868545
782799371
-893000070
-1458131284
-134467535
-1364766751
303299113
-2112325183
2114578692
124054822
677007675
764671746
-620988135
226151818
436247662
-1560581188
-1428141099
-1853103348
65689534
-1342991298
516986788
-1190397008
-1441622006
-560231764
1181163072
-532564368
-580612361
-1486108910
271658290
-599895185
1061021972
-780366661
794141336
1199952756
-2009699777
-801810237
-451937751
1356143253
-1415943098
-479451669
610313846
-1608840654
-1480842288
135567788
1435712114
-577452507
1461309310
17591950
-1707137228
961321271
1435841868
445886393
1366299130
-1321325355
-639954371
-858482228
2062485105
1767507971
-203464649
600323309
-1200223950
231573903
-801270229
1107426336
271306384
1016320394
-1415952776
1908286940
1163762064
1520913908
-350896239
-650944037
-414611656
-93135178
498438876
-169729999
-366228980
1067238612
1755653597
-1146571360
1357224405
389337314
1535881619
1761931562
-1245914204
-34437961
1429754914
2002843366
991938070
-1345905568
1372264625
1037202455
-95943208
-137186729
747379093
-208633734
-1991432595
-586485003
1863327918
1591066846
-722582738
970265380
-1218680303
438935290
-1202240366
45874776
1974562023
2120526458
1722166703
-444141633
1254018708
-932087974
-1824965120
-1115428170
377545755
1879870839
118942568
-1893939585
-517315136
500907363
-145950601
990167345
679688430
-1671795080
2050239211
-71840273
-548440997
765704751
744121976
-1780215204
266338921
555247794
-1179832373
820594509
-1189050929
1827087023
547019724
1193341120
747398264
-1722127250
864087843
1901961485
363797674
-198492635
-316509698
-583091365
-143505301
-638300789
2001288208
-1780913835
-2101480673
-795353942
1667333340
-250693604
-887741067
674439673
739181618
754061438
1126878084
777493929
145755898
-1088258456
855464240
-1846284225
-793142225
-282297447
1167184082
450561634
-787116498
-466538088
56037400
393326069
963320881
1617651432
-624130264
-84416408
515790869
2046397305
1755954699
1214549579
-195310493
-354969504
1445874761
-1776347101
131167885
963294922
-1786304817
-817061759
-1056530057
1521213998
1537239065
-987598001
-1466407879
1444805057
-1299646836
654425709
213436707
1703867695
1107275043
1749366652
1412096256
2120953991
991423054
1608698616
-136952161
-748354698
-1705137898
1167108236
-904866162
-895346761
-4224892
1799241889
-1083859160
-238865718
-1626905277
-710473929
864832722
1832019683
-1659868796
-590475272
-2034985343
913235749
125024033
-762390646
-1887605122
-1530086641
1414729733
1935724068
1697119085
1486007606
-2139414326
-1859094685
1611832715
-926527180
-645049949
51000158
1284015158
-1282183968
-763674245
-880802569
-508127310
1196003518
-660844706
-1938495116
-731989207
2041498553
-1857563112
-2037541555
-823219469
337470991
-1452999141
1714399815
925891352
399366028
202066341
754301633
-1189414382
1443720442
-379764958
1578085965
-693208106
792023255
360240590
-882091134
1246417173
406645576
1995409566
-1576899825
1814982335
-1258435250
653407072
-1705256941
1486293448
1676581686
-1719984608
283681196
-1561187539
444443222
1401084622
-1529708083
-1883996103
1854621173
-151856867
1297399125
975137540
-586231926
2043860141
1782079836
-1716480196
1995517481
1448903019
-1924759089
-194013401
2128232762
645077560
-846770882
470404327
-2074719637
347256264
-1421997580
-1947393024
-1248623897
-1574599220
-2113974200
-1835639017
2017939399
-1611963309
1849693746
-1739588100
-1890727479
-1174252691
1787912224
233504746
-863138753
1109709585
1470475018
-691337715
1758789449
-375574208
242901955
523475523
-452619962
87767145
-2033123438
-1973641690
-734751865
-1316233201
1523091969
-944757174
347123269
2101928872
1814150132
-1141619261
-111796267
250635208
1707405308
373788137
1418410777
-690817666
365070317
-100710818
-1914578631
988333054
-830761043
971153744
837923475
-1683707776
-634787506
-684822533
1019925231
319183974
-1612992929
864099185
-1449222921
1067133348
90731135
-796465763
959516901
-835797668
1412047666
-12929404
2072726141
-1394343737
-140623625
1930426830
-1014797762
-343401380
-1296003687
-6401915
54353364
-1250948822
-734934075
-1850729701
-1693762608
-1689037687
-950901796
-1289674831
-951376230
-2053309967
2057437706
470470806
-1320424795
1003845417
523403671
1066399501
-1038038043
-229146973
51231101
-1351498157
-136300930
-424481754
-833421767
733256415
-581941571
-1019748435
1640656101
1262152171
-859874229
1969103503
2063160198
-1281284813
938880159
-413451553
648301219
-1441949956
1544816820
-713305835
-731851754
-2142012841
-1745008132
-637842451
-2053008603
-1577528410
1242503827
6211214
1707438548
799198559
-716501833
1510393071
-127711372
-1788568305
442512760
1794984566
-1399794561
94975138
622771883
-29608223
-797104217
1865434080
373171236
1308757353
-1247559636
1427852858
-349335517
495553060
73335149
-594552633
-450295026
-1210406486
1257622466
-1472203640
491090528
-105773317
1504267912
2004527347
-1479513375
-186272864
-402299012
2021261999
1434501655
410840591
-788061364
1555876507
667349756
2082626131
1087517547
1318463764
1716830704
1039048940
-521704156
956152183
-1712446480
956536819
609986034
2051985892
-1559960312
-2008130942
-1649442546
810419013
-2067545594
-1119292846
-388103608
733484430
373614960
-990218332
1732311578
604898374
-1761929289
-1610691739
1564974841
-1652179131
-1877753173
860704652
351070190
-1019235394
-1643378638
285753798
1889565797
727540095
-887532492
-1860920235
-500282043
-2120908681
1470231001
1926537525
1566452544
-1549370760
-384762890
2052944768
-1882853781
164642110
-1944821564
-1641913582
735970065
-527783760
755690706
-594096528
1175547843
4070757
-1152151236
1307688677
-864048973
-1206390935
697194781
2068620013
-961035198
-227753664
-1460485567
336120535
-551951146
-1615394006
-1880724193
1258130341
1694821361
559960744
1060788229
548088886
2059651710
-211298753
1831082389
-1261633370
227476078
1809953147
-1804874129
442980341
-299094653
-1384792778
-392253905
-1407967258
1593744747
-21647335
1486977945
1025205033
2113497360
2140554083
-2030222317
-585955909
1997830958
-1731239959
-1779162541
-107781235
-1679067611
-1432119459
-1944913832
574928227
-1605992176
567242194
2010141853
1499684863
-289779179
-1503316097
1427633804
-602435202
2106460670
157454018
-1046108624
2094977281
-940919544
-1491556760
1812550447
-1123261297
-1421769477
1716583467
-1202082058
-1555058375
1376983162
1387016059
-1539721675
444463486
219374492
340852865
-2060919410
1338973681
-682947142
-2082620576
-950217336
-661437416
714102922
535729085
-2082530871
1197574039
-54598548
-844123007
966246276
-1776412274
213313028
-1474689059
-2121124048
1463317054
-1247698680
-1914307698
-2107640454
-748128014
142752858
-47200927
-1404553349
205243932
-50904231
-1048777735
-684501459
1832018877
-1014863757
764090320
-684499685
-952324086
452025598
2051829883
-1670195113
-345881012
-1998859704
1609959985
-1032974927
-478932473
1473771500
-917952627
1340740901
-785780642
-1236792473
1418220434
1214284948
-147946571
-2085040918
756389872
2009965239
1386356120
-1577980560
617042821
-1371908784
-1865948454
-1487484397
416642342
3817121
-1843491327
-616101733
-468115810
-668352990
878212065
-2011961000
-210439178
-394344339
-843272570
303587889
299670262
-851785091
-927624617
1708087036
64368364
1086000151
-1276194441
1084523279
-424104789
-905427577
346550638
2129782806
446077654
1067277455
1812330248
-295381466
1727296094
480803996
1736010877
1948442898
1851689800
-1488388549
-1107548719
-2101848323
-873819725
662688202
171730813
-1705046992
200066841
-944807566
721507151
-1480224723
1189712852
870522452
-1586577522
-1486086140
1867525348
736505090
-1232282527
-1355945500
1477661167
817095984
953830256
-371034636
1476487048
1732516010
-1779069493
-1016313757
-200445517
341857673
1305799690
1799819453
-1378962776
-2041669727
-86885194
1912142464
2073358807
1559305533
-834523929
-269487377
1489743660
1589793550
-1297813714
-1014171611
407291540
336530271
-1393003340
-978533012
1119307710
1497396365
1687327907
-1457622833
1781499430
-802520394
1584121284
-1217540627
1418306894
1449836720
-869708184
-42948081
-1846270642
1731116093
1254100620
1231238525
656159631
7897468
1853311031
-1135530483
-1952070701
1785387425
77924903
-1773232388
1243460983
831406312
-319545172
1507609088
2123532540
245024710
-560090926
-1006563939
2026138051
375542625
1207886277
1432542391
514166807
-700845758
1251293297
171907944
-806338703
1542992457
418548072
1019966739
2082989302
797556961
1239655689
-1266319431
498014787
108832371
169026013
1451802762
-1493921683
989197343
371452228
1550312895
-1370151101
-2037595479
-1730844080
293554598
1517401301
432061873
360552176
-679210242
-1885650630
1097969191
2101546833
729056900
2145434252
2015410172
524558208
-113025587
511010103
136003357
-411208877
937506646
-1260942221
-2126862436
269329545
1441035225
-661440754
-404527824
580978480
-767486751
737469550
245435871
-1365026746
-1450741600
-692283946
1466196985
311112355
1345965824
773957608
-1337750712
-311595499
1664500727
159137898
15457668
1883557068
959666975
988894284
486019596
-1505977608
421750917
1305119209
1398058195
-1626135376
574329536
1190361997
-1224218472
143861269
1486416453
-1280696777
-1856925607
1920047543
-833674758
-553103201
325745673
349145399
1498529032
-588720518
1316136064
1131791404
-1671313931
134890491
-577240398
-1462066870
-1724423439
779525533
678407715
1113599425
1572854639
-1973506017
85847706
-717525278
1253958391
-1425775408
310457620
123443720
-1465696966
-113273332
-580964357
1806853813
-849866906
-1310906362
-1210945897
61660923
-1676315973
768633286
-1154857020
-88190436
482221150
-1993670027
1364588517
-1697297036
-747032979
508554968
-1492178408
-1280524393
1090553427
-1894100198
-897097557
1500096950
-111862692
-235330355
-291573555
186123078
1319192715
697102642
937657736
-174083102
37355691
-228244552
-1174446610
1039452016
1932354467
273641666
1898035858
-2083241853
-1713494514
-2088712019
1316761146
1200696576
-535776245
1510110993
410502610
-1886658301
-1245176752
-1687842234
1375746978
1059552259
580786309
-936763607
2004003267
-1750066125
-1843214641
1269566751
916484047
-2048498645
-1652168534
722824793
1630420951
-1022675257
-1768637701
-838504359
-257784167
-1466905265
1697954661
1519376565
-1191861518
-2142991400
-1036718374
774965787
1017749649
1511471081
-1244365451
747558292
1402366445
719287648
1190573959
463379468
116565368
1993125270
-1763059729
122520593
-1460620780
-1124154175
-299427921
-1521498149
-137726266
-1843838566
96986811
680025996
848165289
200198975
-1193976302
-1563784264
-995626460
718020953
760495890
2144011302
1665714783
196604545
-264170488
1429130968
-1466711054
1148138719
-959101434
100795208
-615566369
473687316
-2086192135
1539374580
1372064194
-834777255
-1127950598
-792541156
-620095930
1889486568
571006948
1870378954
-1515076389
-224137318
-1914619354
-1141142510
-21807963
939654609
-138088487
2038073755
-138535753
610111639
-1141478636
1761434461
-73119872
1288178183
1495232639
-2142258261
-1298304635
-2136372757
-954618074
2115119476
1873307472
-705368410
-334497393
-1734922811
-18465113
-400523180
-749634547
-2045708911
-774183167
1952164399
351372374
2102936500
-1522414283
35415604
467906131
-1952317643
1004308084
1269120773
-2098361801
-1257709109
1166849657
953093137
-993783853
-1876620638
292136190
1970260977
-1170443481
809728350
-6998415
-1637203691
1876766267
1248572768
-2086978585
856175775
1670730800
528622919
-715043247
-1778678898
959283601
767154873
-1940084499
-2139071969
-110690834
1433458274
1646704382
215826799
1643307691
-1782708164
1172326590
-2111577244
615799573
-341274607
-60906605
199207118
6181301
410255933
1897718145
-1551002168
-1129439511
132494520
-56667168
1770719332
2122976431
1797478483
-1784816306
635387270
-446446652
-1878302142
-1373276442
1897775120
-1867778579
-68417062
1680889009
1222518335
992336275
1401282202
1631018332
1680326996
-1883354475
1569929839
-315168469
821437302
1366533209
-1327623117
852229165
-689594410
-753358556
-410913161
-894537807
711272724
227412651
110108289
1612693240
163394017
-1196202006
2015889303
-1792185557
-267291676
-1911958477
1316415102
1747004047
-1937915679
-1995490423
473225533
-630696202
718029336
1643853870
459198246
-807448712
-1438266901
1224420730
2035838230
1392820579
1946360770
-879445011
-795774469
442764399
1462783538
-659365240
1065246614
1153775158
-987649188
-1420598952
1399614337
1738809570
-1691634797
1963929938
-1883964301
-715654873
1663444545
2048009574
-1487587389
963579763
-1080281846
-859633459
1009935146
-1856860060
69879089
1772015270
-593748276
277401722
-676601029
1625204416
19512185
-1843126515
585288913
1554647993
2065707311
-279489407
-1788201750
-720167353
1516403171
2097713079
844604969
-399711787
432428160
1389221574
-1071831165
695217745
1707324464
205950698
-1437169884
-107123900
605380569
-578814020
174452627
-1802082270
1464174057
-213756509
-1285412077
244114915
-410433450
-1006184566
2031827276
-627595822
1593476320
-1255193645
-1893721301
596185508
-496018023
86083722
100333829
-1979723573
-2044508762
1969900253
-1199110398
-1587880180
-161638841
-1690570293
-1416246344
2109732942
-193073132
-540596196
491760918
-1728287307
-1869157240
541395344
-1844058237
1609938927
1128522691
106590043
-1066773690
-1881122099
317639307
-805367857
-1497129945
-1362563563
-7902061
2039113051
-1954885802
-144416874
-939686144
1882427571
-2107022452
-237387141
1105430312
-294606256
329064304
730415076
1974989212
1769289499
620331579
1677262002
1303360872
2128000100
-1678470498
2118781090
834400152
1180266265
-1223215134
1378134685
2116674302
-313058765
-1362656943
1714200141
1927555123
-497821581
879067092
-704440589
1682463194
1601023310
1009358301
1608883063
2079637803
-862090971
-1682087546
1599475648
-601504081
-1367317320
1266066682
1948876613
594750280
-959307812
78500116
-1256162076
221859188
-936700052
-216000955
-1677382670
-1392836910
-768825731
-1008263238
-1267186030
-1127436828
-1789393196
2022628541
1868019018
-526260203
-242334564
-1703674790
406752211
375551998
-2031142573
807141190
-1572372689
-851663900
-1581727227
-975043588
37234945
301879429
908502205
-211701463
-674452456
-1432941548
208066871
-1447304630
-750743988
-327072384
2109548762
-899220846
950721421
552678396
640440804
-1258880496
496035384
-1165217093
279599591
-1301810927
259274924
-749497093
977804147
406244802
559254557
-90556859
-636675308
1128038426
1668274343
1787579122
-489570434
-603488266
1359729318
793064689
1633880326
1386201477
763193668
-2031656762
250430548
-395148315
-798877102
-152670507
89306199
-1696995826
1263546204
-285987616
-2081527944
-1718721041
-1114359817
-905632819
512928785
-661738026
-962898596
166313388
966121504
-1897114604
1518218042
-2042279943
62347319
-911052576
1594460615
880563741
215103927
2114268795
-673241833
801654842
1978770493
-169363563
-2028343887
-952763865
-2018576805
-234346513
-1702437281
-550379847
906525066
784819008
758928197
-1247540412
-396697249
229439068
1332166197
-1497172127
1612122621
1154836115
-1144599487
-2048133904
611363275
-1779723433
147083409
1430037600
-1277564315
-2078011871
-1281456011
10021165
1626021079
-960787308
-335770435
1635590826
513080584
703060193
648938568
1622453504
980367476
-1254300563
-1398576166
-167186826
-1294193635
712892593
545425203
-58886926
1154878915
1290568290
786976604
133294015
-1178012590
1302778577
-1129647549
1464521103
1545630619
1204171667
813938570
-1597077820
-1335443642
-587696028
1135730331
1299426282
-1136752377
-613008568
-995833345
129179784
-748679664
-557330701
684526576
-1824042472
1481967558
939291498
-996595668
1096760146
1379300278
504213737
731651851
275485616
-1788188982
1583545607
338236883
1947267886
1653563319
235408919
848343115
-1187910062
1604701369
1214939345
-1109266547
397438571
861911170
-291916750
-1411798496
1739967005
-1937124753
-733085792
2026434886
2135253532
788547069
1957341008
1676408721
-556415434
-1613425286
1778397932
506481852
887662231
309652479
-1609889169
-905805129
-1856367288
1408408221
-645628589
-207056893
-710681608
527480021
1452972014
-1943043264
-2496001
-1172045747
-2075825383
1917344771
-1762582881
367045569
-759780846
1306074349
-2144210036
1640988983
2106245795
1640262392
1674365870
-1324906634
-248458365
-54833644
161344036
-1180973384
-261020421
-1290672398
-1953802868
460596382
-246413364
-238473698
818359169
-935097501
-1006289329
-2087907245
1357195364
744280148
1201558494
-1668842486
-681941153
1850412415
677676658
383661139
1139449511
1210671786
-1165678963
-256213784
855006208
-1660857977
1912967514
1662448511
902956422
1832266020
502933778
796994144
-1215978839
1383543976
1787424672
-4073418
-1043222152
1293525308
-1447123065
-298340055
559254563
-1252634810
146513667
-438420181
-629660998
1375142620
334727534
1857765265
1400638779
1589749623
1402473189
1946321894
-2026620470
380082918
1342429739
1978213372
-10568894
-1146473594
243965132
-1759601853
33520620
667219376
271049093
-831308963
309123213
1916873841
-1355227933
-845621775
-1319344219
-622995072
-301806551
-1889292354
-1218547466
-479055764
125969014
-138473229
253417794
-1470099179
1830609959
250218174
1351255641
865023324
9753721
-1916392925
1754562386
-1140783586
-532915853
592150542
824593688
-1063761059
-1103414782
-523123030
-1991024856
1588538304
-1730241947
-183450637
58685592
-1882640579
-2084447541
-2118227574
-850106022
1951807764
-1370211271
785048007
-1165781054
123120894
-1105629263
-978855404
-866640315
-2030029914
406942608
-938893704
-1524203134
1015403096
-1458150601
-1520051598
-873250170
-1071822345
-830137106
39654152
-1166421685
965144884
535814660
-495374818
1783735170
-1073971716
516445498
1887214347
2106028946
-507612622
1264614240
1898115177
2145184735
2059345822
1849205312
149754668
-398376369
-2040170716
168448443
-1533003019
171542537
558962488
741255986
1455450024
-1525173889
-794014319
570481447
2143558715
256613038
-1540358116
-792493789
-733449519
2131332004
1640542515
-2070269479
-647373305
-885653182
-1928654066
1620473739
1557605260
1480506947
1822023289
803861676
-1183212554
679831676
-1014636345
356879558
1810244564
662713957
-1748208378
-2088257635
1886988799
1979281623
1353178227
2019189397
-1858119883
1964952855
-1431819728
813892688
1893944039
-1986141422
1539487284
1957545627
453069137
-1877261334
-504280190
1185344138
-557893941
86373553
1792640413
-1601975584
2006479967
1017205107
1300762938
1131356341
523399578
1002151033
1741866039
1222798930
990381991
-316162612
1118814411
1901114463
1862726041
1303705335
184489983
-1796942529
68941319
-1345876207
-1037590691
1480084155
-1403021859
1793178362
314502630
1846350301
-1218554767
-644069916
-1400916920
2053107998
219475156
-798835179
525395024
-1193902909
-1494611862
574564842
-1034724451
450788739
1886669501
54364446
554894742
-821387923
1198835341
1370465868
-1185699683
1435664136
1482371115
-48366414
113300100
463119035
69886214
-616909257
575379519
1649065583
1525219462
2096629166
-1065870117
771713906
-1674353128
-1070374564
2005406638
2001620638
188811401
1903911351
-1148276272
-1721622854
906038935
-577877904
1850589897
1638280479
-317270843
2139845556
-1300048757
2047825054
-38241169
1471300013
-1857638750
-1815448928
67033117
-80926642
194021545
-1980313969
-1252570853
806356304
1024570368
496309109
-188915128
1167911543
129346747
1127858145
376136750
810740249
1398654428
-1164169199
2081285715
1736353760
-1288772411
-1375099315
1182286286
1060942286
1547370471
-430574192
865898780
-363207295
-541633345
492417646
-396142284
-478255688
1485539587
-1347940815
992751576
1758716949
1880435480
1277476932
-2038303955
824197924
1002325446
-674979372
1629644429
156882075
-474154194
55173044
706889884
-1639270429
-566404358
-1569266048
-755747175
455941334
1620436950
-1371443963
-156634890
1149398730
1027244064
-1606336288
858576169
1510190030
1881710043
187480420
-2019319612
-475435981
130228712
-1527843648
805884355
-257008051
1153638007
1895973729
-1571407836
-1806222726
-867806022
259745173
1524599997
796357475
-1571071525
-52920464
-2067848887
2002396802
-1795778768
-2106530061
232062403
254480611
1983551917
1435578473
-1123418377
-663516114
1689347225
773922068
-1567765931
100390884
-1078215803
-1687728119
-35673337
715207399
-782854280
-665260712
434089030
1739950400
-1415169169
-2027845777
-718895895
-58344932
-340157436
-546177345
-1715984322
-2031109608
-1427108244
-1293207649
-2079453155
-2084432450
-1063882074
-1864119695
-743205831
288528462
-588231440
-2062151166
2021647033
-1504568640
20218493
1303788598
2082369030
-1405108471
1548528997
994459876
290448358
2034113437
-845071395
561505023
1985675722
-1359930571
-584331609
583737333
1741019747
70489297
766282443
-1566985893
1088774266
-329261056
-1837739385
556172489
-765834495
-1177097889
-2129585789
760368642
2020583012
-330986658
2133903432
1308923736
-1245665500
2095066954
309486323
-865405874
-19885657
-1748436346
809002789
-2044315010
43567945
978652188
68851005
1838671037
1874749622
1445564020
1508677833
-1929378692
1868680570
426877282
10634297
1363043697
311439577
-788897691
-57715755
-1995454603
394795995
34769197
1961618416
-3517777
1702835371
467633757
-2124003747
1697294834
-1448547551
-1028529518
-1675803870
1895120740
-1272784227
-939563100
-1176055701
-414855329
-1201343210
1867083307
1367367105
2074158491
-400503950
2140807492
-914960773
461082764
308053783
-1431586155
1870045044
388540168
-397711167
578353805
-913558530
139412524
1060036758
1814454512
2112323093
1900469632
1739101047
2615698
1731556823
2138150745
1620500888
2071941474
-1781197773
1576582014
-82132398
-1188354134
-799750944
1149728270
-1073805001
1302278036
-1426029679
821689504
-1448712090
-2069703185
102242406
-1313504340
1109836833
612024115
-540530779
-1564498392
-259150948
336507330
293079209
2012357494
-743240937
1426940016
581539866
-49145987
1639738158
321116485
-1513653922
392171796
-1564192401
1584831617
403798862
1839770279
-1740728787
1306959839
1956516908
842238228
-1561607277
227328542
1046685909
124314838
1002099195
-612732228
-710438094
-354156188
1780077952
1081512452
1298275316
-1389676837
824930513
1213844811
1814158208
346845658
-295689912
-31589515
224867878
-618181204
-464537542
-1628947010
588507033
463219884
228627856
2106452151
1175179675
107606757
-896567402
1502640525
814186999
800737016
293860370
1770855313
-281762892
334921026
-582291816
-1109360141
-816853113
1828557117
-1823367139
621287889
-2103021687
997576999
-825162807
-598353808
103197225
1880825824
1015201040
354167240
663652451
-2087390952
712362755
1959510853
573229873
107832233
-500523806
-36348213
1957241922
-394977728
1703107574
1270718971
-2113354263
1836438083
1653505693
1324463540
-1326481833
651135214
603912358
282022364
-296168947
-457498945
2105973982
-700759712
-839399029
414093588
-1719893013
-749886856
50030157
721814033
-1719497641
-1387567313
-764349705
-1965123897
-75872273
630774306
478061262
-566324334
139127374
1623796615
241448042
1954044610
1878985908
2091600497
-740914263
-1687408260
-405120229
1064603217
1042708199
-2077823262
-1066107252
221115584
1374819179
714733937
753391790
2005989242
-1272740573
151729835
1576527007
1674395309
-1409878636
-123612939
-1107537658
696300404
-1125315061
1465841601
-241490072
985642653
137257240
-1625293329
-953314117
-559710286
-1271433412
-348554640
-934271176
-1699682249
-2098433311
1091653420
-1747413643
-473290961
-1397850230
-1239959002
-411540814
696402149
-1443069878
282973404
1827992690
-556716312
533442938
906634739
2085809485
-1517026218
-329502299
1792157971
-2082742012
-1758162339
-703027769
799666448
-1513966122
-259501825
-1957729097
-1924577207
-1298381039
1370394644
461837792
641200981
1294408939
-1196280683
1897336631
503904731
-1942598255
1328776726
1590214248
-142140992
-532620416
-995962732
-791381678
1519569032
-933747436
-136520079
-1915678283
1402234613
1130183006
545689275
-1704728534
124488436
1064707642
-90895436
-588596653
569279417
1078039455
-247175794
-1674076078
-258245592
1297629240
848729462
688582014
1229905782
194065204
2106666195
-1535252396
334029840
-713640103
1947219151
-783512149
-1207541573
933720927
292094485
303813419
1536118780
1975530363
2038431964
-1229120257
-31480391
-1860159431
-1130316508
222747337
645225248
-1381818738
194489152
216367062
1146672327
-293030611
-1853786989
247941778
-1188886765
-529247463
633064606
-927428802
-313066274
-235764869
-190836167
1949137375
419079252
596449973
1232093472
-959349895
-1196095971
409143478
-1016924239
-1635527043
-1049212224
-1178960753
1799591155
892075647
-774884794
945368390
-1830309158
-2142781653
426500637
-153625622
-469008184
1740660345
-831247041
-1109171481
221954647
-1900859873
-1936082285
128902811
-1719372203
44908615
1137225107
-2013267160
2131978767
-1046400126
-1275218642
-1015622773
564542674
1339640315
1109566703
1212272109
-58353746
-1399373841
96009309
1032646969
-62939779
-1456040612
-1164246875
-1426903058
526112547
-1027784968
461524086
1195410486
514531350
470938212
-1953695188
1529952566
1175148320
-2033286751
-1125594064
1925969318
-173090973
-854066749
-1285687395
733567908
1718877598
-1085441821
-2132183769
1909805509
-1311162963
804908889
-214893512
1248020845
-69301162
-964411349
144247899
-619702688
720183618
-656640833
-43538211
1770072984
1407898952
-1256458280
-1964725583
2077905240
-416374543
-1996878913
638766228
933243009
-2107637960
1968500672
-1481976463
1542393635
-610060143
455305432
1840547077
1399011926
-1877943764
-1003904597
1051666118
-2105009845
1251401082
537367995
-1460277503
645027229
222708719
-991527977
1428850241
1569260780
-1107809526
1299047376
2050123511
-1212686420
207723666
318798706
-352718505
1686999354
2069733153
1590406834
-872785537
-1838779088
-1381414171
758421283
-22162466
854939129
-138025307
-1461719377
2112857043
1417740455
-781102846
-1405486718
-436473708
-582565373
-1050330625
1832819529
-6454191
1423909093
974254275
-158266468
-1906976360
-1216124474
236046748
-302654025
-1490150662
367517587
1667129415
171528048
799406319
457680323
-1658766738
1555501925
-1407223306
-411256917
-1718776207
-2074604940
2037721344
-36732656
-473353623
70099055
-799390194
802089982
1707538281
1176092688
1224400152
1329264599
-1957366522
1970115114
-330569935
1343827374
986024217
-178750431
-2066097689
766215637
549588931
379851164
-991541009
-8940876
1749194672
517008760
-779387390
-267057956
1972770464
728999423
-861459711
1129831515
-1071979997
-286240679
1874565727
-304358575
-1711312733
1386628930
-1291255361
-499380797
73377447
1300572413
-1139352869
-1315276114
-2003618731
-2145435513
-268474712
1254707807
700827449
-1478701552
1984806583
-156750335
-1808133052
-1388911962
-882829090
1851602039
-1239089642
-602422477
726540567
1782265964
1763597183
-722860375
-1168011865
-73194585
116990531
-2017533061
-587902590
-1438628957
-106104291
1418158158
1333530861
-1159443618
404192262
1927502832
1203551333
1698766449
16490934
1959043209
1668445631
-1962165920
1997154666
-262965745
-182246512
-806040781
-601493016
-1301977089
-1874766130
-1550265275
1807979200
-760335799
-1613470025
-564994469
1551086803
1490946443
-1859393807
1291461112
60550937
90157698
1288821746
-817615634
-598070370
614210748
-1656663647
906649144
-1748313908
-271551342
-484624323
-1555379449
1370122992
-304160683
1543351166
-357965542
-1664159242
-2007933753
-106428423
129718866
1333708663
-800494387
-1511492920
-1263643259
74815733
1670287457
160020329
425830545
-356953500
-560417075
-581787674
1570946996
1081388268
479404053
817769270
581606939
1009083885
891773364
1301693923
-586034248
-3644861
682066571
938404076
581794904
-879869494
690577942
-1451638036
-61563916
356984612
-1986732320
-1677144197
2075028550
-2023966791
1707700281
1939374291
1579118495
-1843554305
-669571291
-224370762
-1594598153
210626555
59918998
-705477233
625424709
52724742
-813169954
510039255
-49532399
-350941740
164481118
805966778
-1418130106
-331152974
-619935357
1865436409
-1831648692
1123703822
1422113779
1830918929
1440616534
290362172
600820994
-145604195
216212984
-1899435657
-1895651990
110508280
-1696223749
-669295835
1192506427
374575142
137942388
-1340232354
-954452720
1885243636
-1179640045
330195119
707110275
2000212573
1748047800
1533643802
780115426
-1876982482
2027110475
-725359519
1500938530
-2031499539
1798586572
-801606781
-1185171437
-915130633
2138290344
1880867974
-9344043
-1250719257
145440847
1670350711
-1431112822
474675006
-2131988478
-952241745
-959846068
-1423352512
-635961359
-1036755369
-1827988895
-864403684
-2139204220
78181165
-346700115
-119144113
1919619576
-118534777
-345840793
200214601
-406686162
1755085720
1404654863
-1326473905
-1880051777
1092273649
1096242335
722910627
131621715
2012351818
-848268288
-1002424349
107939891
1209122947
-593300033
-446252114
-494212837
-625627419
1811835904
-164315251
-1739596204
676281004
-513748302
2049138959
-974842622
2087759817
-1689347836
-1226529995
921663418
-1823423773
901598742
1674096400
1509002327
207125663
-1399855885
983825064
1265294094
-1148316384
-587283521
-1430881760
1033777854
-808221743
-2078993876
-1284358377
-1165533556
1712834401
219151154
33696336
889069743
-704239089
-1778133505
-1487432812
1334675080
732890663
-17405397
395316182
946072053
-10891573
-1898134737
-51208808
456209381
1500012790
1574848279
-1026150514
1762538543
-131080002
-601488265
2109271424
484516511
288073432
1134979995
132832116
224435538
976421473
-926750975
1001125643
1041741891
1117967067
-451541237
918588203
1004728869
1677213301
130168048
2122619358
1082598002
-714471282
1797660915
-927891335
-914311997
-1159574405
1470980056
-1701365248
-1053112990
-443375480
-100078702
12379080
1690497821
2004411709
1604483904
1509058654
-603456932
1137394913
-1848056230
-1122536281
-2063700618
-1868159165
113444647
1853496136
1273503295
-2101404233
1209651314
1525795399
-105902875
378276703
1304529532
-1174309134
504754172
-1149366869
1416981300
127280127
1937877462
-773592798
563608997
396699124
789069592
-620757407
-1906438993
1547684297
1437672073
-921040028
-1246690055
-1209515573
-1314657747
-1156236028
1149305382
-1404175166
2077475218
-2137566016
-1290929338
257280854
-230740632
-2125076801
-902643058
-4950098
1697641559
1206580245
-248263604
-844582055
1615872269
-1092459195
-1304497900
1305182065
1680298389
-1446631162
2095619903
1371304701
-1428076561
-1811481782
1908813717
786531223
90894300
553392251
1745637705
-1798818738
1696828920
-1424727801
286507301
-449818931
-537654258
-1997033186
1024835589
-1784247620
968627879
905932986
-1550517111
1343735653
1677393892
1549377503
-134290427
-483673190
748911501
983163683
2069663420
381698006
208046185
-1196403599
363445070
46962338
-860677425
1635130377
1876659566
428234554
-1955767171
1249646026
-1576533033
387440240
2134480295
734529203
448420224
64121295
677647187
-1192155481
747619854
1472479490
1093705443
-321584528
-1594142327
-1438805641
-1980671245
-450233851
835104594
-1554718657
1391335780
600104719
2043761748
-1155123657
-1792901447
1421572009
-672252806
-1332319636
1147831969
-622466713
-1479273632
706096827
-551928364
1809666202
-736447412
745980600
-1049180894
-2118776879
75248991
-1466142511
1817440712
-1348967519
-331419129
1593391538
1316691717
1329784489
-1861138249
1903972841
498402540
615330256
-772341798
-934718003
-543577989
-1699531568
997426692
-1521199204
954644717
69493496
18579818
-2060571677
-716313012
-1073024979
678126228
2048825378
-290308791
1790663217
-462950832
811616175
1927541839
394052135
1617490665
-1993561382
-1621551659
1553914454
-1044538215
1686381649
1415611379
1037724717
-1361240773
-1719588666
-500969160
1931852422
-691168444
-120900402
-1028339014
1828078638
-1617519629
1588116748
44109677
-830625115
-1640801081
-1870824306
106383544
-351813343
-926101455
-965425802
-1152460731
1903953880
1816801675
468563932
27004696
-1469769857
-71146424
-1707506957
1923629539
33865997
1917293163
2006586474
1835421335
-81533500
-1993753027
1785846292
617703230
79252337
-1117504711
1820031434
202192391
141750513
-2118827445
-169172080
1901833890
249669367
-149023431
-221945354
126755022
-742461171
-1099078303
2144832704
-102997969
364999384
-2099449436
-1097317944
2036733284
469003679
-2010738782
-764180445
1531939929
-154463731
344200231
-865566333
-877882408
661695030
-420426012
-32584229
-1853799834
-1872568361
45780321
-652475064
1011463244
1601413857
18569522
1051487279
-2131290381
1193571384
1727292776
1881163170
1281463669
606410935
1883627338
-728668153
-1189873041
-1612973961
-1803119035
2147153915
1330584348
-1837191599
565817120
107441523
1030774687
-1431991392
-1890593165
873940772
-1647838049
229446731
683976281
-170586075
1252045337
1474606850
-239062172
684825553
721691504
1035617735
-443550511
1772985329
-1746658104
1946546863
558463996
-318507749
1526880661
-577579799
102543126
857371988
-1938448274
-214156801
-947750124
714395900
38029351
582502236
844116202
1566575083
1014594077
1789702157
1166475768
-1110793002
1755039187
-1053654325
-1489350716
-366980873
-960439875
280646712
1046397674
2036721133
31683932
-1903015575
-1593877168
1983699936
-639768438
1650706084
1685388189
1405329896
1354544150
-1894332822
907016683
-977635665
-1136517229
-1746592585
1835724730
1066051412
279763053
-934794617
832091944
-548906862
811658812
1729086876
1859072862
10829345
1446232156
-1936107394
-1907127731
307029083
-217009987
772439747
-310131302
-460754909
-860508169
333619600
1847922390
-57018110
1604581024
-2056562593
-1730348302
1662116242
-1689092127
482841090
-835741455
1730859551
-92989113
1692256743
29571039
1399404938
-1023140906
56216988
-1035593727
-1685227408
1071522403
2043074197
-1654555827
-1899357556
-107065053
831192109
-1243035364
-1512455591
450298494
194593258
170572061
-1860850949
512355625
239060484
204847501
-782769057
-743172237
-842279896
-583007068
-444420704
1733635038
-1743396743
2071402834
-1875340884
482280176
1269018326
897682219
-202954201
1265858123
-1456526750
-1405526626
-385831793
530829563
776253760
-254517651
291415456
130445583
2039732382
-149736616
1988790009
334261866
2042227957
-1486418149
-1924207874
1271552730
1442689678
-1752612453
29274880
-201035927
31992391
2147424091
-770874469
1132444403
-1457627498
1303886900
-1100586145
1535059448
-996377394
-2020010683
-1767440462
-1167302733
1706213025
866895399
1052335092
1989806187
-1977030683
1977996645
-1920160028
-2058507000
-1745527653
2123801643
1133081154
808806376
708907820
-1351733956
-232363852
-1185531149
1698817780
-12271831
-1456628243
2025682668
386469636
-446192193
-712063733
2031141898
150715683
2021816001
-745629376
-1782734905
1552427286
-360450602
284763316
1212310518
1846119457
1297662916
636948906
-417846501
384946381
860179678
1384409569
-379181578
-596116758
-1672762693
1166633020
1948005985
2121698263
-6197976
-813940572
-1063525541
-753572096
-1744535969
528286253
-537658781
193919656
1526568568
-984942729
-1725664758
-1927761688
-787353057
-293263018
438657475
-487396106
-154320762
413001653
1942299389
-467330902
799538333
-989627209
1025437555
-1397848514
1667081600
276721182
-1246981950
926755413
-1886811599
1944580336
-1844775621
906457662
1368923270
1633776471
-1464680966
-1082738055
1267072868
6316233
-1637672393
-1037817479
1472545837
2054128744
-1089567781
1132589739
-1993045130
1018801578
1962815830
-1180219978
714800381
1300724540
1977241775
1800760836
-1059632422
-2095812573
1100111836
2108745345
1528771571
-1732397276
50476627
227632546
-795854411
47134822
719688672
2130191785
1898544384
240772437
880101561
-1335104218
-447613342
-1949802808
891701967
1575918528
-1450345081
-1768597147
129256550
540557109
-1489611792
1155097668
-1020876825
-987761506
-1237834013
1285289426
-1978157835
1843075575
1646574754
1160635127
-1301030211
-482372641
-1647722273
-963533701
-2090404974
-541185125
1458725998
-1705505115
-746334792
-426358432
1064748092
-1365352668
1167791487
1611960017
-60404865
-549141197
-1401727853
-1614670394
255427886
-1321023497
-1108954478
-1149085874
-1161097036
712060715
168702687
2113535735
1436462559
1266110974
-1940051019
-1820774836
-1745316834
-1006374853
-535031170
1799877790
-1648981781
290978218
2027108709
1071382279
1560242566
-961812554
1596674602
-1419066197
49617891
-1671525041
349358644
-71584959
-102753564
-2006548207
-212577300
-1001250863
-1073016374
1852671397
-1145294520
-1589706818
1324890857
1787794535
347018149
-1553551865
-1224641125
-1121096119
1802413273
-385400631
252659574
2061293302
1869942152
-1492110584
-1440596799
1199496762
554831030
-1717279058
539843619
556194720
-284592994
-265567533
-2072534627
218300508
2128355521
1407840830
-1129990983
-266230933
-1537099455
1667499563
1609321987
-33772552
-2132093074
-1321795250
-1728118856
-1855537663
1435000737
245206807
-296331843
-2146693830
-259120056
956525367
2124644562
-1351419343
-1053546942
988364131
-1980301049
-226042446
379258477
1262742872
511902574
-1300650388
1185774716
1336849182
2033805073
862923988
-425597171
2104977296
1511038246
523198792
-1350809350
-805250790
-524691327
-2075477896
2116175854
275720388
-465158071
1760459265
1301807163
659452784
1977620974
341628250
1544929771
354700127
-409461158
316072179
2115242772
-1361000967
1133932134
-469440613
644633456
-1892933171
1359075983
231450657
-444433108
1373259989
-1176014360
-1421644994
743702272
1671279359
2073529426
1534071730
1753684863
2041015528
-796081173
-341341012
358988208
729433834
994349508
545667694
-128666916
2031317080
1001947606
1546080560
1460775337
283837191
-1331547595
2068919877
-938557849
-2139929839
-1851551355
1805930364
451196073
-1226467627
-485486419
-1529027384
1699307031
1100512065
-961889333
-1390479325
964779651
-888539053
-646418841
508377006
2065800505
-830580260
-1794861334
-1629852132
-815401062
1238052998
-848675504
-308865711
-1129838357
-371007719
1012547868
1676865349
-1176888470
-1389021191
527630988
927254830
-1869113694
-180490510
-2066945266
-1238840098
-73564416
920773432
-421361422
-718797719
-1651320155
-473397848
405942880
-1948126198
-1573777540
1173282644
1382179723
-467964346
1130466959
512097342
328289318
-1398536622
1172005014
839302754
-1844756457
-1523202895
1659398097
293690617
707460970
-1266089439
-1481807081
1959728124
-1360918137
2031127735
-1814741459
783337446
-761892953
-714048696
1111792475
55419326
-2031691132
772035339
205095484
-1892620460
-1111705777
-84974724
-620679210
-1726573622
538951655
1417444482
193790953
-3509163
1186812487
-733977901
1121970059
1599458629
-1471591617
-825973097
-1881995020
838060866
-1576707994
-1380532149
2135556246
-905624361
-1038682802
1542559720
2027664241
-20934604
1361283065
-243934653
-2072607068
-1109233361
875384972
1875361975
47953990
628188044
-937222078
-1653657856
-2076774026
301254013
-1455420509
1136741225
-1361812048
-1282038165
1081576436
-85396182
-1790373022
1203191286
-201473039
-1349141237
1149630910
1357991738
1824709561
1779385420
545806290
-449381292
884189193
31794632
-1763292971
-40317404
536940716
575786327
311972290
884536403
1372777010
-1008148108
425047082
1827996055
31602399
1586504479
1239587398
1303947317
1874985702
223078404
554463307
211892935
425545687
-1974037795
436338434
861009215
2007221076
-812863980
-478536809
-229289429
1304825099
-1414689621
116719792
-2073563078
1207842783
1250596192
-544103231
1615711230
-34645400
1933417483
196190622
-1306865165
-580167010
-1373573813
1698398545
1273236671
1948563664
315224161
-655064019
-245435461
-1665296934
-957250725
1533555747
1447599537
1292134550
943945076
2053462355
617012199
-347990382
1992344506
981279718
-208567972
-561748989
1375108081
-1184194790
-875406767
1829433082
-1559926345
1846919581
277780490
1269574101
-1902841368
1715908383
-1655393067
-1804924681
915259459
-162332894
1679168587
952981435
-501273779
1767382291
-758914091
-1458706267
-849579403
775099806
-1128595598
54858970
-1225966984
530015550
1384308406
274022098
-1541477370
296459282
136302101
-149926837
-665134939
246147831
-679937951
1810254720
1860127190
998239698
-2057894768
1002223514
-1831346571
1848788781
-326612029
378605670
-858531227
403562757
-1878791293
427866441
-77640596
1561192161
313866317
-1560587408
695086682
2005585190
-1238543280
-964425909
-828972175
-622855767
-1324290444
1119449403
-49563392
-1083514490
1458859422
597894537
1578716496
-956452817
2109279282
1740570522
-1981153084
2012007367
-593385511
-1355304864
-1867721413
931121840
-411154045
-2058272748
1681940408
-670847390
-1061574225
2075096865
275296325
1950709630
-1476119319
-1864015261
1319195667
1058629410
-317959020
654075536
1611322854
-1023114881
241958889
-963340554
906322095
1097016743
-1192240833
-1490599066
-1224710022
-88027477
-1025746036
1074786672
1663139210
146952677
-1239819221
1066349775
836939202
-2042286447
-1149737761
540941094
1223366725
1366016674
-1127699945
429924077
459970401
376928467
-610819725
1894569381
-1301568344
919553019
724466822
-888550061
-803415201
-962462811
1045498845
1396722987
1950727452
1517907423
407948864
-1967002230
87071914
-569623982
2108370999
-825607383
814601007
-1410741614
1322106831
-178595441
158507921
-1417872457
1610832029
1584584903
769159188
1033325868
1077513219
142160467
-316201401
813672646
897436082
1436393824
-1130363616
547166232
-972682129
1819429434
1546396006
1938225925
-678359272
1530127617
677661775
902402966
1898335721
979197853
1541292137
1497824012
-1392617477
-2088817938
-1138411332
1074385977
1574974734
740403016
209868336
-689942773
1288233863
83715102
-199526612
1231769961
-42061125
-1958009092
70608256
666294593
1526627693
530116026
-1865384316
-1725043743
198379669
1118855150
-677037695
1930274438
40045155
-1863425118
-503828402
245384242
-222192254
775080262
-351039938
-155046718
-28236639
-611695896
1236142393
-1312792257
842719790
589568673
-1268397784
1572919667
-2141075356
-1169662894
-1426595434
-1344624961
-10238585
857368208
759382419
1645015084
1571623022
1413420764
816856540
-945742913
836057410
1513948439
1384388920
997570832
-675937660
685802036
-1673908444
1567949085
-1037547948
559173167
879928498
-1521287333
89353199
926628157
362857389
232568846
-1858064007
-1155128252
1235313665
1994579929
1479003644
-1769663348
1225000793
-1721763688
-335237200
-873902409
1817676554
-484251795
-75867524
-1856394002
2004194351
1917081625
1132341948
1490658397
685120020
1983807884
-779943868
1482075616
61256407
165945278
-578415195
1429669374
-923302324
-806570305
-1535408210
-1946159083
-318108895
949580557
-696430283
-516347689
-672402878
-346604763
-1190674665
823497716
-1639259010
-1065892260
-1464164228
-1765658344
-1357646230
2120535278
1338423135
499479576
1849423493
-129129129
-1834799795
786046055
-79955556
-1686052127
-870379412
-1855780914
882887024
564709758
-1600185154
1648163932
263854485
1245358807
647517607
1938726298
1584178844
-908689244
-732154964
646316291
1261478772
1012226109
156461693
-1426680398
-9561843
-619027599
-552563915
1354847069
-940106691
505660054
1970538207
387736705
2036727271
-1332388895
682579259
896450526
275503449
1112101879
411911106
-70818522
1930372342
-1802044477
1782690024
356462832
-1783617260
-1841674358
-1989986400
403667954
61047079
-1907154116
-170553563
85391727
898698014
-1105905653
2073273078
908691694
700967181
1228273473
-491477215
-2028015828
849246475
-1615856050
-1711821628
-1134581165
-553687203
760227872
-1193968944
971920747
-1615642925
-1510875209
533770000
-1428205809
1527257970
1972733944
-491230359
-635988124
1718575954
-422245184
2031227747
2101811527
1690544585
770175291
555933159
1369559749
-1100537655
665415543
710557514
-1709272881
-527614842
-2010612429
2020241290
-1204211154
554200411
-999110147
23892182
1436657076
639570926
-456586629
-1824376237
-165668941
-2072439919
-528734968
389966621
277480115
174696171
1083708290
1664887179
858462046
-303080745
-1283813791
2095665846
-1497354305
-201436277
1992348940
-613392836
1515307435
977747965
400107367
-2062280127
891192447
-1024483455
-348535632
-33774666
-1046594037
1372994998
-1207401589
2074418909
951053005
-817297245
-1088727206
424539148
1971696993
-624974564
1508595410
1171231920
756314424
-1014995606
-1516693557
-26866540
-1108112248
-481589718
-793086890
-724704413
452308355
-1568483979
-845738732
764351083
848391882
-335402943
251272389
-1915022685
-88805596
-616611322
420835615
1932478191
454436970
797840036
-1420124960
-901953887
1790788038
-439325053
149731110
850316355
-408596196
78030075
-325174274
1517505683
-64798777
-2002216714
1486086714
-1449035314
1149879944
-1132118060
434010758
-2015938767
1132246202
-1906267506
1122708413
-911818564
-1412106550
1856437533
1573560440
1749551929
-283504665
1728903196
-834340376
-474898308
1588394741
-1193477972
79272933
2007792619
1594599110
-365325673
1260856902
1135258432
1599308171
-1729288009
1051275123
1398847373
-1633892472
821045144
1719571511
127801984
1546619142
725993052
-679186214
601965544
707697550
1231647199
-851503250
-236457097
2070145619
1216693786
-1991534743
-1186665783
-1617110545
1481390540
1688840820
-1307559004
-1648577710
-1311186858
-1527309695
-1621641599
1385581047
-1784945178
-2018314973
608779595
-16953001
-1166825000
-802152423
1986592358
-1047325278
1975032664
-1891359957
1405213682
282692524
580926539
2134391609
-1373732016
324201509
957541999
676334224
-1606551324
220417549
657387200
-1550157185
1474206748
403502182
259334941
-1611226583
1135011761
49759018
-1639801301
-1048590691
648245805
-994340993
-167510663
1529923619
-1736052052
301088552
1488848357
1052807384
-632730138
-1037178049
2035884605
616454269
-291836052
498694689
-439113688
1208865163
1151988529
1959355560
-1889990841
-649030774
1862329163
-2090886497
1148864151
432756386
-820572677
-719013262
-827952104
1059771506
-1919764502
1097895973
80210611
-747281888
-419057995
-1931014265
1674941016
-2085382224
-914227285
-1834074714
-646611354
1034655897
16570069
244628869
1187024464
-290467435
189909558
851964940
-1609763716
339427256
-250014381
-902564033
1553975150
-668822332
-1029207819
1670823090
1954808101
1992477882
817312556
871578428
1707577541
-754251596
44303255
1353217003
2068144757
466141938
1226305507
222008887
-802324086
1283108913
1068915856
-1641827463
-1427457819
-1017126333
51301883
1138275741
-904440424
-1816264740
-31775336
-951153386
86568911
800236969
739110782
-970929646
982867437
1569801382
-1267104728
1883378926
1555117557
-1693445712
-1189019015
-565822996
-1750433493
1503386201
1649436160
-174801885
-66550278
1012126459
-794215043
37561270
-331101160
1588310543
-567949916
1409645384
1066909415
-339497793
-873698272
-1998671697
-1033792994
124463289
-1414922534
-109982489
2071350440
1673279301
-1849095302
1614034760
269753804
1451961753
1044460333
799045627
1404133517
-372838805
-1004439895
-1273746006
-1204948654
513521864
-391856531
-1733612938
68270538
1710460964
433070925
1870326830
-1446144247
1997312433
1586412333
-1542396995
-224264714
261016307
-415830516
-1505148958
740360681
2098226580
-1717463228
-88395993
1316462992
-544195468
1203468047
1079168267
1845788178
-61067772
654161997
-1618989439
1786798197
-363216940
-1832743293
-1310309987
56570180
1627187049
1597452326
-387222388
-95009173
-1683878828
-956518118
691623877
-1805702298
-2135058561
-828538507
-2007519362
1432111002
-1868258359
1595249799
1533192288
-1527314686
1607967701
537359390
-1985797251
1789225230
1978732831
-1827093499
113986945
88021447
300382287
815069646
-1777797849
510163254
-546081071
1646087377
1413633263
765211910
1029668261
-1894178188
-873905139
1610766440
-1970246285
-536184149
2065433252
-2083654090
-1795989534
-1910628158
747246899
1707659611
-613535191
730309722
1879499599
1212589937
-810179355
1001742000
-132444782
573571499
-1346034387
543754277
-243224877
-1251037196
1172411107
109421050
1334181015
872698456
-758015923
1395374170
-132842810
-1397386077
1569416931
-1815527267
450246305
1236992071
2000743786
575838154
1808776435
663914626
1605425985
1311663454
-2109685882
773534912
489948410
-1296669109
59612632
-2066313923
593755691
-2117376957
1058489615
2059513326
867236998
2082135349
1578375977
-1259199583
973756455
1838751511
-1456477833
994113378
-1776403155
-1550132250
-1206158773
974162977
-320183669
-1893369366
-1400119824
-1579142511
-1079977441
-1044536258
498371290
-349530286
1770081796
-1854939249
-1035547362
1295675217
796409636
-632871133
-1733019357
1802700399
-279242480
-1272850915
-1625746023
-2076142496
45166355
1008034047
-1458638678
1371438037
-1352206717
882221935
-1997089680
1012914141
952767067
-1214462403
1196281510
231275400
1375863814
1046282660
748011425
-1278294067
1914869117
450215887
-863525760
-1283785811
-969781101
758768543
1524879522
-398269801
944805775
699217835
1585957464
-158333682
298595067
1991985543
1303953115
949010312
162818235
1514812745
-368262784
-884939879
1467740256
1710237001
-229881303
234407761
1927698622
1958382119
1212720895
1389586145
753775291
-270381295
1060853085
-2145223548
2044171625
-707228091
-401770993
-181292389
-1467101353
1271630293
-886714181
-2063051750
2143312163
2105273513
911153823
-890560733
1134255444
-1506371638
-1339067268
1683365359
-2009765530
1078427613
216355793
-985617931
-897115099
981360364
1206733644
-738460348
-2063669954
1839611500
-1581816195
1411315252
450406930
1516051835
1921649868
1509421373
-544578611
-87476376
-876896339
-1540891354
1528040119
1870507640
-349485039
1301802337
-99458359
-877093145
-160127201
-248672587
-1369866877
-817832403
-1562288605
414614045
-875232004
63564417
-942235194
-742309392
582591546
1294519970
984370303
666113345
217325763
1594686932
1337861193
-491293304
-1099433612
-727946200
2086619030
1294903937
-1613193584
1988257537
-1822231165
2076426323
498439963
-151719470
560801100
1018838005
120792937
2032970540
1785766145
143536589
121523441
1191673335
1307023225
639345305
-1057741978
1414439679
-290530937
-1612430702
-1133377784
-1885555022
-449104277
1757941454
1339361334
2104026919
845392779
1961317605
-1920695224
1854439010
1165122403
-844427049
-1773340773
-1865921322
-1931903048
542819629
1754094828
-1571571670
84462355
-1284165283
-418730519
-1078496704
-1884099219
1920174706
-1356703483
1688870002
110768166
536156652
-665993077
-1717216482
-1560912580
634087140
-1686759690
2147360100
-1795856968
-1220719244
2025401471
332602670
1492876139
2119805013
-483065354
1796529008
1096716762
798519496
-42388267
-749036368
-962299274
-1718388550
328898705
-1720964664
-318107632
-141679838
1658229043
-1516218134
-1886575221
-149569875
1467548455
1538040549
-1105581102
1769629341
-1047466924
-1014871898
-518405364
-1954902546
-181601684
530173184
-1079399666
377067706
1285206660
-204093777
1250936593
-2126764067
-675807770
-1691201894
-1817368412
1756035804
68169766
-502886825
1000494563
-1513649150
-478487949
1928475380
-323666199
453757644
730071086
99141620
-165898622
1663080582
-1404403520
929644183
2094760485
-882054347
2063256232
1242572127
-359410399
280607415
1608068050
714560462
-1503376619
960830504
-751807697
910036595
-884247132
1482764168
1554896769
432072487
-2116071063
-1704868966
-151005322
-1011294828
464827945
1717949454
-81525000
-1129479178
-1127147961
-860338718
1829354947
698231845
-1506524804
-1638562300
-2094146761
2005033170
1798250182
316272187
904958831
-545116400
219648417
-1745415096
651327889
279643158
624492148
1993107272
1959222119
-856808637
-1629216178
979484508
513983022
-394135455
-1300745775
-448216181
-2138362706
479185453
-1318423698
-447460890
-1298246006
-2069130985
300992722
-1851582996
381821145
1915483717
172415903
-1154639568
256045044
-850084131
-422780577
953981496
-1868983663
1386620803
1186605749
1210639784
1136657936
784856096
806154708
1755475360
220048405
1705981925
-939254731
-172000415
-1417099946
-301327985
-1190730876
87742262
2086946229
-655550484
1688836570
-212727151
1388205456
1668387485
-541197007
-408739725
1489310808
-1800561892
38850068
2138802193
-1708363680
2053722624
626892182
-1822425676
-1535563785
578180224
1193084548
-944792096
2094155704
-908984779
2086716893
-1312651592
1933294111
503546659
-994810238
-435770464
1580317792
-726456839
1865446441
916700964
-523875213
-913830248
1515809175
-547793129
903799923
-2026994479
155373070
-791105793
-700311768
-431975566
247608835
-435311440
1107943906
-806922365
-469427436
-1897854154
1778960264
1118535629
1301790520
-1875390472
670894319
1246740635
-669348041
1855090201
-162623889
-2013773884
1204205661
569392161
-1899407692
1250835687
-1699093142
-457039908
1016037073
-1333822984
822892236
-2029939582
-845465702
1072506876
-30160369
1211068183
215628850
961960976
946398356
424674580
1014078946
1325813935
-1544809088
1899010375
-246286036
-1857095885
1684153079
-610520329
322005023
958176668
-1387276662
-840678581
1333904877
2146937999
-281051923
1652800747
-2008082502
576045474
1620192493
-1595309593
1247489718
1064020438
1521093024
1071729624
227071853
-1933180828
-986057763
518025796
1895443037
-871991876
895114990
1726886726
510317001
-360709430
-204850044
-1523228050
-276277044
2102168698
2025731050
-1446534683
295163824
2098903934
856660093
1392019925
-1999007360
1402670158
2009060188
590963207
-1022339365
-715170960
81540187
-490450484
412860938
-2039451143
-1827054020
435169825
-1158569899
705779282
-214121952
-1024184819
-1087103855
-949983937
1256054330
-1401586354
-1452835075
-385714403
1181758406
263062836
564368975
1577358699
-803067847
1603738571
-1379262967
1508181131
-886291014
1082140991
1494005264
-1183013432
-319844656
2065433468
-467517570
-426904166
2012797275
295034901
1186247350
1414474281
-202742584
-85393306
562938553
-1600571889
262938496
1858370555
43639223
-809651358
1817595809
-1124676301
-1656849687
-392037648
-699297041
-319618016
66680221
-69342260
1516399116
2126234545
-2129832558
-1350490359
218481383
-1398903533
1952353413
436847557
1457993330
787160403
31183115
-1505509527
814804375
1450991943
-686518623
125349422
620781932
313246638
-1388461311
-708087838
-439719260
1098815894
-803808074
638840043
388781128
1068019965
254111474
-2092228724
370075047
-1212627525
1591201439
-908595866
1625003915
-157491042
-1349784397
-82733758
-44865363
-1108671274
1383662024
-1454066419
1687815530
2084360083
-1387274517
-682349533
-761317707
-1213010452
374273971
1344232912
708561999
681544962
-389777003
-1662281710
1123448374
-1062918043
919209078
-632905053
1807237466
-2021041482
-978659198
338999863
771730326
-1731095412
673090875
1344044034
312247005
-1908810341
160409044
-1735948932
-219282509
-1854667757
-381249856
-773403544
-1824527649
497016389
1086787717
-1258949871
595226206
-53247348
389456853
1665735895
1311003034
1108646250
1635848926
-918223127
-1577744164
1116876273
-446700576
-1904645805
53223422
-469720989
430967040
508683323
113006692
-537944292
970568028
1200749926
1838166572
-418625104
1371248478
-984288767
-1466313565
1237312080
-590585771
1888641182
1388284411
129872241
-214310591
-642445444
-891338182
-602341458
1140284653
518083339
-1449995914
564546029
-265744573
1096603822
1128095039
-1040641087
74226139
1264703938
41790811
-360580081
-597482028
-742130978
1621644216
90634227
1574653671
-429040804
78110622
-1729505308
675687353
-467756776
-70217693
-959481067
-1543239825
1631898743
-1491584540
1601983774
818585735
-2023440213
1627018225
-257873445
-2077228826
-1630868428
-933535735
530391956
-427670740
-1826361943
842932742
-1704417442
1170594127
-442920777
-363832678
959351744
-1036441497
1045208938
2021390651
-1259367016
777358790
-574356565
587528539
-421109953
456335691
-2123498231
-661954851
-2027942421
582338807
-589795653
-959707709
689994069
-1203801664
-804156955
1232222507
-105993829
2014085541
-1024305126
-352893573
-615461018
-1575168254
-1993807326
-1213433381
-1379067313
-1461917403
1945120508
-1545646877
846664062
-756556256
-2000701658
-1194420075
1634161300
1265936864
-2011305957
-870112883
-1925850422
1536002686
-1721539556
-770908810
833437274
944928213
669428275
910798016
812610077
-42185644
536031860
-613319793
-487912587
1214244116
643795589
1697578486
1166678636
67979052
1086994017
-1194624156
1928462877
1947771972
1455249752
1256676702
834532178
1583343720
-378180775
-123701906
-510399122
1710813982
-922255757
419573339
672033165
-1751003719
-1637361511
-391439207
1223889897
-1009945873
312075685
-531193341
-1445906561
1358756777
-1470184033
1454414023
363380721
-1950464742
122157886
-1715193440
-2082146898
1302750226
1097334446
-2085179062
1829001295
-483427948
1345501331
881924403
-1191625916
-154747739
-1380177587
-958085266
-1780152145
-1630483098
497270909
1917856236
-1282781553
2050467173
-1059116856
-57040659
-2031093215
-1669940945
-914388006
-1418130253
208823682
1280253737
733516462
629146233
-1826284648
-1063858273
-1608473077
320593059
758281779
-499953123
345387857
-2001987019
-1944814994
176253949
766376309
-1285897847
391419739
-277830591
-431316407
1124842044
-1758057762
-1145917278
1581132800
663966313
-1534463783
1322000361
-136714511
1840472857
1646706825
-2828932
2002389915
207734777
-1520026577
59517499
-1436144407
-338551219
1472878322
-598882676
1907362486
954728229
1591399683
1840351668
-548501358
-2141837107
-157799934
1869746792
-2113221434
402803593
148068768
-522535773
884067221
42757505
1854979716
-1330173766
-1327709500
-481027590
446028658
1254858669
1254582620
1749340102
1000381098
-193009473
938661806
357982974
1674092430
2077451335
1891658648
-481999379
-2022601082
1867939784
-31445755
584183118
725577511
-259336385
2082633401
2132132794
-1142125422
-708667460
-252385458
1869570139
-822970342
-1314588876
969858681
-2089880347
-705818071
-17640043
751962769
2085037767
-1430209181
-70526183
-601372078
1591068573
-1242619893
569812958
-605264163
-2103762713
1574967206
-423368522
101018115
70108928
-492518691
-565353156
1964020930
136587080
-518208089
810507047
-1771226609
1967932835
-271045721
-1041515806
-1959132715
2107464999
1112181970
-1534322341
624777277
-1412016112
33118292
1745906459
-1353773776
-1552461065
1133078964
1522916502
893249561
821272387
-1255257035
-1652401212
-40619025
1138555103
-1891643265
586589935
2085259122
2074075949
81844351
806483150
-794276428
-864788166
-1410564726
225413587
1183175386
-1666876110
-1358105400
813158081
-1139025629
1971671829
1563547087
-345785216
-439813591
-695561558
-187586674
1995092276
1626691687
-277893964
-1447241876
72352395
1388406010
2130386787
-2012840272
738648406
-424362581
43750925
1340709410
24666715
-1586600147
-294006755
-338192397
-253706136
-475535454
692945739
222781401
1039543211
-1359936157
1382133005
-1935001218
39631425
1201810944
-301463732
-1084345062
1058033164
2061486469
-326986661
1506540126
1562805193
1818820095
-999983580
240656787
366477152
-225401026
-1427995485
-1179747581
2028054910
-949516581
630413208
74442903
-800869792
-1861554052
158185336
1202826689
-1435669006
-662997418
-187061852
-1354278500
-314417896
445864435
-559969315
-390156464
-1638533046
-638794443
-1814564106
-1433980741
-58650778
-419164262
191774922
1781870413
-1513303359
1709347776
-1721621136
1030391603
803002750
-1570580181
100892589
216885431
-1044203229
-1108928954
-785952599
-2028481563
-1447361944
661081767
-569657626
340830834
1895610194
-1588817513
93070445
266959833
-1061056896
467868880
-1465498551
-1345687609
1195284421
-1484429432
409158457
-133696839
1185551862
1128159662
960524192
1528039650
1021616644
-473877645
443376832
-436769967
489220940
259647755
-1411042009
538760019
2005313837
794883764
1691043944
-906291179
153260507
-714477321
-1932795890
-74382706
92170866
-652978899
852195278
-2056258661
-1045855154
756702788
1479505147
54589547
-1486144615
-1632509501
-574760642
-2021570276
-1384232156
1938782474
-1531384699
-739562074
1275922810
-937657634
-1481174469
2060997880
-1626610894
391416101
-1979302470
975874656
1410377349
-238569747
-177358339
841618735
605713439
1435142834
-1139263334
9178780
212298041
-1783799584
-224699410
465842664
-1414375705
1365832342
1672556697
1259023043
285481646
-1446640468
-544519636
-1501846034
-639013799
-60652809
-219252959
-293918688
1813460236
-1151956021
-1312735221
748613421
-560675943
425734080
346465806
-1063567003
1696887314
-962270791
1155650704
734908218
-1994878818
-1044114654
1549187632
-203814107
-619992688
-1427777416
340180214
-891774007
550531765
925266446
-1951924788
805915735
-211877907
-2106219251
1491656493
-251060428
-1094055172
2029965499
433636123
1065641689
-1415551839
1471024128
1921659990
2088175867
46916328
162207526
680652490
-695513109
-1941937988
-1494538784
-1236698296
2001333822
-2099076416
-1970879091
955470457
819206320
1446524254
-560897091
403290895
-2046109115
1106155551
1527003379
-1025452228
-7010639
89737789
-1775854676
-1487432345
728198905
-823423882
855244704
1205499933
1753824345
-357831646
-2049956537
-2085197499
-402090648
1810688903
-996786786
-1712780137
-1531842183
-210281620
1606944298
-1082178225
-1352745404
-1056425493
-827711171
-697703651
601242566
1791830667
-1919209865
-1547982242
-1534741915
749198221
-1405130865
63122321
-133994666
-1531843450
2067973459
-358212093
-1801325757
-1207948755
1521086701
1481322957
-1299194073
188560246
-1972730521
-776303360
777628540
329309151
596075888
-269719522
-899504744
-146088183
7743839
1468038603
-2008338604
-983778935
-1805719176
491798979
427908334
-1751663872
1108863086
-1804004594
581111088
-570317464
835904041
-1835344526
-31006767
-362582608
2005533385
-505749975
842247706
580579723
1620494825
1426161620
837052876
1995552389
1153261095
1812300207
-1380940224
-1841822121
1385895140
-842670587
2005880784
92601467
-1727057336
-505994267
1206834549
-1770956543
1663116680
1382037525
-688043855
229387427
-1168652949
760066374
1011742639
-98192873
816402697
753025929
1003570600
-201463644
-1755039530
-2061635839
-1800845945
-148257800
-269683746
-2065898022
-220538161
2040202551
506291537
-1305846407
1517651132
1222906199
-413755838
-2007843084
-1345701976
-250455894
-899823701
386132676
-152311632
923739068
-1096146764
-612269127
2067443607
-444606114
-520585932
-488737491
-530275607
-115600894
1389305975
-1517541252
659935843
-503247798
-701280191
-593289805
-1790770286
-1477486886
166665235
-2024809594
-1349446471
-254229643
718656684
1577740935
-820696585
821163847
945420242
1760415637
910690473
987507839
-1498442671
1776826770
-892779251
1655765281
48392772
1372837464
691349031
-385667303
905399186
1142129388
2098881511
948251026
1336180923
1850591988
1946887051
188095368
-677038636
-1802245274
-1936271806
-183397
-1033358384
-51786622
-1901011439
-793597658
-82155008
-352377087
-186508038
-805042544
1980894172
490293390
-1562258854
-811449119
1671907075
1781541749
1226074770
251497624
550753664
1622726042
-80403222
1924902843
683864142
2143433387
-1520847951
1918087470
-1794152930
-1914118759
1808612008
-452334264
-1308239274
-839283389
-2110632032
-147998813
488468573
1021384820
1798431072
-47021517
-1640405227
-637254385
-973657907
-783556199
74082472
-739715447
538380356
-1160445255
1561236103
-1547923562
-1551663798
843146633
-1130661456
-237102298
-1089337241
-505548500
-481448145
123146386
254160718
411481406
1907198182
-2089449710
830438721
552004721
1234252431
-1398346638
-717445709
186520664
-1941943550
-1751313659
622570798
-117559678
1440584115
1390521049
-1474741130
-1010532661
-1786812289
-2037671380
1376748015
1315920622
-391631449
2064443677
-854112965
1323884381
744206876
642200742
-76279513
593993044
102715388
-830481207
1795069895
367236651
1074160988
-1767087607
1821291742
2123306987
-1127925944
572696091
-568806780
-1658302684
-1881112313
-1505754147
2068296706
-386817539
2058367906
-1571458425
-526816512
2104240268
-2058344025
-262789089
-425887006
1070650984
2063717162
-2035716302
-935514514
1140468091
-668066292
-1671978048
-1105828943
-801541604
-714662273
-1479177353
-1807822301
1940916316
314391496
355499300
-579662071
-747240801
1639179591
1972439910
151450650
-715308690
-161606732
657532580
-299676571
1824056460
300620459
356379200
-1590236303
-1551991482
-160395671
-1309898484
1312789157
966234639
-1656340009
-443740932
-1376696086
-493926581
2065014984
-2099454435
-1291253618
1613840747
1460529791
1048986822
-1702762645
1684804665
1640173683
-52864244
1530010952
-954543244
-732611243
144580986
-372798338
-1971414881
1037781073
-408507647
728871134
-865463787
-1813342060
-1329359827
771823826
-676434079
800800014
573323674
505597121
1652178636
873413752
311386533
-304068424
-934277066
-990879336
-115847835
83029062
-230428375
-506984509
754935004
604243110
864818731
948480931
-1828916631
-1176447709
-1000192685
-1780923334
-647519871
-935575112
-1359423970
-1766938586
976204958
-2096234506
-81831294
1673495334
1199777398
-1673956822
174081347
-1157390372
1274423920
-1692102466
1495409030
-1757967916
-1261518765
1200195039
-18075741
-580269115
1003048768
-2041323680
697793343
-1658368491
-1332249630
-1459324195
-1707950440
1697683874
1756999139
438669347
-1611618526
-1124465985
1097267361
638221775
-1025683629
114622588
2050906913
-458408908
-292486725
2009150506
1807190851
-1439327615
1910741334
-993532643
-1728528329
-304829917
621089573
-89328461
-317050833
-60752792
-527096582
1206685333
523711830
-1547266460
-1617105516
1923946812
2050510335
136822552
-118812181
683748023
1279290401
565840847
1938021323
927827370
1901807619
-1120055605
-891540057
778265241
481405491
-425702367
-877699162
-1289778842
-1100750660
809588961
-1498588670
1021509400
-1451633769
2138523769
-1673559918
-1472050211
-1604621215
-1158591398
-1049082972
-1466655407
1446724942
-1623021093
1797941776
-270776064
470340445
-203855266
-161322871
-396987607
-1491173427
-1662162511
776821302
462937541
708011214
2011653813
1279159936
754525127
-849370756
1435892292
1748820013
1886708900
461207816
-1434412976
1687275949
943629332
-652168904
458567
-1100059980
-1971232230
1057022993
-1023559234
-566709496
-366923966
105560273
-1805740467
1016407707
-1723121367
-1810417630
-1196541513
52588252
1599359810
-913854579
153497422
1514941769
-1927471146
855103532
-523953259
-840965304
674356556
429864099
-849545946
-1587018953
-1118295126
588634704
1540450262
1895726785
327503451
-255845951
-1791572458
-2071370125
-2005070286
-1989690778
-1029428068
258567822
1155973038
679525767
-980304831
-1899270882
783673727
1946344567
-591000019
1112221003
-761770167
-1566558710
-2006694352
-1767443474
-1343003481
196403011
-1931581581
1579757927
-216568718
668093266
-626667697
124083373
-957429694
-1618690372
-1985086852
640967590
-690734028
-2061483557
-1301022610
-1514365768
849554157
-783956343
-327208709
-1039710817
-1497297441
933786904
-1300864960
1835965312
1611640266
631657604
405662917
1464655934
-995369082
1707524587
-1111295009
1191567628
777308415
1566862141
-30873515
-1643523516
1452536447
-68173521
633667398
1577686134
-142694350
1217533044
1359914826
595703490
1517121511
-2100768209
434656726
-784151958
1083086612
940807074
-959973660
-1259152478
-66773732
-1421413077
1997253330
1340941226
1939176915
-859740047
641859210
-1734195170
-1426710463
-1663142438
318439906
-135480436
-823038555
-1495785152
2133450822
-789441721
2061751485
-921868829
645193620
1919116922
1157643588
1671429536
-1806964409
-1568929153
-1402359876
1724573539
-2038693418
-583057295
1608070509
1786142937
863523422
-76896257
-646761300
-1079687318
-201873282
-1986229373
1558170976
1168315494
-267415422
663378258
602798530
664332413
-421237310
-132850091
-1673431197
-1499243916
2006463820
1909265880
-234374029
-806748906
-526930240
-984243551
816872767
-1059794841
-2113904773
-247839420
929727995
-1534389729
2128053240
1788339125
-739382079
1487544662
829209458
-997919201
120119257
182086011
1070156236
-825004813
-990604230
-1059878774
-1883827275
1824678978
776738897
-1480579970
620280071
-1496893361
483856128
33891331
-1174507152
-855978144
-482961687
1249328751
704221011
-1959711532
-140320277
-1790634253
887803120
-1852923526
709640428
-1198827763
-781858879
2110729503
1725605849
1810594880
-695841241
1739187560
1821568490
1591037191
-516267195
1325626850
-2091299286
2076059910
-1395778260
2051018071
-516101066
-629102461
-975912648
-147436445
481321284
-1462616301
1247593145
524945734
-682650266
-463219304
-116226092
-2142307078
1951623440
-1306685590
-321906517
2101390728
-1596460329
1748315859
961944764
-1931597418
723670395
-1193161535
46975622
906848580
-580947417
2020005814
1383181681
-472684487
136641270
375098882
-1312725521
-773108488
630368697
1588815668
-1195718691
-1462226569
-2021024009
1985945806
499841839
-1175297806
-1504957132
1084580407
1019773644
313138940
825791606
-1731384331
1616727479
256330710
225800708
-1365015013
-1398917522
-2112980477
-1903237007
-1358355969
1284543638
-1859565285
1198506968
-78912720
1296352471
-717678113
923934312
98272166
1513540357
291008397
-269006558
1747437371
-1240173952
-1262448010
-735118111
-1888882086
1394249948
-1416738867
95557530
201488373
-1120842045
1618588352
743795173
-332459332
-1475765478
302166732
1675450556
-697516661
-755225502
869552973
1040406401
-988004573
-1517505440
-969465772
-1043694011
993475868
1618618880
-1298959172
865124422
-1538323942
443501942
42079615
2082375354
-538074306
2062863014
1878699589
-2133937206
-50032417
1685626310
1846870845
939872736
480026234
-2058052032
-1949635536
-875859163
-1095459354
1106793436
1920363731
-2067069627
1080863179
637041182
-777486756
1515036021
-1568761003
956880364
782917207
-57835338
1373349667
1309360500
-1060866375
-1646760870
1565676933
-542567860
-1853672651
150463175
1906264551
-308658726
-488417330
541786234
75402631
-770711563
433368237
1564089679
511332718
1441662924
-484764876
-2090025474
1032805277
-1361383674
411261010
1789827560
1468961669
971505450
-975022056
2113452308
1168531900
50022721
363480716
-1847595405
32888558
-1301916742
2102079933
-1057344917
2008469009
-1451138420
659624215
-1780440686
95124956
-1427071583
-712837640
2022450106
-1135661703
-978667150
-1653853822
-467206355
1292959864
-1590753810
1592886194
-1420960711
953880071
668141472
1679927217
-1755382546
831993696
-1343357169
-1936600726
337554725
-1484361342
-1607794072
-494145444
-1209782588
-413764061
1957727578
-1235366992
837985857
-64155676
2086054721
-378188914
550882148
681539014
2098405254
283607979
835871312
1577019868
794112068
2059752230
-1661550397
-1177612478
-1887373521
-193352300
123200412
147303245
-313238351
-811933351
1120655517
1559152131
1358831957
-10916039
-2143649678
1543003597
-682518168
139216686
-743838478
1944855146
-2146959651
-1207730565
1606148004
955181863
749370737
1590153984
-442094461
-546251700
986602767
1434357712
-1761082107
-720113703
-620827020
-1995528448
-325423271
-1616521870
-1924719082
1025316033
2145021424
1338203542
-1358507710
918806449
-894461121
1533731863
-773951101
-1773647251
-1761985086
-1356436026
1530743370
973736554
1830819907
969764205
1170578635
237934597
-1805682085
1651074049
-2088530396
-114758696
505697593
1757925400
-1876798524
-2039530162
-418162526
183967896
-14859766
1001756281
-1589945288
1133747889
-509566676
-216182494
-1960994562
430211852
-1935119270
1127665953
-482248933
1243130436
-1071030494
498339823
-401542179
-1074422635
1173550358
1686097273
67560449
37936338
-2000732245
1540782646
-418867664
-790187364
1003468387
70987387
-1017603635
1799939024
801400110
-1980480755
-1222070803
1877152065
-1001579251
-295674120
-408085338
-500323674
-836072712
-1020391778
-940308852
-673993258
804215042
2106406930
149381752
906405170
407879098
1628635302
1493742987
393189729
-858776109
-327288894
1172424562
835775042
-242637818
-955147529
-1625958677
1530413854
1489367862
2031978323
-810347898
283057693
-308193579
1588980726
-434349648
1087081211
1173689734
-1243082267
-505443859
707407099
-1212036605
-217117411
1229773924
-1166695397
2137777729
-2087064853
-1293412448
-1643195000
77251793
1255534970
-1860920940
1026344788
-1381176183
-1302018899
619281888
-113114267
-340104605
2049934383
-2010422190
1314960816
1430807972
925185735
-2109891666
-1895433817
1113543232
-433842448
-1598769999
172493552
-1947769476
911381672
1582350675
-1008054954
-666554155
1562779784
314950733
-426418172
1785366304
-475851756
-954395430
-1583304721
1160646642
-113095852
-1243432256
-927056492
-721539775
1520321443
1342047889
-743405085
1277826891
-1177365562
-1220220370
-2109874566
-1404677450
563597631
583914892
-1676450538
-1210063624
-472893725
-151249990
-394411450
-50074888
-36921174
813638690
1711548257
-111708683
1092169926
1178397710
156110777
1305858727
479998454
-828072850
1552620816
-1056334173
1212943131
-110217256
1880606538
-1124642813
1528322059
-1952930609
-779037852
1077285701
269171620
1086822471
187876772
975053683
-1570423004
-952687512
1367458578
-1094582140
-1312337224
-2104299630
67737126
-891672574
-459029678
-1436854367
-154350910
-1205783572
1768438207
-2107439759
-940239519
1914209245
1130370808
1804842148
-272205423
-1072966547
1349501367
2026976162
-1829117026
95185110
1304344909
1807605729
817572239
100838106
208634290
1603543653
147957590
-151034652
300006621
-1719881590
-80090558
1826880109
703333718
-1644063487
-873848905
-699710815
-230662648
-1229306601
987904801
-770512575
638012251
-229816771
-1924921562
570390986
-857020030
-1884805180
-1220635110
1307801815
1519162384
-334048025
-1017395784
-969658429
133493457
-286293234
-1049245171
-306377070
423067607
-1927757743
293991351
-1974679535
-2088772910
520316474
1407001935
-1528460229
1146125733
-1391823665
1818864675
-1926495011
1193256501
348592590
-1867157464
-89720707
-1678210685
-1912117190
864202542
-627329160
-40623108
-201685994
748468053
1180809066
-927057137
-1492302224
-891988801
382337233
-149920768
2048826784
-1736513914
601707252
-447339524
174271953
-1153544464
922624513
2005564780
12842432
-1374735647
648663925
-359629171
-168035389
50871440
1088871616
-1949457088
880101133
957633918
-1172068313
-370791394
203794736
196152226
337929196
2101908687
1370495970
-149842456
-1982062675
1949762459
1796716291
-1391907876
1408228361
1104298049
-1247968546
-1911118686
-999788407
-476876793
1513269935
-1055485655
-1593676868
-237052654
-730016924
-1967110752
148459939
-2144641289
-1945986393
258311720
1981668431
1692350609
871531036
-1397503286
-715316536
-1581482220
72796903
-1045344598
601410097
-1866178974
-609417872
-1474339203
-607214295
1691293
-1979688598
655268408
-1701812877
786534141
-888026608
168369673
-1221442600
1587968482
738851505
1174521482
-341720501
1973847596
1726232431
477561908
459533390
-1612838454
-897923517
-1591021039
-1387480683
1810633105
2115552323
2126095285
-1099467032
390324814
-1024060633
-1653481874
-1226679987
2009921310
2034637577
-1520193094
-376594587
-1588326148
-641047445
735814392
-48175850
1346710426
-2073670018
-1665638302
-719352470
-1571853451
943809953
-1267454149
-1327536458
1712412963
114957863
932874564
-1291653890
-1912799761
-515704995
-1024090764
610979479
763934119
-1981789494
1279698919
-1901553906
62572979
1302154168
-1592306410
1714857032
1886071145
1106442995
-1084119993
-94909974
-612904032
-108784944
-575734457
-238860550
-203569789
-876794000
-450466473
-697830970
-1183743322
-1927760059
-1156759709
1373355524
1276086878
1369065429
800875385
1572536634
-540127668
-233985346
-1572841096
294459744
-1405059525
986814201
956338951
150624707
-26231509
414630498
69632201
-478584277
-551218259
-1174403209
-179585330
-933739456
-1298812047
1729667936
-2072374196
2036865833
1491066909
207736878
1140800142
-1982334603
1093472607
-859226265
-431907028
540430654
-2129943995
-1165118
568497531
6175371
-672947765
1051943214
-196236473
-695714826
-393242443
1651994137
2023494847
638351758
1247500447
-300988179
-1951505488
1054764542
473442386
1346397918
-439484938
44601838
-770252456
-433956638
21694254
2146473384
709743314
-189081599
-610094672
-720170753
-788955768
-594030130
1459956412
-529543829
-1096516287
878655796
735155698
-586281352
-143379628
-393961611
403819527
-1382908831
-304281986
-489629328
1701236917
-1462332168
2025475062
-2073545438
1064449011
-972306744
1708338622
-1665137810
1826083430
-128804228
680993340
-1212384736
1052158230
-179270014
-1099839223
423375407
1563340901
-36337429
2009022727
-2065250750
376762940
625738644
325536696
-899132043
274091910
45962890
1152831950
-1063522724
1964812513
1323680938
-462119683
-238868921
-1546559854
1013591688
1621580568
1208574151
-65840198
-67399790
2001747547
-529167503
-295296825
-330126988
2025770757
592794081
507674924
531661245
-1688747478
-128381439
579405908
-1137273407
-839783994
-2109212533
-2038351405
70510785
-1131834859
648568267
-930078498
-1515040695
-969154527
-1456481623
-1752964355
258056921
-1467939429
-41163290
-755414530
-1699435321
-340435474
-732747354
1648064813
702418787
1164888209
1173647662
-833797695
-1835438501
1595724956
-796905747
1657719448
-1500541087
-1069051490
-545923392
359235366
-1779806198
480909740
-2020685711
1872198059
-1567123975
1688414397
135521920
-2110071644
-519529156
-1287170763
132445478
-1999843453
-131249931
1711652287
-1305285226
1244861089
1010915900
931741791
-1638895227
-1564057997
150712644
1603112646
1662970604
-1794964996
906886332
1291891688
1908892684
402683010
-689603721
876535500
819616690
-479998332
42185806
431982242
-1327359556
726425066
475023429
1198013466
-634959909
-1963406978
1630749420
-651510798
-920661351
-438929510
1465486599
-1176955183
-1610852707
1670655011
284910960
-1938554285
1346936366
-1477701195
93783100
1977919332
2077750005
1097376287
126864413
-128679471
1082017798
-156556783
-1606111738
1500194076
-1968996319
-17718252
-659119340
-1193084273
-405908428
1812317881
1124229292
-1167897453
135831076
-1466129899
2004789984
-1247857855
1951861708
834902124
1233316118
-677497287
47873605
-746783189
-1041243925
-1458784333
1448188263
459984155
-1697727660
-2067825453
95766416
1200936659
368621574
-1065949376
-913099357
1178282607
-889441512
-2052869130
1320520531
-310599298
-2070290203
-1850191013
-1202232415
564447296
-1233165257
-1699795312
-787887709
1584633104
378708641
-971018742
-781894266
-438000865
-1133282517
884938080
719324629
-1927093150
-66075852
-490043291
467783930
-911147315
1199549844
615959929
-323917051
-1130510143
1864302592
-2011881188
-1956541524
-1155557182
-415647054
1608756931
195952786
1651006572
-2031544759
1525711599
386578379
-80762201
-702022675
531696250
490368671
-1618000615
938761142
-1941851341
-1629812594
-1096696612
1791296846
946241965
95539860
-1273352592
1139926740
-1684098988
2053256878
-502839053
-1675176445
2146085824
417178524
795022479
-371767405
-2080047027
-461132569
-768332749
1965791455
-2101080854
1188407077
-1491313020
-1119432761
-94138575
-1743698821
92006934
189658327
-1831707464
-734399134
1846528214
713583528
-955130458
-648998482
-983253301
1350757766
