307971432
425174544
-1001856635
1687822710
2130917473
1367418602
-389539306
-520030632
-1532880998
-119637364
2133521314
-888739674
1784729356
1895216430
-111316785
-886902219
-1648468789
349838371
-1836707347
500447007
-803729541
523302202
2044197519
-1722876477
1137883139
-1856149402
-404136867
-1162697969
746111617
598169505
-2088420567
603197185
-773035395
-1804381940
-355672513
1549561194
-1391690144
-1460404390
-1108442368
2100571892
-149068250
-556286865
-1627642703
657364583
-64003758
308947523
-943297136
-1683335641
-1764347870
1102837260
-129161944
-752877056
-803890172
-1981732452
127381478
-1604363994
-1532390584
-1854361849
-1830980629
1523100790
1342688278
-1045042552
2098149154
-1463819006
1357128353
256872100
-665859435
459992780
836773532
625282704
-1392797956
-1515877424
1050774509
-1499573553
-205267305
506516295
-384666976
-127953889
727435325
12902698
659143197
-1004175211
-1283291213
1460632052
1606996893
-1266938106
-1743308991
-233658708
580896730
4498601
-1667746174
33721634
2044683269
1218867450
473506428
1190267000
-976436739
1330521056
30915311
-342768157
281583549
-1083153903
-1765193487
87943603
1863334421
-313222219
-453027142
1574076560
782540444
878979401
-1315182404
-998293243
1593878756
-988556602
-973457417
-1621663422
236265199
-256105215
129174922
-807238371
-1283088158
-1546176171
1232603020
1841301594
-879206408
-43986050
1611345692
599664939
-201994055
645921223
-850061386
-1579493639
-998978454
1987013480
-1058201656
565979492
-1593649721
-301164247
-1769167228
931840904
1451193583
1925907530
-920696072
1727571842
643620511
1413752742
1102022747
1206074930
323443362
1618628373
1301300136
-2019059903
-1623712376
-1956183790
-2078728592
539764069
-2140173931
1288953501
-1286298900
-1810662685
438176508
-838394526
425499985
-2067805611
776078157
-1380253669
-552454552
856108973
1806989354
107606322
-307977379
1526007161
1153792321
-412146775
-600670506
-839595416
728002933
521526846
855580487
1770478348
-1495279778
-122694455
-1888059772
-1016364063
671805684
7156713
349144727
-1691406451
1917820550
1832338143
-507127853
-726747799
2115854576
427343801
702635049
861670463
-226095348
-187868750
-783074375
192931157
2079059560
876867032
-1697315156
-1321012310
330048313
-1015715345
-1066391488
627958655
-1410618480
1080850837
803272483
-1313683944
39606731
762864038
715781893
708507075
-1338867123
-1329091103
505487208
-60770791
-337948559
-934439733
-1576387655
858526851
361690811
54474195
2045687972
228510976
-1042731440
-1213983306
-1751879004
-1856817372
-404375128
206011684
-1459988008
-642875549
2080759425
-1274110557
-77922531
1898360975
-1665201386
-1450073932
203578968
992039326
-1862133104
-954989261
835025427
-772301903
-600970052
-1847922941
1581227083
2046397521
1198998783
-1364833046
887246983
672749563
-881122170
301725880
-228431060
-1652752162
257954753
1480734127
-102911473
1221334498
-1069674735
-1449578210
289012300
-957620756
1254886079
-365336242
1542967125
1329361760
-1379057104
-1541988702
849344333
-1483893785
-861419946
1609118457
-543922026
36317297
842071914
-55305386
-1249737560
1086703997
-615246377
-740309053
-1724011484
-502807657
-486443399
384410993
94797864
-2128388062
-1273633274
825368356
1706321125
1873114711
1574623180
376913869
-738453139
-40138611
1672018844
730094456
1768388817
1807282618
-1420740858
-323427736
595572843
-94181575
1199537605
193380992
2129442679
-942386483
-1232192132
-2094335261
1910584296
857131237
-1300737885
334054879
-715851655
-1046601951
-150819653
-985793274
812341249
1445488404
-15319095
17275805
-2139780597
693915979
-321539839
-1378122950
384154789
-205767538
-796788544
1808787112
645984120
623146341
-1141111873
-415301875
-1754600424
-1267766819
1658901893
-1499074737
1200156573
-633154165
86040093
-33293902
-546514574
146090449
-1832225015
21294021
-725355668
1185592928
382385014
-1567890306
1600235294
633230845
-1293471824
1054988452
-290474901
1015128966
-1268388905
-165840531
-942490276
287111991
1577139667
1880121703
-1435813070
-501756887
-65079676
1801431962
-943181633
-1332347364
856872510
1345083630
-1344131599
1356820341
1740033140
1410475978
-1647675217
1339215753
-803537230
-1136016898
1537437415
-298493669
2142948048
-802855710
-1175161369
-773508829
1875064932
-672307265
-797111572
-519279151
-1681224328
1955873900
1154468088
-791737904
1159723644
-99613124
238516200
-1748088881
-170552962
-1432272105
1542813893
1098926652
269876375
-1959918874
-1274404007
-1442651310
1769645992
2052667700
984410373
-822288043
1814974790
-1822051055
-1901899566
-2121180388
1945319154
763210554
1375936709
60604624
182669453
-706331018
1927104630
531346674
1815367434
-96949694
-1995153181
-2087194206
1638945381
-47123536
796579201
28818973
1982827219
-1355004789
2072119956
273725575
1399732538
-1980803905
-1853549377
-1564018710
1734197986
758089207
-1857104418
-938620290
63360109
-329280120
-1876651245
1450153002
-1375891452
1401620621
949704735
437686602
1388896979
1855567442
-1240482830
1108902322
1336909238
-381217547
1593629316
862158835
1978096948
1546595402
-941058075
168462556
1062915243
-201501953
-2056748909
1012168515
-1024659251
568793600
2015615755
1608022021
-1652415158
-497022436
1861009058
-1675675062
145670606
-157739032
-1303166060
-1023987
-243885522
-383192605
2008227933
-1696075045
-1064841763
-60257062
-1460844473
-731389734
219060900
-203320690
386162500
666224140
-85514606
-1344104813
1508644605
-480934443
399340848
-1792592518
-330774230
1001748666
679148537
-390036942
-1344412893
1732850283
832866824
1951163819
-62982473
1350312963
-926779629
-1504652101
-1103068100
-256532851
951602583
-797310907
1893913063
-1556350519
-1777310636
1607000983
-649960355
-1218649296
-2133648644
-743320300
1136585865
-1961027274
-28791258
-1761542894
1916976816
1393694414
-1234184568
-1705715963
-1214110014
-47418573
-1763530907
-94560036
-1280627215
-345900572
-1165598652
101637291
1811129735
1955774191
-1040570910
2028226697
-805532940
-1913343118
-8137111
-1387663173
555686182
-637174178
-377918239
1237860369
-651617507
-1011180162
-753358875
2055942800
-86813762
-1314647369
-1935284326
249564752
-1097462042
-1388961391
197555933
-648329561
705507265
-894246667
-610683973
-405344889
-1050783651
-428563144
-1000879323
-1600366812
1848166009
-387545512
-1015809052
