961222663
800338610
1656174931
1305758837
1212936785
-638958092
1980114781
-1154945176
1918503833
-146398882
556820465
1683811884
128633605
-1987160943
-1309255005
-726596834
768512955
1958107927
1641649145
750891760
1241391199
397880211
384470679
-1938681594
-605842726
-1727723975
-1268921699
80606464
1937652829
435107455
-1404502196
-1688111721
-919838299
-1613906924
-1496366353
-1576223572
1305902976
-139718895
-703771400
-415725410
-286534769
408908654
1334130280
-1413419301
1855466828
854233014
-2049221516
1395733433
9915214
1358379774
-1498658459
-247149690
-947238709
-531974637
979224511
172939485
167239519
396870642
1565229989
-2073379781
963150091
-1328196228
1423040123
711821521
765169279
-340280214
364894413
-1732676965
-1042076261
1255512446
-1495058834
-1533965904
-1752660941
-1988036102
-1611644700
-1986177316
1710381842
846223445
2100874243
2083597675
-2073793215
840594476
565993687
-756464057
1238230921
769865078
-715803961
1282603077
1367465013
794234620
-496516362
406888891
-2145603813
-459959289
-542157332
530192213
-427442723
-605866662
-972841099
-1857770456
-97728404
1936021858
1763395785
840640263
1838603725
-427080789
1679373548
1369389333
-1421422305
-740720746
1224124247
806570395
994671324
-1628126647
186036440
-314266853
1634617951
1059354598
2074674870
-652505691
-71767131
-648777730
-264198121
-360234392
237045079
689986888
593819046
-1145920373
-1233038585
1575689357
1110056816
1289075517
971481018
179238630
1128795406
-424220405
-7641946
-397192407
-772463607
1144994928
633933884
-165180768
-1422094215
78296498
-1227081368
1911149820
-1914833937
-1223256597
-1376566506
-608403575
893296276
1371343717
232469496
-505748574
366130834
-330379477
1495975558
1996673126
652669362
1120962524
616559942
1151228843
1226425669
376112578
550733645
436555314
1146957896
-2131055582
1998217476
1542233884
-901217342
-535061547
1705286959
-309480803
-468464271
305492759
2057744939
-1351200785
487377061
1692579486
895035254
-913472888
485456234
624769006
1205837684
1172888206
797627884
827985131
2112895344
2077278346
-88333801
-69931857
-536834080
-720777124
-682499715
-784995
189650668
778334062
2131854205
-605380426
-1469456591
-2030890452
136916384
-397269461
877592769
-1571101517
386484294
-984197326
-6737298
1773783752
1362604417
-1601515236
-324873912
517466891
409516608
-416469593
1680333923
1040857451
2068337071
1090016400
-1996838691
1200534748
-887094562
1961022060
-2105454050
-1602073529
-114513760
-1268037448
-480023967
-1994678590
2118187957
-2001515730
-1572622476
2027227905
964714283
-1613087142
-1244018757
1826865675
701468416
906955627
1484540794
822137136
-816900852
367574350
-244605358
-245082311
688760861
-872195336
405953804
1981962465
-715204253
-606104829
-1871158379
-149165948
-1423657970
-1931932548
921808713
732861718
-434031819
1592815866
-488464013
-310946731
-1840336391
-849116173
1061643796
-920822718
-2138261014
-1176577206
-1690008861
778870733
-1679764567
-2084958933
-144518507
-1857101106
-1201586739
1416128283
-193367970
-491939524
-707154422
-900365750
1447843766
-231340648
-1634172784
-1224324821
521059424
-610514262
-1730872912
-1043578298
-1100718425
-493788049
-452624955
652358732
-965910550
-1955906479
2005328721
-2002356373
941382491
1119702168
-563854490
2132314083
-439433469
655591200
-685708218
-1241207335
337371401
484995916
576477773
-2052993429
1431219506
151697210
776100623
-518866428
1346619051
540377143
-885539139
-1417835536
1873545734
-1629323659
978729932
1149300530
1463901058
-644651013
2035312855
-1057465195
-242545265
-2026096932
-712970044
2055054848
916695952
-61434197
108422438
-1473813746
-1152766750
146421037
2038387426
-1561783586
866440220
-2082674096
433093908
2029192999
1857830552
-1244075172
-434544077
45968526
-1155962830
-1765376664
-1694929038
-615840709
-94787761
-455484658
-737507735
1357210281
87549216
-611499678
1499183348
-1789016131
62559784
-1641392097
394354523
1912267802
1781151483
1569024291
453897394
1827479475
-882093753
-957342947
395912579
1504196000
1352355096
949003140
-1397646167
-2078656203
-1804365225
-1733975094
175020670
631593041
-743260525
17704401
2048315960
1262677747
-770837757
-370119779
-139294320
1267449874
-1171226933
1154582091
-1381624156
-87398483
1585736062
1746593858
500946973
-537241057
479896036
-1859492185
-757920876
1223099576
-970926852
-1545839082
-128244175
-1832655990
615461187
558296718
2115605397
-1194352512
1100519990
-1084718420
-814612743
-115241037
-1534324714
-1216670181
-1958245737
1910643968
1400786923
-1635717302
1821350216
606338773
-532746294
725008480
420810350
110969419
478968665
-1237163156
1213540371
1323074682
-928033645
-457923103
-2024974510
-192418553
1658543304
-98052288
1235466997
-1527202303
320121319
-693367018
1661608031
-278950675
-128726017
-211984855
-145379668
-1077249761
208299779
-2054201618
1522769942
992473931
-1527700275
-1086531267
-796545638
2096491098
-996916379
1394699591
171380954
1911976321
-106675326
-1899071033
1501904965
1061172112
824474448
-1804881545
-1402615436
328353671
2028573043
1139217349
1306848727
2134391407
871769163
-278971194
-2010192496
642015846
1382293881
-204586902
1378872478
-827076870
101552546
480937201
977632830
24144570
-2029003662
1788235933
1916625549
391848458
1668335843
1905131177
-712674703
332473143
-1411596865
1167069049
-1288096326
-373519413
-118880669
-2068215790
820559747
410130209
-1463476283
-561752885
46558430
664969787
15094199
-662920379
-1600165457
-1228891950
-1028581268
211642263
-690151464
833003438
-1327357381
-1277984562
-972295018
-78770120
-155654749
-1289080684
-465176534
87628108
353768334
991615534
413559739
1880987988
764963290
832912555
1809138042
1704658321
1012247060
1752472666
1208482567
-594087236
375765126
195661692
-1060664813
1065423565
575809395
-1155046854
-1650387131
-562512871
-2015579488
-1967176232
-723397791
-195342942
-1699516650
1417854763
316421799
-1637612374
533836582
-1356199864
-919121288
528160649
-1682376019
-1072539267
-424732353
-606393920
2023574425
-2145170043
-1128873842
-1265537715
-1420501333
-735456010
467444103
1842218304
-1265430402
-1356174082
1407269757
205487501
-571285817
-283931314
1869167834
504196132
1339389405
-1923841707
-1085491646
-1867280577
-899837316
1416372401
84139000
2000682234
555269061
-2067391774
1490286977
1099708456
309565832
-1787508160
1030060934
-1238221213
841411270
-1547648466
1234580478
863757156
-1533091727
-1100575600
-387367796
-1868821099
-1590239115
1240353402
220732197
-2056869916
-1505757957
2047880233
1323240693
-323658534
208169963
-1277955018
278436739
32796395
192899763
2085157384
1348132882
-164347377
553089607
-208183414
506141002
-909022575
1027034984
1258450461
1132623639
915297574
-940027097
-511750448
-1058455343
-266937280
-773410900
-318598706
43760029
2006408868
313451827
-1311098601
1299080978
-409588934
1256270679
479279730
274570783
1087854115
2027102867
691317922
-946963925
-50312432
-80963068
1537348567
-1589271939
-1322143535
861171059
-620134041
1857716701
-551325140
-1178681453
-1371178307
-806103941
1337458672
2121143430
2052447121
1430564880
1673076808
-988999515
-815126695
1087334979
801234772
1444863872
112918015
149291341
1283355893
1243645731
1798940627
-9049377
1839477736
-799691877
-1944589118
-47747774
-846146026
1436518072
1234807496
1857480384
-1700677079
-1872422893
1036312483
445687618
-79108510
-1853894318
1520179656
-1172422598
669967529
-275758422
-237337446
-1883345214
319671269
374508453
1172833241
1448018949
1105398413
1589810213
1680806488
-1010667554
-941963649
-1017359960
1969575922
-1011822146
-709827056
902077644
871574206
326022097
1483806307
82533141
-1833603199
-181283741
-1388289282
-1669332754
1108905316
-714169984
980431514
-1398951955
373450982
1931430619
-1509704390
2065986907
-236152301
-78672400
-1831972994
-2088145678
-705736202
-1873371028
149024568
1715457000
-795827381
-2015699764
-1989462721
-1971775444
2025005688
-833546941
-225415037
1276841967
1396314302
-43798304
-1028168095
1890452837
1403553451
-624167184
-1930017736
1089385164
-1352379949
-655741792
-274098628
-1512387923
2086435263
1745840359
-1821223030
666880097
1264492580
691421858
1903980411
-1874344746
-882528169
2132131072
1025454140
502813586
-388001280
1397495327
-2081510754
-598496264
563008269
-787129353
829287210
-2146655542
1988656362
534506358
1040151672
-1899874321
-2128770834
-64012819
-1666020672
364887157
1753393176
1066379434
-27188047
2139804888
1946178042
-1388055835
-746875519
1960369028
-1818210572
-1906842145
-2044967868
655976344
-957533787
120666952
885982337
-245629972
-911510625
-2145743392
421323778
875766357
-658822823
-1107677087
614892012
-2104002777
-523468439
1264914076
2040808206
888236282
-1669299470
-493093662
155514749
-593973071
1664270170
-1727784539
2027472224
-1182480969
-197137600
1922114910
792685831
-1646669172
-546794835
-1180502864
602815042
-1145967233
959339657
1548050636
1498625776
-650470980
-1258450609
-1529587177
1252029142
-1036331895
-1646536444
-805568246
-1973193551
1956000460
1148216420
1327950170
955918477
732287696
-1781992098
1659562840
1228398423
-863492536
-1669170493
925312921
60961713
1209325715
-1791806663
-1064558375
920053765
-835562175
442469237
1668354076
-1289154084
1847505621
1260530600
1684526869
1368729200
1075185100
-180164550
1848849612
-267338625
47996894
-285242955
483991674
-1472981151
1129447299
1501863939
-1530564937
-1903636643
-2120453192
1514394844
-443603754
-1851118793
785889282
-1976012423
-1271587185
2115567373
-336687949
1845627789
-20125217
-1217518494
-966160533
2076740981
-706151124
783540091
-1359423519
-1285812819
78228395
1633666537
2004098275
2100701574
-239174651
1911290471
-146168422
1026152213
802407736
2074595813
-1240167661
-789978514
-1253919301
1011168740
-1600713222
-1872917998
-677893915
-1071032316
-857865049
-1992429915
837349007
1876724442
1797170526
-1074902556
-1020237577
1180587015
1915760850
-1741938475
778085607
115346309
-459849493
-128719553
-694595562
2109316164
1043382217
-993412516
-110284339
-1986971147
2129054471
1843220684
762579405
1072177188
-1397094589
612044237
920713583
-1194611060
-1559353378
7074217
-994845939
965441190
-1362055424
-922160785
-778163296
-1152774525
721234398
-295847963
1780116138
1632091355
-277713601
-1878916676
-138472362
-383561115
-1858038213
-1615853307
-960194084
-1774271384
-674245819
1662104548
-934806486
-2042995567
1371289964
-375031166
4844736
-934112761
256059869
-1003014073
604281051
1503256508
1793264556
712531017
-1708096811
1036594182
-1416208941
872819967
-445444661
351704429
-1424005766
1139020601
-138961024
-1557415738
-2039874440
-614784940
-1646363520
-321796992
2052932633
-896580696
473612936
-1820660419
885997601
-449977531
-670358235
-1762256988
468229649
-1214198817
246370458
806538101
-295228248
543927302
-887744762
575194077
-116275284
-1995862375
-1828795450
819441930
1234746345
-721221508
1516925207
-1071055102
1632233338
72158600
-1036018688
-1903774288
313530950
848011459
971911790
-1529362880
1353284301
-1093479472
1762551712
-1975297621
-1409748188
1647561129
264805061
-1717439339
974318142
638234762
-108397598
1589412950
1428540780
282978096
2003049209
-1194940075
-2040320474
15581507
1286849895
1484968605
1888909323
966237967
-611461747
273940137
1986167590
1269189754
1698093235
1818899842
1565492850
332716850
936685352
-1770778613
1499934367
-580359131
-472413523
-1542397797
-994779882
1276681270
-209064174
-287026996
-1763945669
2143651885
-468870879
-505050990
1264143857
418749422
855994299
-24038769
-585181854
-33251091
-2054495423
-1891176028
1819624703
1368440801
772759349
797973451
-463319098
977889719
2108731936
-1063858653
-405371710
1712282569
1418825653
-1796100532
-1735387176
-2053885105
-1439329994
1012526324
-1839533377
-40156139
1290950678
-752460366
693260880
1323607662
-998394145
-1681934318
-1991740417
149336168
565904469
-823175696
1941772201
-1123463616
57146587
1814758153
-1055663729
1264184856
1181472278
-1441418802
1967630498
-303697178
-1349424944
-761910917
-1469522688
-1202396497
1973392670
-2107506328
-66604354
1698350069
1817265347
-1293124193
545598695
-2060558738
-857690153
-1131536210
-1805605691
-1405725962
1039124387
-961345859
1547209054
2077966021
-187569201
1647009250
-929492159
1113349604
601443774
1603964851
1327231106
-311992100
-1769167303
1052176412
587738370
-947164751
1943019850
-875231885
919722739
-1633000434
-648633238
-178864695
130891674
-1238684479
22991582
1934108035
1885440087
753024104
638678109
1039692584
1732463586
466471276
-2096291338
-839418757
1006590934
-1289906898
-133866192
-707991348
2124589683
2110642304
-1793493646
1161802890
1238648991
-325057705
350871461
1952045597
1484963886
2125677502
800646167
-356699150
-359248286
-1414920180
541968034
1134291926
-2094153035
-395775911
1696582924
-1325921400
-2029779499
1062134573
549504945
-286063992
2130218223
1988966778
-1043005345
2066691381
-1852490448
1312961996
929084288
1506994454
-1156545656
459750078
-1206814850
-354606473
2113053872
-1077447505
2091660898
1953646392
-1821275794
-2125796682
355376574
1255119584
1778813719
-2027083054
-1346557747
1911678968
-1493826475
964035941
-1637537576
1491921558
213428778
-1988228125
659320794
-659140553
145944884
1622132422
-1738636953
-117415726
782697266
1615976133
1042378185
-2098354903
1142032582
-2127203004
727366507
203955809
1768803196
1877477389
1187971706
-1434721579
-413404150
549305408
1273831112
-1044499418
709912793
-1577689976
-320857100
-2000199018
1285853380
-1197681009
244400072
-1210642026
-44728801
433398707
-875178271
-400576100
-1521793542
-850163463
312125333
716129082
-165148763
1643340353
-291950832
1102624620
-528390025
2048060603
-12514112
1134723377
-1538291765
-440613735
-599638029
-1468781476
-511135925
201263622
-473228355
1367739819
1620132720
106651990
-782822113
-839688168
-1633961912
943342206
-1441149084
1434477423
-376664454
-1140896827
-958133554
-458534880
766680199
251890619
-1323935374
-659016618
904144978
-2137655702
-217072032
-17494457
2023068898
225540555
314874630
1886697421
445032549
874210683
-2129883435
-799770827
1307553399
-1768678994
268184868
-1349957289
-471336284
-974179997
1485417813
1668233446
-917270741
-1408787495
-1710622411
-2061084919
1228794884
-1311286975
-284836440
1819158826
-1738257884
-180236620
-121871995
845783053
823248639
-895818393
1201997502
1556278307
2006205518
69495068
429652420
289915679
-1766260718
1600018907
2020422441
1116465865
1563175128
1285432545
726847366
1621695763
-2138639811
-2077493031
1174970782
-888104599
764145076
1952753993
-964410685
718534477
1590274950
693228878
-1452063368
1963986466
2144856090
1997620620
194473559
612238919
1541654902
-1199590049
1563629365
484173671
-293342971
-1708491947
-885645181
337590286
504718746
567198944
-503442185
-1854307712
-1418815052
1407473991
92431210
-362818874
1002836483
-1642260514
-990915837
-817659384
-1820430293
379692406
-901474923
901505826
727836103
-278463210
1404083269
-775576464
-906800208
1786763242
-896265616
79035116
-937715330
-1828183941
1429217995
-1412633989
-136455858
-579345120
-1162057013
-1691140221
-1658473531
755924404
-808075194
-1176105536
-1469136811
433969288
-111071911
-1730492328
154453438
1862869659
1615349388
1355040556
-552569128
-498516216
-819839180
1334988144
-195250290
-537083457
640639000
1045063037
-260264403
-919576201
4375639
309470693
1117463774
912790755
-695172984
-785370168
-599785615
968904483
1477744675
919246437
1705036123
1753354109
363423006
-528601101
-530735103
-826558388
1277842907
1511288753
1890319671
840687928
-731241152
2035913019
-989518334
57317542
-745410265
1088879903
-645512795
-1831810958
267440889
1859821232
1787583707
31764955
345628309
1280131865
-1577656992
-1301433154
-72832139
82269620
2015308214
-1321150969
-1713189869
336891292
-46364379
-1397048988
1357830025
1414291584
-1512603646
762511930
1438640503
770592442
-1520423884
17846236
962509864
-745644897
19883507
-2115811078
-651706121
-1971368680
-59594541
-983405993
187161327
-1523748495
-1224799999
-687371074
-910712911
448143985
-972572469
1202411062
-653311334
-380291414
1652089445
1116342900
-796160476
-1593636335
-1115694615
2078305936
-1442934900
1446177488
-1663702113
281457659
-236136267
-1421148326
-1913435522
1876598449
105020492
-949225024
-1918639373
-1381410134
2082023468
-1280299965
-1194322464
31241365
1792737794
1248777001
-2014863386
1245096392
-2119947724
1334421459
-931319577
1101103985
494864638
1788350735
1418033094
-79040239
573950430
623150251
-996891024
924571179
-835344078
627437130
-1499352544
1431420728
-1163462626
438841210
1032246238
1163014621
1839659699
-63697660
1525353800
2014661727
1941898317
-843571834
1840821652
50358358
-1585023428
238652735
-1895738668
348959904
-1928100699
-89339094
-563133572
770243224
1253631402
46363469
1382677537
940966536
801951432
-813823406
-1223041661
1358973787
-1558715263
-790274474
-1362827571
-2003760746
-1957625798
-1564958464
1573767194
-790912631
-1829441435
521834197
154343739
975966401
2081920738
-1407633461
1476704439
1426979520
12454306
177290523
1797363474
762006767
52926861
-1817798565
1794142802
-262361645
124117926
-1558560821
350897598
-1858786433
1661096043
-1184547858
-755666456
-50995895
846308737
1308033628
-654515986
-454202176
-855863920
293480918
169782012
1561508317
416168556
-1895838821
578944788
1743326839
675841396
1374889465
-40086511
-1280338692
-238079425
1826378790
917120488
-628816291
-1573767308
-130404528
-1029717199
876856138
167326200
-1035424527
874180325
-194392929
1699767887
1582976616
-752461207
-610054371
1333392443
1403024837
-1876149301
449164893
195829929
-1335643164
-1685748662
1064598272
-2005935667
1831494588
1441233691
-1333256149
505469323
341649144
-1446395798
-1528622030
660802072
601757639
922418334
-773363566
964104417
-1073691664
540721121
-1166306011
479339435
262030632
-1827449377
1807465104
1073449979
149031591
613847501
609753087
1962179767
2065770488
-162736468
1719183380
1419058700
-1260962544
-438968370
84482332
303297426
-1828631646
867110297
198153347
983236782
-239071823
2055944842
-790361719
1210076984
313565542
753163388
-448467146
468565085
1694735907
1244624426
77705611
-1176621115
1263003351
-1935696654
289553913
-1525374729
-1268789868
-336783653
-881433833
1548979964
627858526
895603929
1936652174
-580792766
-1025255612
1706872143
1007549527
643027139
-322581580
-359531820
878325288
526306406
-1641004789
2128937785
-1760183765
-1840421979
1220468332
-971453749
-1145107983
470004847
-1051321902
1764653013
-583148891
-1023741617
-1014381465
1626516072
-1343351932
-512038708
-470841323
1549790301
635244428
-841343213
-1516033443
829005210
-1943712141
1953717715
88844392
-539828075
1520419034
1753865832
-1186103205
-2048308458
249635778
-1455197637
-993543185
1714642752
1609375550
-126726809
-1094807489
-1348529967
410000490
-1872865376
1638901476
-1883448664
1022101147
-833083568
-151428034
1683499143
-1856803881
-136443134
-297812204
-544859878
-1991135097
700302595
814644575
458218552
-1758049685
975428934
1520560738
-257019545
1113863885
2050207112
784095742
752863909
2122719225
-808350796
-33551037
1081907045
735765995
922400391
413813834
-918275113
771063370
-509810569
755353921
1925593196
210132885
-1885752112
-608722746
1860601241
-126620773
1690309408
1047235449
-1909872678
1776979248
709410005
286856396
1692368889
1633975581
587743524
392489756
234118031
-516660648
525595435
71212293
-492566069
639451508
1841632857
-83077135
-809305998
-550146214
1658318093
-323257358
-99771098
2130279225
555388285
-517596975
-751915286
1146045370
-663117607
1269475431
221311972
-913790088
192377007
164928042
2048501605
1954062511
1593566864
-1580628982
-1783317466
-1264292813
-1020108300
-585626499
2020376276
1858501538
1003784282
1623384536
1201298639
-1770579236
1922003891
1714639585
-363408595
-886910797
1898111744
258235553
631949828
-876784929
682643769
-464502403
409264104
-400865996
-1297475983
364379527
-235312718
-557041642
-869206218
-84071407
1224485507
636590636
-525285827
-1958989181
-2127624184
-1138323117
-495780801
106808430
-1626259714
-950538539
703097373
-1363929888
-611394568
1772794586
-52860598
-131512071
1848147040
-209530082
935210601
1682571198
-1025008709
-1935460125
-1015602636
-338689235
-1678511824
1618684457
314008736
872314512
685941066
-1975217636
1123147326
1365382678
-1608497156
1608113358
-1095007260
-945988706
1566777061
895572518
1503375500
672242902
1931658198
1666669591
-378685061
-726436220
1088906128
-882932716
-570089307
1114249507
1159351505
-1848052798
1727531343
-1270986063
-1826738287
2042123503
1602867958
-141086265
638946440
-1327108926
-1544946065
-1492107799
-1977476876
-997380556
798605647
-162217697
-514844008
2041479102
-1525879924
-350023996
990707719
-300210093
-1195310236
660747165
758692130
1812895633
-1471169667
1397922605
13997022
-300450510
112207693
-1366084026
-95248054
1429627848
-64204357
138016483
-89594160
-1623276887
-926475770
584561973
457433018
182631207
757627622
1982648827
-281931016
-2002717436
115646448
114633238
-1197293281
1330597412
995388734
830943068
1585573557
259281284
914120014
1693137580
55856811
1833740650
602462506
-942838975
1351143722
-310837026
1547005641
851289931
1619909266
-551286696
-1385789003
156668347
2052351679
2134348218
1821610477
-912422562
-624190323
1043527552
249140492
1417348397
-1467771490
-593214667
745332137
1382801890
-78750118
-865548504
-1121837823
-796822322
-106794442
-1242488992
1747847891
2093971433
1341274169
605015500
1667538827
1405362986
1465926588
-1650924098
1999588514
987236121
-915382927
-41125222
-838609084
-439845726
-909010779
-1075001910
-1499743950
-2090287573
-832702263
-2047068172
1506159593
1799552487
-1271895250
128903535
1437417988
1325665644
1467619599
1960713714
1258861278
255945347
-959687212
1451478926
1128217723
466797886
-1440961131
-365988643
1260502951
1777685328
1981601756
-951814533
-889619873
1191216280
1306038958
564529077
743769200
987294974
321366476
-411347328
-1768557986
1925674882
-1432179146
854738605
-17087865
-920111470
900538864
1955998809
-1778190202
29713819
1427119111
1781741993
1958709980
-1561825311
80521430
1888916407
-412875059
1769214099
1853713029
1057374919
-1995174265
2146951193
252919250
1363898813
-1238166135
-1092689231
-1489967341
-1814253357
1749057346
-2082476999
-819590277
-1537396858
-16481288
1777331533
1623849628
-1300160047
-1733558293
-161251948
-1367667668
-1044986723
-1817210694
1559115607
663721483
1844884855
2084873476
-805062573
1406254724
219517315
-1310891438
-2029560881
963620562
-316928080
1512473907
620036591
1331554790
-691402196
-62873688
2046720074
432130919
-457430246
1122261442
-1908516933
-1026133254
586363010
-1393059703
1683647348
1092526019
1928788873
1276358432
771552600
2010791978
2109660897
1708850726
-1834130552
-790709791
1630265474
-771840674
-788116674
-211997146
-1971789159
431696785
-1546666790
-770556347
1288693697
-1466089294
-43891398
2031031393
712173168
667811395
2099785806
-268192654
450486195
1731742199
1918361834
-1645291119
-267440867
-389071207
-715435555
-828906637
615397884
1146601260
-1140452285
-42231758
293084110
-1684694958
-587440361
354205267
-1061896717
1239340017
29557772
-516566268
902730915
-719445229
639196572
106520741
604113697
58163725
599493216
778221961
1188634928
1448114915
1824295330
116464381
499051462
732932586
-1853027024
-1169982328
-394400513
1878878383
1270682739
-1016361100
-667453612
1181336343
13870271
959623821
1452380172
-338027833
981021419
-1082925528
-1631845134
-1987896123
1340510756
1499057254
818194759
-948310689
1767078910
-132062791
-1564611078
-288248245
1849492939
1039178151
733628694
-326581489
873305904
-346522674
-573431685
-858032221
422917620
2084101415
-1248777264
2009591124
-363185381
-962596466
2038661559
-571903510
-1724398285
-274206335
1533658179
244294924
-1606386707
-1209313241
-1726013274
794300387
1886484718
921730452
615716398
953619198
-1859491353
1530794315
-52152206
222776949
429735906
1876834564
675832008
-1274746800
1639514079
137254830
-1186856199
-1593027287
-1969715041
-734674762
1453955383
956991247
901210558
1386077065
671963982
-1559845203
733734919
772438872
-740772582
1049344683
549939971
1782148890
1289236537
851108179
1513230291
-1237545513
1118160128
-703266697
-241070785
613532450
550815410
-1571483758
1489442062
-737091610
309583599
-509452243
-1191051625
1709126501
-1645294487
-990607228
-940964200
1628778622
935385310
-2064067479
-1231210427
1287824174
-335267263
425943143
1524290468
-2000537000
-1225141446
-460045527
-2018130665
-40539704
-966261039
-48535267
-2059500998
395176053
275157861
-97778093
-1943183377
706367238
186165474
-306527573
1234417078
291478167
-348803534
-2062547921
2016109121
2057410492
1750362612
-1052116035
641828167
-1281852987
1425244779
-488613911
-239959400
-839769533
1215662264
-1477066207
1547346545
-1692279605
-1980366005
-345929199
-356523247
-578186503
1866476439
-1138875577
1869533067
-1556890441
-2105060604
-1066444518
567111646
872779967
923542314
-539140920
-830167486
902117725
1876503867
-514846242
-741241404
-1949822599
-9143105
-1452786468
76918292
853093844
-351592057
-1226147816
873863325
-1675053422
712434907
703206114
-1259945258
1209586935
-674390539
1017134824
-1350520361
331692405
-131278413
1824403420
-438908113
-1905361434
-479475321
1607405907
1512464116
-20781035
-1400328783
-1490487568
-847397094
-2020454270
407252656
775563969
658798600
538128742
-1379902987
854752744
1739980392
565912052
889730522
-237076611
-1258756546
-720551455
-1253039919
-1736131149
-1702234308
1004886310
1445097440
-420252359
-2041335213
-219238396
-1061224372
527389410
-1824514931
1096934216
122925204
1327115143
2140922649
-1374340912
714011808
-1770861013
1400843431
-677431219
38467898
1123898465
1507961846
50564169
922946237
1182110954
457492394
1163816811
-1230228725
-907830111
-1942492318
1233332730
1805992644
1308905883
2041075210
784753567
922859956
1828103306
-634455699
-1837806226
1001800332
-180358047
1403272973
2114381863
1298445780
-1304393667
1349174838
824502968
-286205920
-463780989
492793680
-729936634
1239828353
-1449002939
-110213003
1496038124
726355006
-1995834391
-676253885
-1399753853
-1811709756
-62725620
-34194446
171727011
899712218
1636008355
551111080
1756213930
665727000
-1119901597
897396747
-1687982981
-798296167
1442521186
-861502952
-400700471
-306939153
-1869288450
1690494514
395438485
-1694798761
-1011885059
92625790
-559108364
1318144045
-1685330954
-1989083027
1166170646
-153776223
1593168110
-315543911
407031683
1978628779
405358149
-1690894379
-1521796186
-1004776132
-1680137005
285315199
99731599
2087320501
1398849613
469209879
-433034252
-1187501412
-548763923
-888272619
1847595384
340956556
1410269010
-1444858634
1468376367
-1256130195
1422737572
-694019689
-574176671
1703517669
1727809787
-2020861241
-1615590770
787872270
-414263807
-205810922
-2064422734
2075160681
1382654933
-1216908557
-1800092470
-791849455
-2054932942
1921858805
2097146774
155236659
32149456
-645926024
1771220639
1592105661
-1931969527
-448803988
322076795
1230147413
294473408
1915336809
-2067459761
1201863564
-268353922
57353733
-1766346860
2031837011
-1114391331
-1529384342
997552414
-1677564755
1889300777
130594
1428711514
-1183865434
1648277827
-1287068364
1577216471
-1150526077
226088136
799651189
-452057593
668039482
-445768077
-973425129
-95315131
-1324238044
-1720584257
-491219835
-1709759463
-1512708624
437734096
-1706980749
-121461317
473703130
1223476883
-1017884368
49062613
350951197
1809070371
-1271237058
1087714957
-2143527770
-428233618
-580197085
-1663222846
-1010216439
-418567912
-1679115647
-489413484
65041848
1226523551
-1283476380
2110604842
1780007025
8312767
2116604891
1545051311
-73682184
-1725393385
1753678793
-1860220004
1444285190
1428113419
1126750460
1806720572
348803969
-354030100
340377470
679906413
1598014444
-106751146
-842651349
361629603
-1682234592
-1204341287
-854879869
234198066
-933846724
-685409829
-1612420415
1651667659
560520409
-854726212
-831698900
-132456889
2050656130
11832123
-1853761108
591667619
-1190306462
1282709272
1791331487
1058900555
-395418561
-473661703
-1588271635
2123479707
553166247
-1906709103
560589145
-208920414
2135742568
-1278532354
655303194
1465423144
1834331460
-1199743118
1235361962
95381234
-1288195355
2005276181
-660635171
-1402972605
919012622
522146346
1061147444
-5028698
-1488176365
-1397920656
621668466
-407003925
-502969973
-1403593014
-485198224
-245909650
-379172029
-1928000479
1623852845
-1236418914
1357473140
-953212279
-1900045527
-1877223491
-260293832
-1635877982
545754098
1732088804
814523450
1978539840
1351582718
991227210
-509764947
1553812558
-385769541
65885381
594056319
-1054397457
1634601956
-2048683121
-1625375795
2064650981
188724502
1220773197
966834841
-1350896330
1276370083
712568397
1287327161
1934618636
506832548
1740698127
-2065689838
-1943597604
704378196
-979505658
1119373062
-791107381
131671452
99073183
410281258
-1933111476
-1345224471
-1905351550
-514564036
-200585459
-251234235
885487639
1905354067
1424574995
-2142110555
1295755595
-720871848
-762480093
-791771009
1103123859
384149428
1213793892
1641918112
847482416
594144586
-1842933951
1963475515
349135029
971727528
390091924
-2144310204
-755604538
-944387464
-1184851456
255803902
-2131375071
1201602876
1904438686
-654528301
2041925090
-1119027398
392443099
1448727395
1485655554
-1585085004
1492624287
1331889118
910174240
363785052
1927479730
1049640854
1343982724
724352006
475521627
-1484804145
-2017248673
515514271
-2046741943
579824601
-1166632361
-208716707
-1625768009
-662124448
1270283587
-1388443593
-880107318
-102709246
-246643917
84295063
880679997
-1187610334
-1576800590
1462200142
670169151
-504263429
-849352626
1370699720
-23833701
124769272
-853772712
-942563456
-2032374503
-799847615
-368333593
-980724043
1945042212
829781913
-1329669597
1615253085
473695660
-1106261658
-1881165121
-1032930214
1766800461
335881745
1985036999
75020011
372929200
-47566192
174630555
-1376414875
-1097621199
372192064
168415290
1304198177
863401922
-1297640201
-579543869
-1008930376
-1735157490
-1462209703
-1739276743
1511205741
-548019231
-1598508950
-966247034
322800362
-473403706
891449701
-282421054
386471727
745413105
-2048977717
-1234091596
1744188103
-1243227297
-231475778
-1421311848
909508924
1128606011
1462210703
-89063646
-453759028
113518211
-266609516
1702657987
-257419940
-1578273301
-2066485441
-1750579926
1061379500
591255297
-490193813
-1468535283
1573106635
-683806319
1242433529
1971046696
-586145843
786625354
-582230885
1406788997
1768033212
984146849
-1048699921
1524720382
-1761270836
61067764
988543951
895731456
1681425873
2146648563
434013415
-590849647
2108617717
-1059751365
1756391047
227135123
-1059914075
-330393277
-823741511
1494138697
-808494645
1697748091
527424918
-388909030
-827666110
1620542898
1009221333
-891953515
1103794310
-508302665
-476918620
-1280216139
740602283
1656404803
951238842
-951601563
-778549360
762804501
1292259500
853535301
931092308
-830300577
-1415035264
970950318
-1511885561
83168864
-1357279617
373936628
-33753180
-598774703
855772751
-2021167894
-499386305
692419717
893344064
-1323527510
131174522
-1166281781
121230821
-1742925675
-308736963
642341142
1861101799
-40289640
-425721179
208723296
1067579669
-433102927
1668516412
-522695222
-1843896130
-140410191
-1685062549
1084785671
2089525314
487021379
-884671444
1884944635
1895228902
87089964
-1052331005
-718971490
-980140312
-45222957
1027637038
292183590
1025508819
406042628
-447974885
1344074597
464806420
954267120
1316386329
1366025839
-1222333236
1903064440
-1549210542
-388404609
-672543001
-1230436694
-104068103
-316083942
1462627436
1885793419
-423596097
-1693213579
1888940310
931311638
-1099921782
1055323155
1347736100
-1467900027
616291176
-1522024526
-1460561555
-1517519410
-675649343
-2104677273
229543350
-2017122704
-1828361524
1086758919
2132479047
1869359470
1167484228
-1463755063
-314120261
938845083
262426714
-1199216855
1723555864
828167960
1475485933
-333895666
-1971124193
117065755
-276750345
-504498898
2134518756
-1776786959
-1832073910
-573809231
-559510368
-1883314107
-136509059
1630652692
2112783813
-907167582
198664992
695795280
-613093550
285450294
-2004491466
283212090
-169848472
311839192
-707844892
-504614355
-383173347
-607352757
1670448229
1523235813
2146754192
513573060
-1459924672
-1022895187
-566354883
-2023523927
-1901662275
1314848701
127981458
1734693275
-1149690476
1999255516
-1665129790
-1524768074
-2127966744
-953904051
695828440
-1859201513
-1489022861
-1732702488
2116320526
39365534
834713601
66347654
574571103
211155444
1325642786
-625838942
467526746
593242831
-1659776486
-1509542596
1178308664
1567962996
-294889188
2103777536
-802560720
-2045105795
246756791
755863976
1510739722
1395549148
-449402736
-156096355
2144368114
1744304159
-861229999
-1410785308
1865750414
783387636
1480476385
2138750264
-623911598
1041666800
-992200235
-1616469134
404063250
718463115
1989002789
169532977
1194256600
-875899281
-2089322718
-1998748746
-535441673
465679089
199436455
1315087
376402784
-952646689
136821903
631366775
-164855501
-491617924
223490918
122255868
2069576601
1211946440
125508706
-258847134
-518917936
1124996099
-135360365
-110130105
-215676281
-768973708
-990106279
-675158137
-440578197
1052223590
749191703
714164961
2048403969
-1527899534
-104159963
-192857126
-2113599306
2134650628
-272571382
365762785
-246404301
648640791
717013739
1799853491
-25399050
2046596930
1435385661
-1985275392
-1875706594
-1562088200
1750305217
-2126584242
-1545026683
-307942389
828550066
2007966494
430396179
1355674226
-1307849929
1664368204
-1847103151
260309067
248955678
-1660405061
-767468740
-1908618718
500564427
267310641
-1918910629
1066429299
1490281326
1417652606
-505428717
-2124268179
1941896051
1445963492
1620686138
1647678968
353173822
67738290
-529328151
-547294471
622023704
-589589967
-1995154539
254940628
97471075
-1030140732
-890676896
1782174514
1703395349
-1173218486
242567853
-1658938620
-1756063645
85643718
-2106063887
-725549882
-1271912772
875736898
1168869584
-1318212600
-1191070984
1538547695
1170099560
529320233
1364167889
-434995823
849328359
1693872742
-1506123119
-1968098791
1215937891
772858130
-179646707
-1511726957
-49571607
1029478182
-1380625711
-1799882686
-1413016618
1196908796
-1672991588
1016616456
-1605185435
870788951
964281614
-1641097205
-1641447543
1913261478
1631953311
833226646
-1757999363
-1030178679
-1259269421
-336659140
1473389720
532519060
850399659
-1380850878
-981370139
2023368018
1907753054
-1582712258
-52301069
1739650187
-1580907959
-1138146309
1257992040
-414516790
1460395811
1319188639
748670172
628275737
759866740
53357071
1011911523
-779585522
-81297337
-912868974
702348651
-1407280117
795014174
1581581236
2008289224
1727913152
-1061947611
1460692588
369229581
1663364084
93100203
-1487207039
-329019875
-40916091
-1237505075
-1755795160
-1384279551
-1915867475
554887539
1602949874
-1251940613
724831110
1080704384
1138312420
1368400602
-1293106993
1836856133
-681101593
1493014671
1523201008
187807030
1437828706
-257064704
-1771140293
-507604001
-322393051
1477532955
-154998668
1500612632
-910646136
-1947278034
2059454355
541434999
1919448531
-118089354
212600263
-1919620603
-668780320
-1387313163
1815598270
-1055722443
-608008193
-475849848
-588177885
-1322127343
548698137
531367992
-1393747096
1082348214
-704282601
-1249793840
576923076
-725023998
-32050556
-1631329874
-205192577
-1803359605
219213168
752147678
-44486803
1544561106
-307698536
44970852
361690039
423242680
2042898883
-321988648
1450981600
-1368132560
-1156573330
-1618700744
-613322745
-578976203
1025491371
615333113
1032849257
1320725758
-382119611
792249183
1041511466
1451881584
972778792
-1787363058
1087050836
266648788
-1532668417
-1596929313
-113611489
702043593
1431476254
-1959425801
-108033678
-119581572
1696954275
-1786537450
1874787498
185702677
-2090239273
1606621228
328682905
1802286964
1198110425
695194161
606391760
-1553090788
-1907572099
109612853
-471523039
1316118127
285373297
-488182090
-1641203361
386366747
-798111327
-238781903
1024248423
1319954900
-1011372836
1216789499
1915124324
66004803
-195206985
1530228560
-1901833651
-1002314691
-1621634383
-1415897684
1122251442
-972698824
686237335
-1690190503
-2047848264
1859605754
1935680810
696395081
60030818
1642828434
521105662
-1024038363
1444759825
85664396
740337060
-1005815643
1927290189
-1198865057
-1783249653
511148322
-2036853051
-2015083222
-1724016861
-1240201112
-988668524
-1945525089
752738242
-1631866415
-1504220731
1683474751
-2052026677
-691857778
-1222137319
1848448199
-1193193844
1789738567
-1960291577
-1279548950
1537938536
-213545753
-787785213
-411690945
1410045877
17447344
-732962557
1390496636
-1191390489
-2082561131
1902351934
92543460
-77401363
1704859336
1075039286
508706302
-1965074213
110942096
1504284152
109447047
-1717595704
-844200352
66859938
1537748904
-2109118215
-1759104731
-713409754
113523819
26441790
548775391
-1075812020
1002121067
-198452580
274127475
1146320637
1821195211
2139415851
1807973822
-737096003
1821335400
-2093348287
564921837
-1053876615
1309621074
1463634640
388026379
-617627262
-450037897
1126160908
1203053787
-542226727
870874529
-1160849584
1192048359
-930375764
1892382625
1598505538
-2080018984
-87653856
1786281164
-2074964684
1370657544
-1274303407
33235622
-1315999283
106935125
1562588054
-1959009059
1126231016
-1649948104
-1392346103
-2118772616
530022075
-1240036843
-1616055226
113073744
-79222724
-1919101485
91672945
-1585231682
125740735
-1344618577
-152500354
1055205525
1278932195
1460281677
1739981228
857027922
2134646703
1500651792
-870129839
816940178
-1844520201
-1023592278
-1337902883
-1425111868
-1410303996
-1575972618
-342773480
-1012797666
-89578893
-514013436
-160966994
-1076468524
13797213
1666018933
-991159827
-1805702265
1992247992
-1472338679
1713429196
-2002338565
-946213124
-1678816394
-1206136018
2003443213
-459795703
1378137979
-1913298584
473837795
-293000633
1795683123
738424576
-2394524
-791276786
256531886
-1945227337
1910502123
-1166463160
1192935613
965235914
226372150
-1345526955
1195520013
364269683
847996580
-1517773010
-364427914
156390837
-993083489
-2145200692
966282901
-1394294695
999658326
1699776202
-776847465
-1628180173
1521051567
1572945481
1162051415
2006919849
-821139844
-843010285
-72949589
-1335086731
-860821268
-1437250814
-2147197701
357021097
-778320317
134577570
-987077614
1429522419
-155690547
384003349
-1878272712
2116542242
11826192
1595499831
1694233984
-867290647
1958325056
137318657
-343738531
1909090529
-1083916553
-1243355598
-2026182789
1425796308
1747125029
-2047187157
-1160899892
955667768
-217643452
-1794629862
-97699360
438483704
-2038110512
593165403
-1683675783
-2007174278
1822034934
-1597706982
836792414
2088433629
-823446133
346939964
1817942639
558693506
-2036394177
831036543
-1516324615
-1677132594
-496307439
-169564193
401692747
1711062829
-223746299
-1139136197
-1351458167
-577923751
1135534613
-1707974088
348594111
2000510171
755790948
-1334177947
-1557028040
1289782225
-1332941127
-1671887712
-384812528
-1716972046
-1337424598
2027727799
1204596488
694621647
1609459991
1293502801
-1856276583
-1868650917
-852423078
1281371151
-1160241589
-1642542931
764743612
193407469
382565958
1436267011
-1743190
-1688203282
193831977
-1564213750
-1534662104
155510776
-68786150
315113819
-1257223932
-175621892
-2017651427
1216659529
1747645263
-85547687
1743565225
-1882894887
-1240160503
1812564866
-899170952
1067423505
-1285516261
989891805
576157854
1343250037
-569226359
-1668145426
419432413
959605710
-2078544409
1956743860
-2133718473
2056139821
1290554636
-1008009645
-2121829437
-479363537
-1856965371
3970290
1672659396
1108248193
146493516
1901951206
2030361591
-1555666778
1480022842
-1136491505
1040135979
-287649801
-514483527
-1237187966
1863126295
-623430421
1697729085
1357806440
-279462553
-643683688
1960244468
-145054683
-396907497
2145091705
2078207547
2097603004
-412864252
-1605092239
1733451092
-673514383
932867264
33403152
1764282454
1066723759
-1550051675
-1648544748
991398500
272617516
-651913172
82196785
424345889
1892985418
428083583
888460564
-1170850462
1700276928
-889920692
1044311205
53154597
-1562392711
146438619
-772631412
-1926667070
1579290299
-129788574
-602118921
428008800
-254498164
-2123514984
-1730624103
1842613930
-916670896
-189071737
880768501
967458241
-1183036746
622159014
-1647782437
1631202163
-1645059115
-791134682
585151027
2131309485
548439441
-930546804
659724792
-2053169106
1134281283
-970040961
1693974407
-109221251
-1727723623
667809250
-305092070
1307846941
-614541895
-679108059
2083666830
71048190
-1519074132
1295451864
-2109485460
1992330293
-1312064518
1175547008
361164838
-503647505
2031485072
648986030
125795232
-1678926941
-1625850646
-365554100
-1113581582
1382659462
420931437
-2058914758
817454956
438339652
-1149490412
328817945
-1283067175
-1941520404
730117711
1818922341
147717384
-779353045
2021102631
-1854470967
4254343
1721257660
-1415613531
658572206
1573673393
1935914271
-506248844
-378286572
-1776056597
-2099996280
1388066757
338642853
-862275286
1046181658
-2087548814
-1872184057
514749111
-117260972
-1560803994
2004774513
1355180598
1910271691
875195195
769699712
1245745124
1579054873
658321956
-275992501
-321871073
1255795733
-861599476
-1874705484
-385541077
-62345661
-1436721409
1444886273
2005560882
275782798
-1433231671
-52425046
-791550580
-1148268748
-582876964
-206619532
-615406015
-1850307071
-1310058634
-194436418
-1746432309
-1991051841
578124035
-355698406
474022687
2037416172
1731931327
1500767775
2026234862
60745645
-75055713
-1427185028
1252341288
126159619
-1529604239
605894992
1199980225
-856957125
-485911999
189905337
524883638
325650859
1606209535
1928719786
1030617938
875111834
875909214
1739713026
1600839341
-1243290497
-341188866
-692548647
-2085946251
-871662226
526663628
-1173768420
1315731184
-1679810609
793296297
729901659
-764657600
602889552
-1862959287
899922913
1670435817
-820199652
1149748829
797119493
768115856
332921420
1582529780
1495218367
844653061
-1257474146
314291486
1282473597
-970654845
-195747228
52494034
-968904137
-196181450
522826430
-1966819311
-1239772992
1175326716
-1436948725
-1227965622
1872879455
1801066095
-1954652004
1335169024
368081310
1672755747
-1504831574
-1457815127
-709891999
-471654868
524458634
-1078247207
2020496953
1618928610
-723219426
-1035930977
493810938
-161520921
2025657742
-2033069521
379758730
1030184297
125845304
1506724033
-989852933
1209545892
818898148
402038711
-481354276
-821173846
-1993197252
-176770811
-1695662900
-214223258
-942142342
-1263814195
2019239247
-2001032483
1822050914
1196077896
1722034148
1854421687
-992713869
-305932819
512939606
-910354690
-1640721063
1362111179
1638056786
-986828764
15484581
-566472902
787228473
-1260725174
-304223809
-913748302
978550327
-1347871297
1959893786
-1171867910
-104041580
499207622
295235242
-1688778108
-628117942
-1498206308
1620942995
-1375472361
-1240968490
-458575944
450764066
-1571363154
-1791537582
1503318868
1377178624
1966274720
-1231569213
749313068
-150959452
-1848000256
-1351545680
160425093
1619272201
-2141915066
1261996531
894203760
1517388705
1264457006
1936566738
733604175
-259577464
-20364577
1031349841
1149957272
-437455364
-936962736
466134721
1546215128
1972194829
-1599954969
-790250596
-97539589
1809361808
525849186
-270515308
469112265
-237249959
1891123194
-1974366743
-1708149325
-77572952
542291141
-625029638
219979472
1766945507
-1196147365
-948521953
1470263841
-1105698171
1868530876
-1620099147
1592575772
374085718
2067901553
1566973561
1850423912
-1003376164
282723056
-1898500839
-434428700
-212010479
-1296286652
159509768
-454607123
-1836579499
-714403603
1282409361
-339233824
397678757
755197700
2113672751
649161181
-1525329907
672033187
-1065773029
386630094
2003679323
-1890372989
940793125
1053709223
529780757
1424419301
-813693497
-186684689
-735337556
-951811914
461936758
1687308158
-1789331216
2116249837
-800138181
-1972509049
228867527
-262737865
67520642
-1277995048
682831385
443949270
44801586
237101920
-1928239858
2141605062
443842045
1622770417
1096043899
115386145
2054262776
1543812167
967386521
1504546755
-1049423762
1925113673
-1064105481
-338266831
199808496
-96662386
1066023857
1345941686
1500783792
382863394
-376629790
-201850674
-948772081
-1967059831
-171547050
1760331208
-231668877
-456383997
712252804
-1729600346
2078685022
1468882449
1534364090
922154055
1014185915
145592120
-1819307622
-1728079673
-2009895301
1056137476
-151739964
-2065452762
-1267978912
475151439
264061396
-19186905
-30564840
-1513068606
1573880974
-2053287558
169125773
-1567609700
1635436376
-2112886756
-1181744005
1035994034
1323070696
-972264706
1112483650
-2131620170
2126626621
1853694692
-1751447811
1570464187
328631506
586253456
-389666350
-1988108040
625005841
-1375351265
1826783371
1658304203
-791951355
417109682
-272570523
575120897
1740348756
-2035338160
-1339596760
311802964
-1978640789
-563864566
-2006427273
1553475892
-2070200326
493396063
307664745
963919050
-559997277
-620908062
1396085079
1512035129
-1929776403
-738359783
1694980343
-646467546
-242055042
924469416
-980787543
-1302229382
1119044745
653540015
1108518673
228124774
-2103515259
1952965743
-2036775451
-1489912921
457389599
-967099085
-534892025
1791806986
-138887824
928705901
-751188266
1529689650
-2072107406
1120341790
1630832320
244788377
-78590800
-1386147717
-1388317925
-379819820
1600883772
-838689587
-1312518859
-1149595878
1578105574
1163898776
-1201253207
829714950
617447594
1026831871
-1079879948
1540828315
507315049
-1033903514
738010183
1751668873
1310661084
-1334241703
1776500125
67822766
-768214587
176817835
769249296
20729823
1829999974
37322210
196039016
350505959
916954167
1993531602
1077989877
1313672399
-757050670
1723292039
-312338530
1874511967
1282176562
-771994520
700700217
1333602789
-941908452
1922661272
949262620
-977420748
1161679580
-1479836513
-481414669
2113575919
456804916
360014921
1156235475
-330511353
2040561553
-6894386
-1512461937
177092225
1106647936
-208037326
884869706
-932505732
-977838497
529342702
646285133
-274251662
1395065431
-258305328
-503349222
-744511043
-169490295
-2141661665
1829372353
1821710429
-279370361
-1436275966
216730225
1960107000
1600897285
-1426046175
1975644753
-73340639
-2018919217
449949580
-1754919536
1745408988
1550186238
1428539611
-37430342
-1728483743
-2001421466
-1810991721
1495488589
937496608
635148370
-1308003624
1825259660
1017301253
-1533195661
-767491281
-1041866094
1551041789
1908667412
-1729222715
-841528919
-1109630025
-692382830
-347945020
276814812
-355219281
1311632651
-742102539
752598218
-223418521
-1028236459
2070308009
1583188412
-515846153
-302826446
-1556305955
2094744314
-1030471736
-1071846463
-1936816744
549942874
66304668
2124514102
1201872024
1597636377
258715600
985255629
1528252717
170159853
-286052379
-1434243333
673661027
-1036290982
-869534148
255449318
1247033702
1725944388
2037566240
485632535
74500386
1374076101
1426424330
854000494
279237673
717926208
-946595809
979263318
1990474458
600510390
551991036
1149540152
1633788862
-451792041
1872404406
1085410356
-298252235
-614557604
815022620
-1684658418
556001105
-1171953389
-404421570
805167974
910377729
-1041130437
868711987
177953324
2133445490
1411663505
188558869
781647697
-1944920911
-227544662
956622928
-804616510
618214036
1941048323
-514750436
-1760516975
1162507994
-966080938
-518216633
554966133
178458001
1816457774
23678007
-2118396812
114279351
656717245
2072449327
1350098654
1741243428
1615669485
-710549551
1721151357
-1741195610
1117401012
621768163
-755175415
-1597428371
-2100484692
-1117568939
1742055393
1905181865
1774202594
-25260670
1245817592
241997937
-46317075
-1920368714
-261061619
1000633574
-1972158654
-717775888
1309691422
-171744104
1507109319
903958760
-1789054690
-1657568984
-858729307
603517523
-480283163
260549165
2073139810
1656595556
-1822268057
-644790693
1492447534
640875414
1872586536
-1951501598
1050341500
-896772952
-693366033
-138328813
794172372
-727242519
2114529721
-1809382839
-724236569
1998578357
881568240
1662022150
1262069475
104920639
-601591076
-267735460
-742136568
-1027325297
1661872985
949622413
-67484037
-1671758130
1770545098
-1900066827
-1307263654
-244271167
1163004749
-1084735192
2132473616
-1780342381
1990656048
1892553559
610843625
1185464790
1455874978
-626932233
1784689640
554218955
-1253855059
-1703849821
1648043224
954079457
1522595427
-1590177983
1651080608
1199296379
-1934867113
2048545892
-587414821
-345654794
-116752305
-1522205199
-276483928
-1655925782
452789303
1936863236
1555998141
1750205359
-1688413353
-470803948
-4674622
1862245922
1274638280
227994196
-955895588
734257832
-1293192924
-983280804
-902379897
1198814066
893641084
-1718138872
228882856
1921322498
-2006286962
275845536
1438554082
1251411950
1459483703
74392633
-458557913
1711100900
-600071898
925062490
-660829038
-837987603
1998307026
-301573919
-405308556
-1344997899
-408271955
-335894489
-2042114644
-850201718
-1930174823
217331554
-921596868
936777188
-1017002341
-2120508085
601224984
1391781157
-1714007602
1560908032
-86837441
-824233503
-762869863
824304170
-373350897
-1260436513
1521754660
-1797042334
177587669
1375252769
-1792888057
91479760
-827578461
-1913708255
1981931332
-452485867
-2002683290
1625260125
800843383
-734402966
1414098743
-1288017899
691988811
290430473
-338583823
462863955
157197104
1599797195
1415036163
-4206037
2102102858
-1952466926
1496294278
2060613700
476483756
1948323304
427134097
-1250890858
-1091050043
1429236584
-1736831796
-1085442444
-104689894
-1620639652
1146790723
1590175693
1203087669
300530471
-940379524
610015406
160930268
-663620635
-1686112566
-1872951798
-1466523514
-409786928
-1827680797
2051949245
1198357002
1448631013
-395451472
-1507310130
-310244455
2027564486
-924542876
-1921885964
-1823520530
-1642560030
1932178384
-1670763685
-20264509
-1972276782
811874804
1187728551
-1266040186
-1178549242
-2122091304
1885656121
510678092
-1496689248
1641039773
1137424560
1441884166
1934300063
2099846862
157064114
496273650
1663777344
1039274491
984092139
-1764068781
1611555488
148638344
-2037346475
770720867
-1088141659
1425474498
-518926406
1194103944
-2081988833
1512028210
-216206474
575720646
1973731369
805982262
862838913
-2009297291
1434114005
-1573853748
-856041556
-2006447053
-46992633
-100273743
-354951637
1465224987
-147608415
775419306
-2138588333
1165597494
1661512416
1960114208
-1467707741
2048681777
-1965142267
737256690
-161725944
1185848144
588659511
-2107562106
-581608356
1614187426
-1610362201
-1387785695
-1790904272
1696227702
-1657923595
-920263048
-1129389366
-790697971
-546927150
-1701440633
-1500108944
-726011760
-841286171
633502880
-1713075481
-1504542396
1078086130
-1064378938
-544490698
1425556475
2141367097
-1406820037
-406112337
1816061901
1177682972
201587287
-303942353
-528389624
1068967939
-198420070
-1304100188
1906080356
14499203
1392741893
1260761551
-915509637
-10969411
1322133413
-774371254
-1046579081
-925967356
-1073156241
1167391948
101979404
1902757058
1244694611
1235371180
-2103253848
-15230309
288984458
572962211
-234986519
-503786798
-1673805261
943488981
1833711439
1738410476
1659381277
2002682898
-303890894
2076118418
613090278
-2074195368
1764679926
272507067
702041156
1692687516
412372604
-1378296310
936497826
-162199095
-541287205
421158004
1459371758
403690761
-767590065
-1439139291
-804206415
-1080027838
22516593
482374052
1537675103
567904482
-629190744
-1013637836
-1909218320
-1975262753
196562143
1761840253
-361949265
2128907769
-1592944264
-942092180
-1292721071
161890114
-1677102209
-1280433834
-567492280
-695076641
-803352542
1380893539
1443969625
-1358584816
980969056
2020429097
-1510368405
1649439085
782905601
1997812887
743703970
-1814197647
-1744725051
-1214790124
-236731988
580507452
-1203908640
395176423
499655514
-456532844
1791349668
1605524440
567644786
-2091846100
788885888
-1511769833
-952775485
398160169
1883052584
1171523677
620868984
1433488097
2083599893
466067537
-1026013775
9410533
-537355728
860590124
228291151
272815937
-370076727
1862266527
1035279119
1734129153
-2065940530
958968563
-1714202918
-1601960201
-1583996616
-595067790
-265506470
470151868
-973460792
747301893
1481780688
-1472486413
-542986253
-113773538
161358628
-1561857068
595194138
-388513065
-609467075
-165356824
-19712259
-1790956965
3698578
2125507089
255177073
-1220891771
-1517878015
669470669
-764801711
636913350
2136144095
-877384261
-1812531790
84965195
258659663
-561167779
-951585703
-1749517218
-538488105
1498458910
-243440271
1696617739
2088457520
-1461075305
-358911368
535007751
-1341759140
-1372365043
783894650
-1312529971
-1936727810
-874449602
1144061314
-450462966
-815610139
1821418333
-1495017140
140757307
-563713815
1556375641
-374475457
447528851
-1874156806
1537280869
-1050712167
1088452129
736794485
-1238009932
-817861140
2028401970
497721529
-202010492
1468615368
1977242355
818628602
742375774
-1584543047
-722368677
536106324
-1401631077
-957897613
753539655
-656913117
144550442
-471193525
-170127386
1006759569
1846759567
1365045993
-1338656938
-1461549201
1146679854
623023932
-1387053169
-1873727159
-2070352695
944468909
889206400
840453044
674847046
1550067350
-1485875593
-969947159
453325237
-221096459
2098677189
-1525147241
-105688174
1728691804
1537813665
-1515003660
-765140410
-91308756
-1153415860
1194566164
508087795
794479106
121096822
1553210750
1244299888
-309685392
-1526274080
-1583538692
-1416756590
998552303
-1621585599
-783429710
-2124680275
792931348
-963681427
-1082592142
776232282
1129917186
943977396
1829800270
-802741895
-974014944
1598960008
-1257393810
-1891798919
-224704758
1943060066
-1066665438
-642794026
-327188788
1221025765
-141800390
1626863843
753232205
688386114
1204100757
1042812361
-1261435895
-1430818594
-1037386249
-1926696241
-9307134
-1674894542
1576255008
92718555
558552824
-1975006221
-494213095
1302511160
-330236969
1290765426
480328144
-1284770152
1338986096
-1808744892
-878195993
-1739828387
1641304683
-1762697947
-2092782904
-1257830125
-1417934468
-605353191
-1144845316
-1441102015
3997909
513026772
-1094168387
1645202273
-1644936741
-1403843493
386714825
691888171
-957146597
1257981930
-715370376
438603033
-468914561
-262184168
-704655088
1794341415
1641188796
-610851784
1254802008
538921947
2097919502
751646722
195818858
-977962108
-1772699097
-24179341
-1955786547
-1254887482
652325220
2112097265
359200195
2091620693
1068433218
723486641
213034718
-1645635585
2097937935
-1900865443
-89422887
-1113642000
1610983652
1769813488
463531684
-1421805775
453255378
157958116
-520704576
1591366513
-1937487526
-1610853745
1122279373
446283784
-1771423710
-1833922870
1025741920
-2035831752
1625189350
-209799213
189685274
-1624694347
-1068302676
-65385612
-1736871435
711201639
-1234352325
1198159972
-1697339423
-1340910483
1617141197
-64973076
1431302287
1599372133
304494595
1873479629
1601508491
1182414314
-2019209192
1681694048
-600452976
-877539235
469109593
-1249971457
-2071010537
-1894582808
-1405430828
-2146937181
-2760912
580709568
-112518833
-434886450
1787877525
857002665
-94261892
42391211
856964348
2045550015
332935017
1077203571
-1173066067
-997005966
-1435944387
-1460261359
1646130259
1963440081
752503585
1015462920
-188722666
-1970077940
-1232498053
-2066949484
-597368856
-1271055565
-1670699935
1512000783
-1752420066
1634964548
-20693940
-1329281130
-1027481277
-1270052765
1135249419
-814870292
-79701463
-1535985045
-1002918405
253091485
-633903296
1309648037
130581109
1035980646
558344746
493368278
1754701958
-1857935404
2030978190
1383698046
-1556456987
1272722730
-2076685525
-939226017
-1986514399
1947564679
-2126064080
1398448699
967072026
1518341192
-727989557
-836287006
-475146063
-860176982
9992704
-2053304725
1648519619
1538655412
1138872507
-2095180607
-498719662
-1106724781
460936487
-840214431
1272545029
877661382
-1601331904
1272917089
1734037970
-1352109508
1575512743
1962078387
880529401
-184337990
268089268
1385208747
523283763
-386456510
1777598929
-1263216706
-1364598229
-1494728655
-1554815739
-1678853749
-1469463507
180730088
1094081743
1284919839
345662492
1566735535
1586642485
-1788632716
-203069271
-279454507
331530011
-1910264517
431151041
-1112568805
-1985405224
2061615067
-2096725177
-1413177519
-1807956986
-524872776
-1585771261
849441857
1294427033
64188088
-1772833319
-1977965876
1309934898
-1904905726
-493523907
-1857725357
-1392936779
-1632525816
-241250842
216653144
1612583192
-917280057
1669730497
158913892
-316950402
588489805
-1777793240
1158998314
1258860932
991189883
-1907182765
-609242388
1297783257
1246356236
-1246683634
88859933
945717779
527790293
1866818732
1936487239
-763744575
1859504974
802304571
-925702866
1008195260
-604583088
-1302587400
875378742
-2074152254
189838880
395475205
1970664193
-1745751484
1156887467
439287129
2093961052
571599230
831776019
585416695
2060230235
-184120120
1141038954
2052566114
598428353
-843444948
-1154249028
1646772047
858725798
-581064137
1606141266
-1230823780
-202659501
-1679487724
1151269685
1282227328
-721486224
2087960790
-1183448592
1738045956
-2099245216
1119443988
477606042
-7144270
-1255840276
-756142150
1905380371
-1944147061
172953374
1592495902
821145485
-1902672067
367583599
385353041
122714446
524997013
-754417372
-443479113
-1387348045
1540667442
1065142004
-268364326
896012919
-2136902021
557477102
1663698554
1774636085
-938859822
703341977
-1713806872
12908587
1549048585
-2109046436
-1719873133
-2005970880
-228506604
-1841150432
-1067266845
724277063
675844352
-768205517
-417563835
-1712073851
-522877661
-283985041
307438470
-5493392
1508484501
1287317403
-1531659164
1831958201
732564958
1522729744
515928674
2065341837
807181296
-2067138401
1299527388
1023905814
836200279
876066225
242330714
654070855
1272182702
721916336
-650771416
1206867929
-275059115
-389593178
791519525
-1717683056
1494488928
576284194
674206683
-47405886
-879618607
345266530
344081360
1917109273
-1183834358
2143646638
-1050682853
-743851881
302741884
-391014399
1186873657
-727191590
2018095780
-1188861201
1844891169
-1898963807
1635237944
-1867436606
370599573
-617774962
-799178595
1952622565
1835284666
770739757
-31175013
595706501
758405098
865281844
828808275
526826101
383832777
51116812
-559298193
-2051339183
-341961066
502974863
65185947
-1229160730
-1098075197
1980730899
1169713205
-2051280943
1707202502
1384830631
1614860864
-408304027
-1652748239
-908735588
-382986339
1681666257
630106880
-434853050
-1912235396
140087170
1297303601
-797000189
-107844593
-298601786
1809739930
577963644
1722642816
925290161
557270518
-588172757
-661887963
1194936644
-1071144896
1804766748
-1487396622
1346881226
1196371012
1737950199
-273286354
-2051336059
288448370
-1235852483
-746125718
1331425674
655250676
-861504816
-453145683
1286768105
-2033981437
-892680519
-1971839500
547256336
-503996554
1116386853
1553269209
-1598703504
1770995355
-2024288847
401071249
-608224416
899616586
-1489163801
-1813586405
1351133506
868366646
-1629084153
-1740383563
-526095133
1060027014
195177225
1681459090
1804583975
-234105437
-668472606
1066946250
1419163365
-914159533
-197489658
-1494782318
1791367184
-1711218681
-1468561106
834820012
211416342
-524402832
515656026
-2006941920
-484894836
-534779561
553563161
-508487892
133463306
1594057902
1013204488
307061624
-766777005
1693289953
-1994954345
482319501
1009186489
125856113
2031294483
412096136
-641447745
-974976060
-1390868769
-1099849974
-1713978113
-1910527434
-679025403
-1073658254
81983054
1009330547
-586978067
-2011363250
-529727971
-1686455033
1665420907
152569614
180992034
-128357322
-759548674
-1085649158
208401462
1978175496
-117412266
602231909
1437657728
1472175784
1002566934
81109282
-356692525
2042681326
-291642405
-703765193
2083430485
1691723578
1857131645
1310383824
-1585795488
-198259069
873394068
-425144970
1125209004
-772559185
-389435331
146171008
-856494419
1160593700
-1632722914
1463251145
-1330633159
-1032939874
-1939599450
950314403
636347757
1720053571
-253555047
739198218
886223313
1134477300
1026369739
-808806628
-2072985670
384710885
-669340885
-1443830584
1787980015
1284055407
1666823427
-1791956539
2021976463
-241492700
-1955161731
967569862
-2083027151
2015669795
323638632
-1317268245
-1597798835
-1410955090
-306963140
-1778563206
5476825
1937116153
323962715
1567305934
1554479415
-1948257212
354883225
-2096038513
-333748146
1174116907
-1115805442
1046978851
1994915317
-337489092
-455635254
307378787
-2075990888
807651274
-942944840
-1267757167
-362950379
1216958976
-233548665
1618138506
-904131609
-657999304
1356604085
-1142606281
-231413627
-408951667
1242343565
-824915383
1073467148
-404470866
742007652
218954277
745323547
-1612569355
-884803042
-188777957
-995730691
-99931721
1290395127
-767273506
-1276568051
-1431535139
-1360350336
-401948880
1153759574
222739379
1501988838
-1522822180
-1114266759
-1309524737
-1904011654
136957673
-1006141229
627685717
-379674004
-2101585652
1918737630
2115320234
-1438570278
700443742
299062744
-351958746
-1505743095
197590862
1979358881
-1065804995
1964683505
-601298216
1470233321
1971371776
-1830358018
-1173307402
-925132406
2028712879
1938047508
-2053144489
-1854852815
1174925971
37671124
-1523798450
2040955716
1564262922
1244944669
1038837772
-353982209
-1236081181
1609310933
350847506
-384397600
2074018027
1920829673
-1564388128
-301383099
-1015546936
-959694447
1689137650
960034130
162301188
1779545816
1547613164
1790041368
709361260
-2040538277
-1428201965
-548778509
-215454821
1547724624
-1423229185
1423923
1072444881
609343946
781683342
901150461
1154996488
855775802
636116764
1007446899
-826225079
462140985
-180606480
1509756434
17581883
-1235044477
-1136238856
1442010204
-2069524740
-1769318842
-1732675655
-1736673098
1152984115
-518190179
897543552
-1521436014
759095397
-1494955946
644817629
644185296
-449920888
-646360069
-1622642607
379086433
132195029
137828368
-31995834
-262575827
-673935902
230742936
-1885624769
179557175
102782191
1357066974
-2026554033
-764097027
-964907649
-874993807
-1366222385
1076883492
-1522660822
-1889936273
449555018
-1530346156
741002929
1272263430
-1197415492
-1624084383
1643098451
-1226984648
-1368034052
629459882
929586526
-1919337251
217791861
60337094
2067213064
-353221394
-1525023972
-262985636
2021654654
-1714314497
-421502051
1793199953
-699944899
-1394003187
-1462690601
1621747241
322594977
-1361031302
-1809692534
1036524966
1521551547
725575508
-1732405425
1930582965
-990482841
-1568131875
1446647496
-945422454
189469084
1992054855
1692938007
2007581705
-1858699003
1231837887
513508243
1343333479
1973130193
763714988
694528697
-1369872623
1342006470
95681080
36696416
-1253543220
-827299172
1083643150
-112091856
-1282223587
-1433124472
-1234851227
321086036
-665745174
967309846
-732506563
-1855455122
-92233631
1284768059
558603497
1265449675
-1510503144
1096938922
-517064756
-1723359273
1879004020
810286694
-1720522137
1438569427
167513679
-2079164776
627221394
833049284
-942294059
-153091422
345501449
1304550830
-1540983634
-323919245
765131562
1292371714
-470650527
767005980
437368572
64000596
-1458535945
-1686101597
-1245361037
-1213359280
1001380830
1008245015
-166823183
-342771730
-221093360
-870341148
1749980688
-1024947740
660654964
1963408488
1681075358
-1608354980
-403682428
-1661943611
232692712
1056596711
2057806127
1925527032
1961890619
-742921552
-1993625600
-1732720086
-1811297369
-836823308
-430307458
1921668166
-920881146
-1813858383
-1457914666
1220843211
-307547844
-1568337507
821246647
-531604509
1605067455
115223129
178449277
-486293837
-1277658279
1748902886
1926685073
-1546897933
428566060
697654104
-439852530
1557541825
-1700655113
1936932552
702969256
149843634
-939295594
-1589113202
475653065
-930731990
1091645647
1248132528
640367612
1334117357
304018507
1727620500
980783502
-391625483
-1609158687
1241710845
127323506
114852741
-1107661798
-300785100
955824741
1373384830
1616425969
1931745413
1125920594
1532918256
-217849894
1793210605
-633209866
1218929907
-1424225019
1705590288
1805876167
1708863672
-629160733
149320560
1676079890
-966502694
-1633052440
773152732
-912647582
1552727289
-1679477101
872735525
1782545448
-1249907831
1794324395
-781976809
572623000
1077501415
316879562
-1826528345
1558741968
-2105589843
1063243806
1915258472
-316755393
1077619526
-987699602
-172397244
-2053085372
-1803043388
-1628183461
-2126467993
531356181
-1713171472
-1911879192
1097824126
891217122
493061282
1682454076
-1415358943
514789945
684534867
792743333
1605381004
-339043157
-163832336
-1157596192
504792469
1670857904
922766576
1953420951
1188783834
1718493383
-343571288
-1733024726
1188429881
-612250655
1559429341
-508245326
2107313540
-1722903041
-271352933
-881120446
1953810805
256547609
1792001092
-204083857
-497963809
-834280382
714290155
-2003763438
-1870435034
-1320618232
1704104674
-774353844
332066289
1287812896
-1125956719
-2118159415
-1144710627
1136311875
-1680226679
-270927031
-1818765324
751734354
1677978584
-326907812
-1057125218
689979840
-1216068194
-1959665300
-1648303401
947985968
-702959648
-1843414272
715245794
-1777685156
2054619547
405640510
-1128801860
159006777
-751027428
-200757838
1190503829
-1977679784
-2044476018
-1308735155
1404276091
-498257009
1779144660
-865674577
-1923078568
743413208
648762521
1571211432
-1260431586
502918520
-599411292
-1231644420
-1493129664
-1534182045
-1682646928
2029814630
-603428253
1909995998
-451526661
-1747078945
-741420459
-747052186
-1034641442
-15881441
-1850542018
-1466537008
-535116643
1959182435
-2066779116
381864369
1419521344
1669226353
-1916722860
-282223105
1968515618
-1143689255
-886567954
-1621340168
749573384
-1498486148
739620992
1189970754
-75073931
-1300220334
-1424278585
-1130673069
443296827
-323154585
1759302993
838977298
-1213471403
-1649316315
2033713527
-437914690
-467368204
1370643673
627324554
974323215
2107133655
1931966831
658882892
983716506
-70924577
-311317120
699233442
-2098911623
-85729822
1568683662
-843636602
-1502849750
1267087806
-97152883
-232520638
890615991
581703345
550634661
-844255270
-707502057
1041057768
-659431370
471926985
794511316
-975295147
2047449116
-1629985296
-1373079315
-813911355
1026186291
791082699
384348669
1627761713
-411181283
-1145640475
151649948
99820371
688936514
-1812003186
-1848254204
-1915131268
-445909480
638299594
181531127
-1453193052
1962503844
-970819957
816847584
1409340098
-1924322241
-1400448733
-1996108232
1943062110
-1761517411
790207987
1318314539
-909411997
-1288103925
1911817064
-1671499398
1013396281
32038647
-1497706712
-109943134
315949843
281394101
896843399
-1473866434
-791058555
-243040128
1181944383
-966490711
-808494248
-921192002
-2104364704
-689416473
1242487713
-1186546553
419594117
1345149637
2146253584
-1777034904
1059979848
1253920830
-1440819579
-1307838621
861331959
5136415
698810088
988355386
77713799
95535086
2063346745
-1269326100
-294811192
-1387323640
-573321755
1817550207
1351517146
-586726904
-160805796
-1531488512
1298622175
-1961201553
1297158111
997363912
-517071631
-1605003135
-116023138
-133614080
372818774
-460108435
-1229835263
870251622
-2144540174
-70515792
-1544996027
1035866448
-962669060
398667706
-424491189
-896855311
374717428
-2095764784
402380204
-1368860198
1514480852
1480852020
-479929584
1854985923
563802757
-1063283580
716054208
1965885580
-901466220
-842555041
525712248
-1983066498
-1907993051
458010446
1221876097
-354542891
1231493671
-1092686880
-1088227841
53004674
-2091269431
-490182122
17124231
1105338156
-2083049685
-1704828159
-1858490380
1623897208
-378887592
-653566807
-697795717
841568649
-1809198476
-601990351
-725988101
2090433994
1384265521
499744824
245219225
214747114
-219657337
-73089919
-776313460
-641070552
1892464292
1993308117
647502901
1059466960
1627820064
-832154841
-1839264398
241580292
2032218996
-1903138567
2072375858
-1250781761
-1326491988
141930495
-1047958964
1610610967
-1515431844
-395942911
2116058508
-1118680127
1561327824
-778725115
-787506673
-1493013286
-1941441914
-129540948
2013045712
12045284
235808224
-1233843748
247196034
-934076658
592006165
32551583
-2085154145
-233326153
-1911462552
-1740979126
1015831232
-1724561612
516970141
566970849
-636113361
-1964249647
701131175
-1631424327
-1779663942
-845079018
-941513307
671757151
-8892471
-1914990006
723661327
-1674752328
-387740493
-1518255556
-1915406036
-1127881367
-1372400564
-1776660672
-323289657
-1029147272
-1888422206
1770531960
1508120609
-1709833165
-1817544023
500205396
11341353
126526544
-1567550893
1821357147
467581674
-2022983083
391156325
1302242346
136919364
288072506
-1247527514
850699453
508970462
665755980
1809087002
-678595859
619400283
387396435
-969784497
-1818206151
1875022795
-1713489417
472313333
1476235464
1621507683
-1367503009
-784068428
699569582
359600241
1647965466
522757690
-1217927314
30683785
386104386
-1395802990
603784383
-868719868
271698910
1042171324
-805226093
-2003547478
1045686664
1491262841
-1656532396
-765138770
-1683920817
1128503397
714260336
-109032998
1528111582
-105959349
-294589161
-1792934134
-2112365091
-149413452
-31861949
799278814
-1306293354
275615425
255263224
594550442
1127084507
1816066874
-1107251764
704687793
-751568601
1456944614
-71008086
-142097005
-114494461
2064384796
1795306194
-1404709117
1547667883
-708485990
1120546851
-16698948
1904748273
-1760011628
-1962226276
363487413
492509536
1828657680
1396495136
-917967981
1458223267
1517827184
615013753
68102750
1222394408
124623952
-578331490
1797988471
-1260631296
996930449
1524314680
886411977
904784904
607170230
-1608567710
-176173761
1530793037
-492398226
1314527408
403950453
502689196
843944049
1135381363
1413593265
1847746489
-2122087281
-1180993734
-1240401132
661732578
2045909765
2134425754
177880588
-1128196653
1489338130
1429568050
-634179572
52309786
-209307447
-1726688023
-2018777217
1351234830
1505303848
1919373433
-238476551
1520978413
2047191914
2104094769
-1088038737
60379716
1825860505
1641904118
-1336293079
1378231187
995893862
262534538
1206520117
-737445584
1915612732
755178000
1449375518
1746260843
649961874
271984591
-2108666082
402236658
-2124091776
-529369034
1790333712
297169527
1580545941
-331227617
785398121
-1407596401
1205148135
643197015
-774973592
-1948177443
1575224426
290932830
1830533772
-1253546129
-1523617659
936305002
1910711622
2059656551
-1599434782
-348372047
1391764208
-1820541475
-808287355
1017812968
-41654531
488589316
121008160
-2041233658
692513648
854161803
1534854052
151497293
302219922
166383685
732839963
-313249910
-447623202
-28573173
1982701492
-928162406
-1845404608
-1451241759
427157023
-1121872592
-1561740930
1403801943
-1872809189
-1875842602
131393782
-575770319
-1782240692
372346673
-1138951799
-2096145335
1859667025
-63482232
-424603433
-1772213836
1124769046
112656518
-1715121236
215878436
1439355749
-10066113
-1263246919
1654370444
1851051459
-983120784
2144360582
201507337
-1777764231
-1076455414
-2092133977
1748407296
1127993584
-1732447503
1732808749
1979677059
1181930050
-317183488
-1634217633
-1907336968
2013599500
318125392
1869182122
561932028
1558987913
1209876410
128839381
293546884
1090228956
1596926617
-1907868552
1377776965
-1417279828
781912532
553338798
711335766
2134257654
-1201939429
-254053111
-561853166
2141356573
-608959632
-283669562
-370868158
-1404659387
-955694616
-378835647
-472404612
-1036320542
-1208140110
1942114219
-264129851
-108376181
-1894066344
1656057849
1617482877
-2120504300
-2093956795
-202412257
787293308
1998065626
-889831546
-1924411779
-51300489
-1104094624
1511977172
1829584793
1992674472
-612136422
231668177
-469976305
-1028273234
759148169
-1682894958
418288325
788118705
-1292802169
-888920483
-1286999198
2057838281
1705248227
2014234803
-1560114944
854212768
1362469168
1824676496
121322271
-132939947
-1813137702
-2059875088
-1664863267
2142441379
-537516423
-128219755
1108715107
-1617513150
1685528425
212500231
-762574686
204934284
1191957402
1527178460
-1514032065
292309604
1263469476
-439046087
1563239115
-522938797
2057025565
1576732824
-924174025
-62692621
-1290814418
-1719440181
-1341630842
1176725648
-274551452
1830021184
1209932228
-1003805173
-453135165
981522565
1853821750
-1403122687
-1796391648
-814282994
41866450
-682445267
-1375257936
-670622922
-2031086095
-1084696822
-1279928357
-1377326973
-658121150
1084209596
-578839722
-1361879763
-324539390
-181895632
-2006754448
1186796769
883607913
1180529537
-1146121557
1173083074
1299137895
-942000995
958523789
-72553041
-1779154032
-1450808536
2140473784
1953160651
1252071251
-1260430176
223350328
2044432953
29220466
1751819713
-1670634212
-438226905
284331693
252626986
1845114439
417633294
2008853184
-1112248769
2027660167
320934455
-1521036656
-1436710575
1155429862
-1311949952
-2138266976
1930276348
-1025602496
-846943649
-525822263
1790005968
-994926827
-1693246425
2136007722
-2065181389
482684320
1795250826
-553419172
-915511163
-2103007192
726186334
-1338983446
-2094509179
1357343637
1503276196
-1695068672
2007179251
241001029
535968453
-1535410335
280731765
-1830658528
1627606813
-2013335906
1559425214
-489324567
-1969999683
-1669515388
1649464300
-1770307625
562602348
1122320342
1436751153
-1610814620
1915119855
1447959355
-1564488011
1837214819
1871270026
-637420935
1013627579
-102208168
727503558
-936977949
-1310985470
793456387
52069235
-1032396016
-18300307
-1343642818
-2038926352
-1006389811
-927634203
1705124104
-1818028119
1255967828
-1243541122
721241568
1435659489
-1314885955
747309784
474077271
-545100367
1056958900
-56397369
407617504
2056457551
1662450795
1072604726
960112106
1343505811
2074309074
222167624
1907758128
-1605961545
-2018830075
-270656577
1976837199
-492590242
1684574470
2036152225
-341240680
-29074729
1737268139
-1328360424
-388868569
-1088490590
-1991431207
-1308922726
-1397692364
194128946
1654301426
-32908215
-1809443672
1839122420
1281814923
-230554981
-2004426253
-800881009
594644834
-1819898307
-780906980
-334347411
63340175
-1942089164
-1248614631
-1703343750
-1756508680
1771161925
-905735072
-39706837
-424915190
139111319
421504445
930762434
-2104659291
-826819946
1609399142
-308482353
276398423
38971161
-743711924
1977183993
-119889204
-611961402
263014323
-1476498178
117860485
843842997
-1406342396
-1580034569
390647752
-510812845
1516629218
2044975072
2101931735
-1752243832
1445102714
-514218152
502186340
1701206812
981031967
75455908
2121582659
1357508182
1405426197
-779619591
1841786977
-1447237403
-45407572
-312698630
-922782476
1167493636
1657005968
-1956906625
-18632461
-811177768
-1639425953
-1626858089
-466480183
1701731612
-145930116
1107116240
-1707692732
381668863
1754193442
-43248459
1714619603
-251360436
1180393147
16136343
-2121846800
-707160885
902687858
1232333200
-206480421
-326863897
-981530361
-1391055164
927973000
1530006416
440005089
-1882651158
-1113840935
-1703411102
-744281751
1324176394
-946371569
25176838
-1364344427
-423977337
-1534104450
-1646817576
1937914818
-636170144
1242434432
1834024650
1934823878
1872924594
-1260308821
755322503
-1647821755
414508929
1425263174
343514587
-160675261
-2007414345
1635261688
-1852418991
-1239753221
519777644
-1080460606
-408964323
-2078694674
-645214873
-1093280978
185278780
461508926
-1368208668
1652573896
874157529
624136763
-151078761
50307021
215598322
-1578444226
1030803952
2053423650
-1699810757
-1667986507
388326048
-1171378553
-1167356350
-4294785
-351886756
-222382836
1172767187
-479457670
-8648479
1936708291
1978682269
-540551079
-2077467081
595572406
1628001301
1584726970
-1550185671
598090267
1361648537
1424057207
-485134765
2098894790
787490521
-1490457285
486094989
545885918
831311218
-500888232
1575032521
891133139
105074395
1296917464
-1848956088
1620888207
-2090348156
664321745
-1374086286
1156155627
-422137796
1718314493
1500362198
-1606813596
1775876562
-2003760247
-1229949842
-212895731
1378830079
438040109
760241960
656650183
1943161475
-834389892
-764144991
-1323333200
-1888436339
-1691186819
2103242547
759418585
7346783
-565734791
-518015951
1207065403
-1992974543
657049110
255134576
1216486634
-1486699690
435229860
495503626
968315530
34864285
-1234628170
-405347490
-522404606
741516025
-522756364
-477010086
-1227769744
-221198236
20803632
528149756
1663856732
-1114625281
-34997066
-254455787
-1076976849
-2088524419
1587524071
-1480806065
-834754331
-2079538750
2078014216
1464009586
-553799423
925716934
-886967721
1012967650
1093626817
-841010497
2061160287
1293084011
1702269587
-1887265153
396256909
-1354160063
1697448903
2006298394
650874370
1104048705
1045783941
-1527908149
-662602839
-2140382083
-401636352
-1948819945
-628592500
609846007
976740075
-318143949
801719651
987584427
-1066526164
1989639586
-774329234
-1842372142
742737359
-1340884702
-183223164
1614425445
-1625542340
-1839459640
-1994614422
-1136169249
1363885484
2082517353
274287976
-1005510841
-986160167
1215965756
250095641
709760109
1085890804
990502077
354629251
420403571
1899445980
2003413203
419801190
690801550
377858956
1851679540
1298740952
436715278
949212116
1418898440
-1550131183
-1643482981
-1673284277
2060848076
1818168451
690898624
-284157053
-1992918407
1047163182
725297069
-151470978
-620186396
316031793
2013816632
800008289
-598342552
-244608861
282071333
-965312409
-2022941503
671797923
-889842778
919808280
1438118970
-818803539
-155644380
-1303974983
-539248117
-889909969
-1285896129
-2144781562
1752190716
-522149029
-626354925
393383710
-383294387
1232789055
-1413732675
-2041770818
1569432793
346007826
-1338403299
-374608975
-1082946440
471488719
-647519524
357453959
-373304923
1020395271
-572559440
-508981884
-1268497056
1575458291
1467039454
-595460389
-1824240299
-75343416
-1512574208
-1044842980
-1369809858
-1711807665
-685942776
1330211049
1328811141
-1430071372
-1240762236
-791390480
71483692
278151581
302482211
1874402068
-2011500303
-268900482
-1904802697
-1413145619
1069186988
-942853333
43546876
-783708301
-1852782084
-1387299154
700742488
857556469
-443988190
-733357478
396169956
-50614193
1728308524
1909039136
1476716138
-1408133797
-1565228203
1215064096
-1609541840
1671113383
1981099691
1571762819
-2017540043
561939560
44893426
556128903
2087359930
906530991
522707400
-1370609958
1304592643
-1314778662
559495689
1494420268
-1157131170
-826979252
-1996043916
-917901569
-663305372
-1135322272
-1577191794
62721472
628476798
-759471718
1589711046
-1393343461
-1618011989
-725022689
-1840788263
-199827829
-322915713
-734330521
287351671
543309103
224294254
-249330896
-956893658
-91070236
-1828185014
182971317
1063001703
-615729777
-1825055223
-1855453665
-1376793834
946253242
-386489396
-1427070405
-52015082
584254306
-1769006308
2123592558
-2018390995
1591849486
1978214518
2108254949
-998422229
96271907
-389317111
1373896976
2021079634
-220258954
-371631427
-1566236080
182123761
2011256099
134133111
731689710
-411091119
-708927332
1214077083
-886710705
-1918275115
162608644
988918226
-540170907
826582620
1718844349
1414421004
-720412567
-1382252055
-568179905
-1220961848
1726687174
-945609594
-2037949141
1676176786
1707432024
1557343076
-831464801
1682362061
-1891785003
2033004871
-1339387956
762660018
144668299
1826779424
1618258884
2057306520
-1015781557
-1087082757
330004888
1288966261
1608339109
1378601755
1367449250
851138212
971313236
-1605983389
1676634654
980446696
709102075
-1000265994
-49346049
-215508304
121767442
-350142430
-1832470272
746218140
986704410
-27756423
-744539656
-235436225
1590793240
1281194816
1060516978
-479106778
52665152
-1047471603
1805731452
161552153
-1049630737
123140011
17817535
-1286304352
-56666402
-1408549568
1934047695
-1782388024
-68822124
-384893518
242549188
856267302
256497180
-514282683
-276134135
-2004763364
-1671524360
1645101960
-249855117
-607300773
284496981
-2113923727
-1042755435
-1922046040
-167389313
-1836628537
577805906
-1967209247
-1706499690
-291654208
1663237811
-80677054
-518426494
2050699242
1861409529
1188535780
-1164098269
1583218509
541631990
-1991552889
620171213
1810060497
-228761704
-438067824
-2033274893
-491381027
-384188986
1004135508
-521061599
1512126273
1467911790
726208406
443940655
-1938027691
-261576994
-1156582322
1475670963
-1841880478
-942410669
-1011590996
1714310839
146810431
-253328945
1489037147
977940651
-16035265
-1606056145
284726026
282237853
-1240830902
-406596228
1516121639
-403101274
490187849
-1852164992
297220845
-992135513
-455264825
2068809116
-1172490336
765358389
1596458964
1283440601
-794760425
2119370449
-1331722451
286136636
1983346043
-1397235876
-561445223
977269085
-1352586931
-790324279
-1605308011
-872197830
-1317637971
2008304660
-561414861
209523784
-1853406504
-1456533390
145294142
1227361995
1551756786
1766857161
-793744478
529515878
1677605125
-1085883039
-75216886
-179926539
-611966391
1711837148
1145669067
-1000336998
-1109017179
-873088157
1791023616
1152833558
544733045
95421730
1722436597
-2016156583
1608400781
-1789381131
116163016
-357186981
-40017794
443341411
-2133740723
1999423020
656017175
314609098
1281779506
1800399946
156745262
699221212
757358179
837741362
-1580899680
990726985
601248175
136006201
1200509845
853141693
-699963989
1395364251
-761797880
-1948589811
1964734678
356050900
-238630266
248595372
1851502589
1565044782
-643782603
-80003485
236250337
962133659
588892183
1249240897
874240790
-593496892
681557392
-790810161
1222991661
-121938847
-512388827
-1646689400
-912346091
-426831158
-1585543546
-691168377
-275451202
811997646
-102711602
147767682
-692043778
1943232963
2109291272
1832677366
-181273416
-737369890
1773077236
753659299
-277654470
1447742404
634090507
1341098555
-1093415705
1449198432
-1696990015
-1270320555
2088615701
-1284240393
804374537
1196248743
-517941704
-1597398663
-1913643746
1937711732
-211746753
-28820200
-1781368961
-1842799293
1765437246
1689591838
676043578
2092913617
-1066299060
