-1747583506
-1159766084
-568201876
1978050844
-1004888432
1007273231
-574366745
925808510
16036781
739695047
-1258998035
-758668014
-1847243317
150544830
-187662256
-1306031341
933193067
-1820279844
1842357767
-911237208
2063546473
-926548566
-295061456
1996082591
-61892184
-1956006875
-1458046121
-834956452
1537349358
1767382484
2004703992
746806543
-605480693
1610150428
584876098
1597296164
735142465
76024275
-105049827
-293884417
-1488285985
-570983150
-1821451410
263482345
-1316717522
-227194290
-2072121191
-1589350844
1663154577
-910435671
-2024901305
-229924602
29190119
1073084294
-767612567
1362884452
2128948019
544474458
-585241477
-1275407155
1804472959
1425643465
313115149
-1107586791
1544919548
-1824017679
-57533826
-469660670
105786222
2012827136
-1994693621
355173330
1898496198
1628236556
-2054346745
-1127144610
1115917584
-1529915358
1074673771
-338232526
-1648373873
-796332641
718778769
1101814285
-1958791899
-560996930
166712380
-1201031025
-1744081928
309815666
-1473643557
-1413632976
1005636947
-1120072074
-935774962
1791071604
-1249951287
1070727841
1198995561
-257000100
-319634529
2037420158
2044317047
1123931679
-1288232085
2115119388
900520448
-1542909158
1599140600
559169313
-498622065
-1292481532
-1934640532
275201829
-78120658
-1813029019
512482220
-209438404
-1295617165
-377206712
-508246017
1109069780
-907884352
1223727919
1163553777
364134337
-4718651
-1576575418
-425265799
-1549888106
-228844983
504028
-1330882466
-30251978
1946634794
-170920434
1551578325
150540458
-956632414
-854821180
1383007343
-257882316
620820939
945401569
-1743408847
361983395
1557147236
1394719158
1138162436
-545118488
556451285
1518309815
853692239
-426116119
525874800
-404088976
-1389365534
-579994220
-722734599
-334228551
-1731412459
-1704037321
-337722264
93169960
-1753908432
168751119
672717548
-1769543482
1241126669
149180190
1994831667
-1495630330
1110834172
-1875063743
-944532760
-696080910
1357254374
-46044287
302511997
-2012617305
-1501391180
-607037527
1735626281
-844352509
533050865
-1472396009
-2064290764
1307871900
1710054061
-1492111913
-421109902
1089343987
-1034827611
-847840531
-1868759284
1153391849
-2099764832
-524554511
775652485
989423473
324702235
1696687585
-543969028
-1102361466
-443156440
-1254965710
1192051374
1441195871
1875333778
131497768
-1690321217
401724385
-534702523
908857447
-1380412615
1646363221
853758956
2144655048
-1720527532
374887002
-1738053669
905038448
404103159
-66787043
572155440
1209784863
442914431
-1788594490
2138023220
-332484667
-156872770
-1529225419
-796456442
-1759335846
1531686213
-2120615443
-1042744454
-475258642
-981310746
521821520
-319545538
-802995457
-706563468
-1351554804
-327727810
-2120668662
-626745396
556237781
1597252937
-617353116
-506978023
1818607700
-703737100
808771913
-1084649646
-321168034
334498750
-240576971
-1871832313
-1797909143
1030407028
-671738510
1256999261
-39816901
1481609943
-512145934
149994839
-1863413277
1902439547
-611693474
-1528835754
-906418707
-1323484175
-1482840722
1564001506
-633995824
-964799704
1011224955
222790314
-2002717781
726125072
-2035767983
-836877623
-1837163984
-1808976769
-438266806
-904884918
78735072
1038307928
1812793239
-1199742738
1145785208
-233988631
1637127904
-531725780
-814419285
2014043285
-1949354480
-244369800
468194320
1937610162
1509993577
1356656584
-1982753955
1598788532
-1751455522
739814483
-942580011
-1369058422
1784727457
1743261339
-1837809409
359040584
-612950791
532771245
-1239246440
1882261765
-1392830119
1328446887
556675529
-1766983930
-678274386
-1994063749
-1809801316
573815323
1574584056
2064518897
-1155994452
-1539490487
-1545516004
-835735054
-869895140
84321704
-1339113225
-1163025406
-158454839
-1212009074
-2021022794
-6692082
1031720131
-1735016979
-1510874780
-1412031897
-1191538952
-1330429447
-1286384956
806562062
-1863029710
-1125797619
1386461792
323766321
1946820162
1158994639
-73789471
-1662020107
1545817213
-707657327
1933487265
582879350
1792121959
-1573867782
-1015468674
-259453685
-1126917714
-2109362459
-1363534351
93607886
-1293964967
333468808
137085022
-87644325
888110145
1169190361
599164844
641499350
2019538111
-78804692
-1596254696
-1736693709
1455993766
-658869984
556586310
2109364401
129548403
-666238276
1414888345
647201190
1088094403
-1267154476
154866371
-409629822
1112666885
-1432301647
1533498271
-902665971
-13475729
-777771024
1718119229
-462161677
1869019701
2063812522
1137737022
189660034
-1475078664
-2087410987
754612066
1844650161
-854180484
1836289001
-317715873
-1151438237
1890420126
-855412282
-80356364
2123538157
-518856572
1498322900
-2055190980
-433788971
97771285
-1965708181
-324782009
-1195263780
1269077420
-2057838219
58526694
-1766511809
740202503
1467050834
1035560134
677509432
-891338619
-798455301
-1819382593
-1892309558
166114960
392134761
-1905131154
1917902014
792488023
1101274679
-640571648
-1375252760
-2064323648
-1237598330
197481552
-439710034
1040218781
-1252727008
-1306891212
-1622691638
-857178595
-1187653921
688158740
-877152946
-518660732
500288079
1334212539
-1512112920
-2103376866
-224086126
-612312463
3690087
-1891118479
-1710245244
964523337
-1148440450
-332075343
-798061026
2081688246
1526569926
-1962465160
1975564319
-1453901980
60901641
1279189942
1967606504
-1956456379
-1421533251
1898102501
19030439
958545385
-1872656179
-1031018367
185055928
-1762279150
344369567
-1809983561
282989639
-1455125369
-952906926
326392924
-2103496903
1719709736
1764192839
-871482848
-526607284
-1074736830
1142614499
1382662914
1147254652
1777601572
-1195095918
-1238620922
86996392
-357967118
-114937842
-1283236058
699721845
439424440
-1478177312
-629272187
359767154
1464754113
1791746086
-1223451414
2002597245
-1619290583
1328136855
-783661717
-1287525020
-1352199247
1449117636
2039499880
1978521806
-1711088174
1346921120
1295529403
-1472653732
2108755732
-1005067198
827829293
-1273148406
1511789215
-2023435800
-498353877
-604170533
-1960934126
-2108614849
-887340103
-184528715
789040787
1067292896
2099514021
72634505
768068134
1275456286
620858880
1248692406
-1268969918
433729790
-1054303286
291121071
-1719227743
1755932550
-1615629332
-502554918
796094295
-449928902
-275925142
-2106117189
-1086975706
1742206435
-1677551912
-1714684079
526827280
-2140788078
-1940196339
50266048
751828268
-1215277596
47147798
-2032918481
462280893
2089223302
-1310886291
-409642253
-1377580672
937861627
609100395
941054444
-42019772
-1604245092
-433060870
1740454191
555664064
-1687985184
317548174
-1541189659
486180000
-1652935715
1371727189
-1187830926
350293472
1468053774
493478828
1608575193
358172253
1055410518
1762498773
-2064304034
1108926121
620201797
853058279
-229910676
626204190
451811481
1993626885
-2011513671
-371327435
-1815166714
-894290734
-681397593
-1153620200
1483334969
-139764957
-1797440531
1871159669
56539674
1646832630
181509750
689328532
1768531025
1654790563
-1837811576
1177980843
1656392716
-1085118639
-1055292375
-855805583
-1267324674
-834658645
-1934857027
1846384880
2050067114
-235688750
1278597875
871013535
107438304
-599926124
1581751010
1251105967
584763528
2029065182
117637230
-574236251
1322492061
2040738415
61468144
-1863294936
-1118000260
179617742
-1998118634
1395990043
-1720975265
1278599806
760474118
1779987694
1835176227
1041263215
1367322825
784047409
1859635281
425832630
1008725223
-1443467415
460489563
-1201258880
-1839893683
-1811651033
-941560539
235171652
1801338487
708259157
51707079
-1792900553
-1160178486
1366446803
-2046583663
-1849176315
-1892503231
-329716670
-1618952882
1909461437
-248884660
-1857075682
-189605427
1005781516
2010501876
-1543507950
490516124
-380524115
-1335119294
-1858815353
786704918
-1830932960
-1130648351
-1345750659
325703840
1342833049
1537527042
1334288542
1689538863
2054270779
1809978495
1410796688
732390924
838645381
-1300945597
-2145284726
-449372709
-1722078708
-548893720
1082918697
-1950172967
1798440298
-1155952479
1652636036
-2134620572
-2015203722
-1110199719
104302461
1218809536
-1310239308
-477745124
1159482970
1347638551
1317546511
132007094
698655379
-432785983
290886597
-778635111
-1699969555
783852742
-1780979038
-486953469
-380966201
-334638944
589192048
-1734816928
-2020468557
953511236
-333778771
-1105188884
-1508293048
-480203933
-862653826
-793960804
-1230668747
2047664109
-1328852508
1356491582
420812185
-1505452074
-460319956
1523201502
370307474
-2104470501
-1996297300
-365236116
642230803
-984774137
1835763371
1918495387
-703175685
89424818
-1153522272
2127609867
712248418
-330838838
-27750497
196674729
-1531177163
-1010706539
1948943376
-420228266
374280964
-1689197003
-1908398943
1696146118
-1427200486
-42875858
-1050867075
-921893718
-2026649394
1035867173
297925309
495399697
1081987352
1384855018
36466207
-1111781365
1385046886
-1534916424
1159356405
471366543
-1511154512
-2020602437
-1442342817
1442456478
-1502213687
772452049
-1980176964
260059815
1412120568
-508711532
1929181533
-844791763
-147543353
1907621528
-124658821
1418700710
-1686019302
-488467215
-1973867925
1594272166
1856906114
426041847
-1569416945
-1604125892
1550167507
92998988
-729325425
1581426588
2011788787
-1343936226
-1930389175
-516134914
-1644583436
-1222187351
547204869
2110903748
1311821669
-1896640769
403924077
1733303010
-1487348251
980042763
121575867
-547306374
746856184
-1001992750
1586055859
-1929208891
168719133
1223391228
1002272724
-558061254
-682099681
-1192442989
-1712656694
-1000618520
-1119101781
1157624073
1235559974
-693280985
-1076175582
-1564891521
-1102995376
632311919
45812144
-1936050620
337414587
2044655495
-314925667
1270434203
1322026587
1506010849
1325780963
104526785
-272539052
-1136862652
765744383
-2016120531
-447702541
-1715797
-647190005
1363613465
-621941535
-1285523859
-839353076
-988006591
75329685
2127179421
-955857271
458554346
730846730
1190494899
1013803100
2137882661
-1791961422
-2061387413
528836043
-62740396
83557545
70634988
-2019948326
73301741
-576505299
1563567149
-627799846
-483976835
190973006
-371286124
-1599928763
-525841936
-658053919
-1661927457
1580396493
-1905221618
366917562
-1941854137
-1534843726
-2072084664
-1822161127
-1436338974
-1214551981
-1044230987
322190180
-2091679160
900725512
679934294
-1682206186
37948281
-1315345362
-329093983
-256569353
-1361460738
478148994
-1050438851
-1615142259
758039629
-1402794062
-1152641527
368501970
2132448881
-97599439
-603980446
218774310
-706625302
-1001242550
-1573534555
-214025594
447740369
-682179208
-1860853262
-444592386
-2126889920
1712804596
-1088485837
868996444
-329223696
-1137750898
1519884636
29563942
-15887582
-398531904
-1674103052
1618345933
-568368957
1308732415
2046340819
-1423616479
-921887542
589627220
1009733164
574070024
1217848548
-1567562709
-897747763
-855531414
725455699
1236249451
-1924613467
-543224977
1759332883
393053638
1326213510
-47818516
1069747262
1986702161
-676114644
591845146
3672496
7333975
-2027017346
1108783752
2114158830
2044633961
-66306285
348273746
-1676780733
1842524345
-1691369993
-852697197
-614340821
2017298088
1594895022
1353153047
-429042443
531081116
-1147609736
-706278315
1108597155
-843164393
802307030
-1750993765
1237294100
-106897404
-1536662451
1659447691
1892929636
-2109593004
1309299305
532031429
614114707
-278385207
281591556
343770853
745662820
1310497809
1984708807
-836671057
-993819001
1862200342
271479025
-207733367
176505081
-753309548
-2110121897
1132428585
1657623723
-1008725013
-1710053205
-539923826
46127713
907638070
2063828480
1864365107
1643321053
-891379045
1908139149
1969371522
1655117884
-1226760988
-188465488
1370841734
705643935
-1812311986
1741072182
750829285
-1246575347
1022480033
-1449952295
-1295491060
198368151
1017419392
1264598025
51552939
-1307268164
294190082
-1823045649
-812098716
-1046612465
1647314560
1768262574
859740862
1084932118
673077168
-743941397
1968454751
1234961781
157544434
1272447119
1711060346
1155389260
1744528362
-1855437109
-1948985722
134581724
-1116842162
-2007336100
1186296880
-546377616
1657164032
-1816022001
-784127087
1521055610
-173130657
-794273913
-1707493981
-2055926533
-988140583
-893456834
1783922161
153087784
-2028982076
607682505
-878874483
1796053322
-1752802194
632881247
-167365817
1195955941
49757810
-159477093
1656700443
1870751004
395277389
272015744
117671658
1375192659
1793859120
1501304510
-12143507
-287298538
-1987359466
-1374932685
1075776614
133143352
-1920156135
-1064058956
1109627159
-1688949185
-445483263
2010039308
-729153032
1133484543
-1233774562
-1143946684
-2032684125
-961324924
-1442777257
686571556
-676105453
601103925
404904066
538196218
1830152205
1392868661
1925207797
150636953
-1678169379
-443753716
2079675484
1826265252
-92307131
-686613370
651493580
2047852300
1519679154
1743432667
1374769176
-460639018
-1953840207
1647131919
-1213665181
1580566049
-2106804064
-104401765
785257974
-1199319961
-505667672
-1329933235
1875750995
1447651330
1455016426
-1756982676
611081354
-565029390
1570520056
-1857405153
-1011898166
349978077
-106943098
1371167758
635403578
-1613863850
-694890400
-1339471287
1861533193
-1921695
-1708060001
903819880
-712541501
-1140507850
-1726066665
-37369100
1788886758
608744773
1081616147
-1495293691
-1326098507
-81167494
-1037540284
1784203052
-246013109
247089602
-1652475403
-826732910
-1953252110
1811484620
-1796786557
-1080152479
1482136245
1966276884
1484762636
1994816866
-1370623949
491462940
1810860902
-140828186
-49091915
-1121529860
-1920877485
1450367978
-1079043453
179837725
-1765036814
-1917530763
-396321421
1381357121
-1789294985
-1529551547
-852238654
529383621
-866966242
-308686934
298319910
1922906922
-1180305060
-1959358032
1808285731
-1484697391
-649115561
1371550339
1583673757
-1957225979
723877784
-536209649
-357836626
1087486527
-633958401
427422694
-1874263879
-2061795676
1807516663
1930328423
20340671
1741414609
-1643592471
-589160933
1550965488
1660187099
1624884213
304458594
892764293
-1904239
-946472481
1260679246
-961606964
1784092163
1847751239
1503542990
1961164932
-758200504
-507881955
769758991
-1273952662
-1586244742
1267738962
1423090974
78001683
-631087355
-497504301
-1028524847
1572572668
-777022175
-982864462
-297795609
-300691745
1309432988
-2028079450
-100074898
-281716153
1683494108
935821493
813072740
-1828133274
-650928348
-1906872785
284888993
613358374
1608857622
1652114142
1669684467
-458593155
333571448
224770170
1772620682
771474949
-2074510278
630777442
616843158
61201355
1399751351
227979401
2085371182
2008298598
93549371
-770526802
-1323530125
-1138737077
756753093
661656783
960103413
910168672
-1432203251
-52358689
-1137469099
1695518158
-1865113912
196411830
977139754
-1065476837
695173929
786382152
1494832936
670582391
915005867
-927974375
-1339055233
-771378859
1850697485
1583195632
-1420049792
-1689685699
885709982
562908106
263244166
-910448160
525008058
-622707695
1369591827
-422518676
-73299052
2093639181
509427769
-642478559
322222132
918454426
-1120745158
1593952292
-1697183293
-972216293
669866098
-423751533
-1529193210
-983210066
-201212811
-1593334567
790017576
518267297
-787687820
-2027299518
-1025119557
2024475427
-1926201884
-1092652591
-1918801920
1631530814
870873696
699643985
1564449126
1113074948
303740878
-135188567
-897404080
1168680200
-1330374463
-291705740
1493362203
-1564767728
1347783454
-807159087
24788319
1988708616
581649153
643238262
-2074562700
-1205666760
-1824374815
312799755
-569695945
-117367367
-129073167
-1168641355
466117133
-161059547
773227977
2044734704
-1151114201
455015565
64951365
-34521695
1389507847
-1460758353
964445357
895287915
-653428157
-2038366104
-1218749674
-2042306496
-102467959
-2065588377
-366281465
-1929355461
228448994
765968419
-444748194
-1313787987
-872552390
-597726962
1880930420
812248181
-1798396641
-1987684086
260038527
2018389653
646917065
1995953948
-532641224
-1922578943
314266714
68766047
-1113243715
-128570440
-294830234
-1362835654
1154260919
-1279622888
-1439791948
2081299157
1590507711
-225202066
753338950
886171080
-1835933443
-505183540
271828886
-2067407595
-1315932910
338607903
-2142242526
-893628328
-336387785
-738744704
-614496214
1698459708
-945121114
2087936458
-745428296
1387530289
1281482552
1387279468
-377552928
-543252645
1253214543
1718323327
-258560951
-766954291
1904383477
1312040986
-1700644117
2056850166
-949795003
1063663589
1772111385
1739535963
-1722114807
89376492
-860738366
1554637702
1794594212
-1127872587
98129907
-1134589891
1999214898
1462797971
-150678369
-922782729
-866602259
-1263472324
1438139810
860255115
-1831830318
1653293977
-2120125949
-189957078
287793539
-1770295843
1409414009
-337407601
552081519
53659609
2015807792
977492852
-52920273
1625875853
8377036
-1224204729
1139358515
-1823694591
75855790
-1458762979
1047523997
-577016490
-1313145227
1159535335
-1861721236
-1821227241
-1308600121
-1937184541
-1617520163
-1169369644
1934518096
689651796
-1515782387
-2116250895
1428486666
-807644812
-1911612190
-777320005
648155327
-962674263
-1803797460
907510971
-1716641845
273746679
-691322618
-1762542513
1143037222
-457122122
-203986558
-1946658187
-1551738463
-920289404
1344524932
547055594
188639856
1788954236
1620961006
97515123
-465525016
1111082919
-1628103427
-1077699463
-1479246200
-1110881870
1541842418
1393792475
1124936509
-765229855
950137844
1796513279
1404797921
1439882563
-2091566540
1442174762
-124783867
-1787655129
1111444306
-2057678063
-1013017105
1543335118
1184266751
1470763184
223856613
-315596703
-211132446
-1324055719
1046977964
-1734705883
1721806527
-1739852017
1024660811
65305836
-1316261930
1940022804
-1764622828
-2089017650
-1114024567
1285919680
491838692
237465625
780600128
1675722899
-554282839
131018885
142765968
1766689678
-893666524
957269420
1948239002
-2124819266
367079919
1863020984
-1374592335
1339536664
201391041
150716765
-343217857
441540492
1065819633
-236755703
-934188568
-1877868717
-841630152
1821829466
519645679
1482745740
1336368314
-1587674416
150181337
1955047430
399256135
-289251133
689326927
610540383
275775197
-1249625193
1785617736
-20659635
501920881
1099764269
-2067712409
-1814101957
-1242240530
-766752100
38714785
1293159703
-550014338
-747591136
897491234
2066919530
533460231
2125256786
-1285756047
548477352
-710311945
1063543193
258492113
289106377
-497019580
-587076384
-260664598
1621672472
-1741524306
797874313
999993513
-902697910
298687047
-1355959648
994093155
48361425
-204349644
-1180745645
-194802112
-1326831502
1884912309
-736163679
-1944925994
-1173835244
-320541342
1394415186
-625828332
-1899414053
315994294
-1213733594
1522412129
609592437
1310981329
992980561
881796612
604817843
-981162375
-1597143003
-1844306747
-60054181
-419407519
-1632613103
-627835948
-1958902468
2085466798
1711046089
1379932650
-87696255
1599340470
-896822586
-1733026386
-1545128886
-514546422
-775261967
142698073
-1418718856
-1835699786
2008937882
1288297116
166716360
-1522113850
-298857041
211829184
2030260771
-1191077108
-1686827991
464685839
-1339525069
-1930652895
2137207753
-1488541838
-1826559687
1097713064
757049348
-1409754789
-1376744419
1473928153
851491131
506765028
602252486
582196797
58114094
1934596664
822582955
-2075906634
1768357042
633347122
2098162858
-1746319166
1086925730
-899730109
-840592872
-1537957632
292816915
-515870568
-2100352744
-1361607438
-971756598
-1465410181
-1707836880
1905287683
-1274281230
1850166008
-1618937575
-866131252
-877476087
-1602692668
-1773815083
186330514
-1181502181
-792115110
-121325305
1321535251
229503795
-247194265
-342067586
-739254910
-389490419
-124251032
1940969746
-1039728690
-252211184
1288138896
1877429427
912098602
1352810106
-2100291090
1394181054
-1362777911
-1508232739
970320079
-1392285550
710647273
539081929
-870595744
-534375325
-396681197
-1792558134
-708939368
1742921549
-1131986016
1786901908
-487699628
-1699816020
1663060607
1307626108
328410307
1097883306
-69500620
2036983594
-350741245
-467845096
135096355
-825299315
2127770380
-1781912702
-1535726322
437276430
-1906916147
-188215171
-1356285733
864794375
-180790124
795766850
-1778461286
1165548662
667054258
822496896
1718956231
-986805267
-1045366434
-1120740499
-1535689269
-1623903539
1916469465
-1603130595
1867726024
-222603085
11768275
992054807
-1701254763
-1991001039
-1539921907
1595301669
-393898233
-231995712
1016137534
-1483384213
1426078322
-144290827
227810362
1568657851
-280220817
-1473329165
-1100723119
1865372199
-1245602850
-1110798047
2119325429
-1444049193
507972654
-59559653
649506207
-209738469
-801685541
-711042835
-145758734
-904327741
-1257015752
-275766146
2131995167
1903939502
354020206
-251027126
1752419211
1649461152
1607787972
-1630761901
470768559
1444682073
2000081696
-959939751
-1981681856
-2082529822
-1977861427
-514529976
1434546063
-1061526743
2035582845
-1356939791
807214641
-2114481968
1692331410
1369938172
1358343906
-1945352639
-703008360
-2019588067
-717710426
430196229
1265652502
1698834566
-660924623
-1210940842
-83730554
1450349468
1937457544
242081522
-5312096
-1411832084
2132706023
1989655601
-540696354
-788441248
940978405
448241497
1238885692
1856308141
525722069
1947765809
-610061504
-1120536049
114365039
940172243
-458075079
-1349671624
479920560
573496518
-91914549
532026501
1104013054
-792401844
1124397994
-146877581
-1490229618
-77948681
-67493212
1287865424
-892966902
1643503234
-1484284955
2020569653
-1374506131
-1287542051
-1772596874
1017876019
-1117456335
1900565641
1019407622
-840594485
373498540
1052854822
-794411539
-135032669
-191159369
-2142377143
1452278637
76663
1158844048
1986697875
1175426874
-1968929203
118993153
-745120514
-886424516
-1915222036
170494401
-679175558
-302049902
-1318578034
155074841
2035405752
1577388506
-315884076
2072381386
-1863491260
-1808984401
1583088121
222461997
-126382119
-1965565838
1405508170
1682511260
-1703629328
-2076882355
1187479765
206104080
1990909593
-1684929931
-1543375520
2102600203
243910030
210071214
-434333283
-1649473864
-262643579
-668412652
93199514
-990849456
1599513030
1689722135
-974182018
-1545768258
1405460476
-881744698
179588466
-249921915
1235382095
866559569
1707854044
-532338719
-317917263
209318344
1101709266
638059052
-1726653321
1775828777
-786924083
845844867
-1774204628
-1206936424
-1195523940
-786731863
-357058654
1694678256
-865517924
538974506
-1943469239
-898946438
1264180262
-966523453
-1681498685
1505894907
-2030943161
659703553
-1653999433
-718398989
-2059347786
-2059666905
-63538972
-790742492
-402510590
1141338708
-1494514055
572999504
-2005696245
-691891227
-1383952732
-1650653369
-475140430
125108759
-170030487
797925664
-1449509164
-818609423
-811934028
318946758
-1122461325
-1756611232
884910512
-1766888266
1710654774
-1721256541
1058214233
1712066822
-1073681901
-291460119
-31037616
-635217240
-316208310
1508000055
-1327024659
456495088
-964776812
-1005975921
223054490
1294642003
-1203186020
-446703026
-378400418
367137136
-753275218
-1964787755
1233180088
1102652244
-1891691091
-55157396
-1519469394
1618096377
581304906
533458018
-1759376348
-281440240
-332674446
1046865784
220173169
203348736
1552568328
-758893698
1839941935
271883309
-463256364
72547902
-1292602798
-1746343555
-211617350
-1416253543
-1342921093
156087319
-1654362834
-227718928
810173838
640667757
1529040103
-145041723
684470913
-2008548740
-610279726
289724577
1813899127
1757502034
1965294921
1750123319
1533556493
-301642544
1746391684
-305135415
2026655474
-1821084495
1976000335
1397887946
208392124
-2102306870
-517809923
1575206852
-1086714374
-710865773
-1835205988
-526558085
91738245
1737145317
165373289
924890963
-553902053
-754517243
-80769914
1472800494
444726317
1979466208
-754571286
2086057241
1146882295
1425408408
-102341992
151487208
1701612241
-1074258113
662255635
1134611230
-162446651
-188164383
-1650150128
-1206180141
26738784
835144391
-45215891
-574883760
-2016805683
-788184326
-133117599
-677371843
1315525407
-373366523
1281905653
-1789239043
1759324653
1991461887
-810752845
1435112537
-453090781
915249352
1377530524
-1284171941
230678295
146633362
-1607725474
872026236
-91571238
-787265629
-117896762
1407087617
-2103967280
1466695256
-424893837
-1412568415
-568937341
-755730836
1393697740
-73990549
210126515
172841594
46314547
545993190
-1650799439
526124480
-734707334
-794368647
1770094572
924680741
1752973461
-1081626867
-1548654644
1872552572
1626551441
-914487312
433929150
-1065452278
2060005572
1047622908
1280889487
-106575291
1450494534
672959736
-543837443
-1617695778
686894239
-812089027
75471243
-1300684798
1718306241
461769884
1220216725
-875322149
1426144568
211545214
-2058014813
-2095394724
-2119849313
1883326541
-1416244479
-862101442
475742038
1247587091
563668110
1655064133
320132977
-823757985
1952384212
543913159
1456547314
-2091393681
-396285095
746483566
2085122107
637406091
94703924
-1917934532
66456765
-943017810
-1776996126
902418639
464427253
-2102247060
-1246204070
564590566
-376497511
-314454257
-376257954
430746403
606109710
-904597246
-1531353069
432778514
1498297372
158752882
-121994285
-269275287
881178852
2063346226
1075917890
882127249
-280986096
513448670
-1931708769
639484772
-308779444
-558413501
1239444316
-290181064
496676854
1098375934
1690226671
2130794012
-1156303599
-719413406
577552874
35433825
-2050148738
1811971230
2000232265
1366148187
-1529207187
-1228952801
-430434294
341062504
1913267728
557239091
-157432573
-91468495
1137912465
-1641553682
-1454712849
-503836880
1034353990
25961041
-496256823
-1662511503
-442791133
-946863193
-1183079331
1568185500
503592815
1897473586
1778556955
-1319976654
-2126436933
-1670771449
1610503981
660775701
-1998278898
2068954166
1079194828
-1558770098
1587443301
1855170093
59002831
2127020554
1751044186
840338269
1170602884
-1389653274
958165538
-584110051
-328724029
1217916268
1741790140
-532280113
-1697494465
1918336220
904212838
1533369408
706622239
352188974
-393775021
-1976619948
1124048588
1450927959
1020357275
1469142242
1130732300
437336779
-1745824141
1619491037
-45398704
1936736067
580566173
261715379
1808863305
-210883649
882942497
-54074119
-601076032
539899854
-1709389507
896963655
-226224217
-1769459699
-898333287
2013992800
1957681002
1697500908
296689598
623630486
2134712970
1405509048
-1852638263
-1343992980
828874093
1697964500
2028074843
-1817107076
2080836975
-323134902
-1490472237
1454227867
1931798332
-1241394814
1780988351
1284641082
-1154748832
-1072150704
169000591
-1085030385
-1363559905
-528042189
1530224011
-901550605
37958529
-872235301
-1596646650
-1364647155
-1539678031
-995710741
1176735955
863068720
-1535831673
-802824192
-1852244232
-558989950
561594723
1755778546
-1264929887
-1916268195
-1085455812
680160089
-536117673
1248643449
2125923576
-792263854
898867825
-990325686
-21556483
317845379
407960778
-884627290
700517639
-676409253
225923252
2063466922
100451132
-260504162
-915148757
182138078
553138813
-1532400864
1604793165
1960789655
-1125895426
-1114333744
-1258720503
1324441756
888800280
1222249720
666401558
-579301620
-918363811
1790729154
-461002969
787146622
1155914988
1088411389
401350492
-2046460310
1856191239
-128711903
1236920315
-725365050
1853418210
345605776
-642926497
-1032620044
-422233923
950400030
666291504
95122907
1484393780
318454227
1008937428
2109486930
126111189
-486492177
1223425316
-794806587
1395667699
875054125
-1810424478
-1463092974
-1305696583
860462412
-283127957
1806603956
131924353
-2143087926
-272085720
883831586
487176038
-1449761550
2128133962
2058749561
-713700585
-173727463
-932733386
1595399512
2094537198
-1650459101
580038204
-1261096182
-971713216
-848233140
-1974531313
913197546
-125518602
1109414693
90830449
-1612716541
1037889372
699423963
-1539613139
-521171466
421749304
1684874687
1344687434
-478120416
558455070
-1401929471
-854410115
1621719547
432434435
-1394476097
-959482401
-2014918715
908327183
864889662
-687734817
1145578078
-1810759498
1693129590
-1070218375
1311169910
-274996471
-115252781
-1241849433
-218302489
128216904
-809265095
874015768
849934430
-1422512452
-1530444727
1457321247
134246465
-1548879933
-214405406
-942429459
340609228
-1584194004
1847701482
-2083294717
-2140127619
-1957571388
1174581838
348173025
1831153330
1933677617
1297904710
1504825091
1418468239
-2035639555
428525533
-558796531
65276453
1192942325
1519835056
-1051120572
1939021520
-1282676812
-1121537035
-1808654528
2137627616
-455034246
-378917953
-143618593
-3955078
1381719873
1227191935
1031448189
-804784704
337108754
-1577160242
1811539553
373280815
1016789908
-1204193432
-231091847
1952906057
-866611227
-715190405
713945418
1691910515
-335631700
1981023010
161763105
-1171820001
1905243502
-1895722197
-1958158962
1308688429
975650081
-767305952
2071037202
1017619086
1810509822
1907394693
598853655
1634540330
710714523
-693584291
1404056096
244025348
-396067272
1112300787
-836303296
2115756698
534872664
-653378090
-1365450544
753570193
1949873043
521425956
630800475
147910801
-591788630
-1077980917
1826892253
356840046
1923399388
-966161267
43998253
1077821831
-2046813577
1495611010
-1275410762
-1717403021
566427825
-63040541
1580021613
-564093735
-1273043017
1455639620
1500869630
1484598942
7287302
295832482
2104963656
-456094394
1183817210
1948384351
-1953848309
-1873217133
-328099164
-836706935
1909230048
-1475745422
1274123744
310032738
1680343401
1630243863
1030395813
2128642076
-965573944
-336860058
-795361634
439814884
-1757036204
-269134444
1983410682
-1145779423
-1379245174
703847950
-823829377
1133816317
409060929
1261321369
-472808219
-2036802525
508313377
-403420230
-837544095
44490
1716294229
1625808727
-1513311105
-968848654
388009855
1548406942
-180528844
503039982
665979372
-775461851
705836083
-1061949919
-1285382136
2060873297
2042690687
-375811828
-435681772
-298264068
443456833
656863111
-900347883
-332368558
1499679451
-68360882
-3361009
-1250023173
402806076
2021585087
-1709738637
1592393086
1102859125
603148513
1581176533
1081840356
1707558028
-63406168
1637353185
416280219
1607623056
-741241738
368683919
-1671183459
-794370835
1537153765
-572229995
-1401448239
-1812317439
1165167043
-585180643
-1146785359
-1193644050
-343341475
1443550392
1033231660
794169009
434016256
754452625
-843280691
495965555
218705852
1076072933
-857545189
-242341089
-1898846101
-130395982
13174851
-250846668
-1479990543
-1857447506
-1702072332
1989989596
-2039047484
441811578
1779242890
-926405060
-1526919506
2039168279
-864509586
-1513655028
-2059290159
125384345
-1800068421
842771306
2116278508
-1541542631
735802405
-65071125
2052112347
-801525521
9121046
-1839625229
1728398180
324977953
-69161703
-1105052858
-1630176464
1056871189
-1401432197
2062481630
1453334550
1466557838
-1586731729
895085822
-110949729
-1331339563
-1561136910
-832300921
922392006
760389174
305406383
537672073
439216639
1291962542
1623562019
-543759076
-804883334
-1941542687
-944603964
1650322033
1972440744
1864751697
-658512161
-120958173
-1777624579
-987450419
1085758975
-646081326
1516901368
1620829478
-918274923
1508100082
1615488608
-1605010392
-225000747
-357435424
-501319729
100418760
315229405
-881795018
818430067
1424537753
-382200036
157657951
1616635667
-1098321531
-1061544719
1496286829
-1569183152
-884436040
998776210
-125166039
-924476883
-2085035297
-2142846161
-1542301333
1194419665
-586647918
-401643434
-51649364
973128074
1222459917
1394677656
-2131008807
992356629
714793766
-1548787347
-1890429079
1515323932
-1236636549
1714302036
1185357233
2009883391
-1359470870
-1563958466
1585742198
-2126642729
-1632713147
379430444
1115802820
-60125257
1887415622
1799840022
-1702011139
-1323367372
-125739840
1510206735
1231102260
-1229284057
-1918985705
1281859493
-1814467653
1122080433
-1196271374
-262542195
1046229242
844423038
1795462190
790166912
-1308130942
-1025880754
-1492696555
17065055
-1220821663
2044007857
-126756913
274615197
-1484323145
-421097711
667750424
105171165
-1690515063
1089175029
-664278733
-1659161127
-1872925484
-1238732157
30019101
884323206
-1239449371
1657535047
-1236852986
353844085
1538064103
-218256846
1520012540
-558570628
-1094947395
-55753500
1034091753
-784910443
2027356178
-1747353299
2128307647
-1378038267
1033502637
-263572271
-187212303
-2026931776
1112742409
-1067849845
-1897837532
-286277877
356278820
1721176660
-1272418522
-1422889373
160832407
-1482453276
-742133473
-1764324963
724148966
-14877832
-1846052347
508548942
-123599079
2109806294
1409938773
429181036
-706991989
-1263708018
-472482049
-1364159435
924414209
-1245099647
977972129
-1504399793
1092450558
610230439
1669636088
-861209808
-504353196
383805452
-1015633006
-571709761
-276606978
-804671974
-1642243384
1048035643
1846760237
1248233246
-1246743573
-1551956388
-586611296
698999556
-1828416579
-1977650505
-6127304
-639304859
-740467421
958073702
-1946204981
-1318298173
-816222185
1135639527
412386871
-1886595566
1566448611
1954049604
1925976506
877002106
1643774091
1811792244
-1025422719
-195530405
1821381514
2050507265
-701161346
1162999441
-1151222847
-1838692118
59445118
924978424
-234211156
407364810
422476666
1617278770
-336803626
2054320441
-182387156
541162151
498746255
-1974878095
-261654043
-1064510515
-1169548837
-1675019468
1637156253
-712844631
1112404652
757439213
-1257241013
-648072300
-1155115436
-191618539
343869815
445147202
-1567482572
1763866328
1200633100
-1906125568
-363227719
1103037431
1747411058
1776899644
598840713
-466877457
-1876153636
-1209253302
1159850488
-199910821
-1057840418
-1147159707
-1837245504
-534405226
-1328655551
1093574131
-1942701583
-719977820
-1006057190
228036364
86745126
-2090015406
1752295193
795733821
-1548686343
-1583622501
391223838
-881805944
-433252936
-1410478260
-35142895
780498607
-29630376
-1673145109
1646291442
46537905
1611928745
-680892715
1156550190
-751562092
533937099
1790450085
388573237
-376706971
900074720
-1646787364
-169922488
-1612663939
-1944223230
1723655870
1234747031
-1672040699
-1936996233
888414842
-1655531382
-53944133
1665368099
-360317811
1886043998
580765173
-733544899
1987230055
-560081932
-1060418330
-2019784891
93356621
-2074713115
-1219846625
-1101548491
-328715135
-1594133543
-1673495976
1706522358
1978498721
1441585945
203894897
800813589
2043736140
78726241
-1282183245
1602918326
-1208950773
1388505082
-1090684326
791692232
1331186541
-1432005880
-74679209
1792296314
2089358707
834654240
2138704465
384142316
-20887762
-300071651
1971326189
-1443468759
-591317338
669751860
1965268046
-1148934571
-1450002434
765591108
1037275103
-1512650718
791657685
1482071154
1291437647
-843359608
2045314542
625055477
2072668637
1452151989
2052311826
720657198
-158550827
1991384641
-829457100
-1448500485
-1546847655
1475338917
488834774
394508107
-2137000092
320350189
-977064276
-925644811
815509516
2117426349
1833566334
987655365
-1247126266
-72396495
474046546
1916707800
-568316561
2119487479
-1193202743
-1102454487
281338057
2105657697
-1467773495
1307378539
-1102152381
-2066741594
1335388252
-1314700776
1675273788
2133563401
340457687
1453680841
-154642679
1694724686
-174384578
2055271368
271320566
-740167832
-656553498
556524003
-919309429
-2109725066
1756287580
1671647106
41331215
-400404752
-325599099
2003840764
-1703153327
-1288002787
1850640134
693023269
-1135297883
1194554824
45118437
334117163
161466669
664301362
935615600
-1737958750
-1801119143
1944200522
-1202117795
-694232868
-887598416
-962165989
-947651278
2004064382
17740495
-1306283131
-1936451865
-1031345073
-370091854
-1786608849
1766294217
-104936877
720425266
-1433899588
174559136
1867693592
1141980622
1916848700
1018228244
-294933426
1246925485
1135069924
525224012
1623440285
-1821921053
-656849918
1215442903
-1239714125
1101226227
-1460638166
839353807
-501843045
434401684
1977948085
-1975664325
-882684843
-1117880648
965081451
807974837
-1724443486
309961929
41362047
-33436596
1398765854
-1427921867
85372859
1930602667
45728660
1569798444
1134117371
-1523587974
-1124073331
840346536
-1882003489
254557955
1825694250
2074794925
255356603
756240152
-286753741
2107133393
-772780334
-628830924
-725537425
-854328321
-410409276
-243803168
-453162443
-2052460937
-899483068
977269336
1064918083
971759896
355575821
-1088205458
-403174451
-1039238943
-2018096362
-1871902035
-1016461863
-639251019
666467076
-404532800
-1164086327
528108638
1026531295
-164876267
2125781049
-277138221
1796853000
-265155907
829318410
-714852163
-710617238
-935146859
574758591
-1904214473
812063472
1555244714
-1427218169
-1052144939
2024842038
1853993177
-1888511846
-1840588056
-1092047998
-334788426
-942062008
-1128847105
-1574000139
-1331767121
1129553742
467904943
1646549501
-673873552
-1813881109
-72761449
-1087800819
-580610169
-271672014
-1393955938
1353265296
-1917610165
148291361
-518587010
-1096528870
56128250
-1343958029
405096582
379769568
-1346117855
2000483250
-541990757
-1477798550
2084274496
-1172671729
-319675521
-964708218
301327533
-389283723
-314830251
323971711
386292152
1355546203
-1224982684
1899247503
-670751985
39038681
-956935141
1434890641
1044551012
-172161922
1744401236
1323589370
-837153460
1139813472
-972948516
1224877321
-1830559894
-1823005325
-2057933005
-1879137987
-1806457140
-945620706
1254457487
-470014457
-1778215532
1666410763
1074237478
101797569
1002154970
-945084866
-693758291
890920670
639236305
-674765463
1894761755
-1293623199
-2123937240
1194779773
-1012376398
-204327533
-961811022
-1328302716
-1869642945
-744156689
-356095672
826827437
701110175
-1929834911
-479441682
-1235009624
619563653
757255343
-1536982220
585628724
-366542981
1999265335
-2108308514
1120324597
-856868314
897114586
714476742
-553797750
138058701
-1511158472
575292673
-401249569
75445531
916296989
1911123521
460068030
1909534756
633710906
-702478215
-6935636
-110684507
-1398081769
2067434438
-263836686
377075855
1184163912
105127053
-542530823
1283421894
-236449826
-36839968
-1287971877
-1215629787
1023277856
-1522563547
-907165387
1739816645
-1042491013
400562681
1922091074
705530751
-827510858
233042257
1620441381
622742958
1006307945
-999068958
-1807226747
-602068679
1890804655
870248899
-1758349729
-536711984
-710561766
727398735
1464034838
1335020149
979158759
1240126287
-1604639794
-1400155075
446798194
-1094155175
361564923
-469106345
841838060
-2097677710
1325941300
1602944845
842568010
2144913914
806453325
-1164749942
-974277504
502387913
-1082634589
1134924059
-560371474
-1310097516
2104335545
-1247435079
-1309642726
2114017685
-520652541
-711128826
322884256
-1162732949
-291044606
-1742684905
922546790
-1418782146
-1494029680
-1515256014
1315376147
-345593818
-571862916
242401752
1099357121
998695629
1024924761
-2009685755
-1729734416
1969551186
614931347
-46996043
270384574
1209985648
-1754104382
-1811659350
1860062548
-617721889
-1482096062
-926741652
-96563805
-777743367
483814147
152941201
-618403760
-995116127
-2130769763
1774879806
871425772
-1596932512
-152013914
517470189
-1101103512
1008393936
1356072775
177986672
-841343545
2137367869
-925503219
-461533899
-1842777067
-19832696
-2020808196
-1713915958
-1129307753
1771589966
704376041
-739084893
-138229693
-1138433206
-1396146679
920567323
1714827122
738695415
1221941188
1913156792
152071891
-772960903
-1072000817
-1662740558
221074595
-1134382915
-2054058119
1551192758
-1308198118
1429807582
-778281404
-1179256345
2028126504
2099334090
-1430964810
1906127140
1337465441
-74143707
-643018895
1837351824
1615194676
-2031137683
-1501079935
1386409806
1906138723
-944593570
-1468593931
155527564
1940946094
78513303
1301077680
1550884547
-522725423
846193788
2133051776
-2122124484
1539973041
-1456667042
-1148427665
1487538133
8388817
-411513127
-2051139495
1939719940
-1489893622
1207731325
1574187966
-1816445412
826636155
319902896
-633945127
199329487
1809339837
-1527037230
-1900230415
-1183496973
569116763
-1396611678
1712730094
-1829258103
1412518017
-1602087200
-274631890
-706034694
-579893006
552073522
28963993
-376760670
-341024705
5175371
1539925234
478071698
-153583051
964077385
-1388852112
-2127694703
1092150423
932290910
1677396109
-1554536092
1779149580
743952562
-801123556
1909850959
1625478746
-1162100856
-1078745439
363318491
-1474415916
1145132959
-2087185444
595519960
-1135527407
-1644776486
104684711
2071903141
-856106018
-1359615966
-536123391
-1547303506
1311793781
2002838411
1327326057
-1709959626
726918638
-1707683659
803579248
663828310
814875381
-1066100620
244622729
465480772
861259964
-286758221
-1453908701
1762836184
1653412403
1010463125
-1607686663
-1559649972
928956022
-1473572132
156854696
-1967380413
-1339589497
975790990
1988802177
681156876
-1177870788
-93670955
-1077856
-403552217
164865658
-405386969
-721191363
-2016140281
-1112111453
1017566374
-539270591
-996915175
472629068
1171588040
1286131740
-361053180
201971763
-864725702
1830966741
480756530
-1546329232
-1100141567
-204746398
-676552561
2103312361
-209612062
-151291335
-306449776
-860614901
-821800444
1949134886
117429111
545100214
730479315
587260767
869657044
-421601160
-1352675802
-1722340907
-1130039986
-2070990083
-65036125
-255961652
2079843235
-554554682
1679827298
-36298323
1606857196
-2060266215
329557712
-2047392485
1586863653
850942008
873981397
-749566141
815230189
-1239695403
726939449
1161699960
1820837769
-1907778364
174083907
-2034414338
2143221294
-219059214
-1135785054
-1984496859
424704639
-653264747
-380814447
789458585
-1927655852
-1484706396
-1981315531
606037752
-171783492
1029245578
883086153
1246496677
1073707845
462073621
-1949148676
1584776923
509567354
-1604341068
1135524377
1238989316
1064791212
1823554273
-792673432
-589704373
418916853
334988508
1579601748
-734010256
-1927286663
-396634471
-2002546483
729840346
2104298991
105122554
15695471
1878173938
-1448626337
646851904
-2085340445
718606510
-1382825428
1462097855
170631045
2143601515
1981180245
-1643886127
433212743
-735982849
-1868782857
105343244
909633492
386576398
2035468822
1763385783
-1678418184
39424412
-1098473316
-537666951
695462462
815964644
-308744799
-1706037421
666213082
64822375
-931906580
1780574159
486189001
1096616263
-36537159
-832545671
-215164874
-1152032300
1391694524
1448722318
648851487
-209753497
-419231387
-1588232973
-307084488
-16951954
-2020901787
-395696792
-13774321
375096264
1178235761
1258526973
-533555856
-1225460141
-81807802
352675012
448289802
1916060866
-1212195604
-288831545
237428306
-193483341
-2030165954
-1765698756
-471339866
1039012864
274968232
429152759
-1234445386
-586154668
-1163458254
-618945761
-371338465
1765402113
-432722754
-2139024348
-1183063464
-836600303
2091027341
1953154544
-580845615
-884563046
-772007161
1368144220
416110169
-1905643946
687143355
-1326604571
1255900351
-1960746894
-818286173
1328768414
-111692868
-1136652122
