1202758051
864585348
715887818
1148167244
-915212671
1664163041
491397673
-275936305
2036534126
2123769995
-360808823
1007461641
452278856
-2143055911
690207380
1429691605
2031459207
12980196
1746669653
-232016023
209047186
1832190026
-1651812959
1333937083
1585345357
-2018635985
-769547819
149315871
-387569418
117586308
1534991041
1111145268
1337534001
-1459387509
213720291
875503617
2092547680
1406612890
1170485975
-1495591846
951281720
1588109598
-1676570610
1883425416
383719825
1968484834
-772013378
-756916440
-1458500484
-177811567
-22310631
-474644397
508903834
289657721
-1461570112
-1645223169
1377915819
1894258321
1546612602
1325214372
1972858981
-1435903043
312514592
-979032286
2009041542
-2017355185
128661212
-2053403423
307829036
661515473
-80887406
-342848711
1748564068
580986881
406225309
256501012
-984858880
-771564004
302485438
-1885179950
-1198383700
-638594465
1170873168
-1178067860
720116547
1824989386
-405638976
2012147419
-1815788962
1165729319
1266250557
-1775138886
595989550
-1702054838
-207127125
-1933695958
-455846773
301612697
1266147036
-1762052107
-33881268
-1241830706
421225729
1311573493
-2067261735
-1200168453
345222238
-974136650
-1242379267
1690156494
-1622661828
-1360999078
-554262784
1677528598
-1273952988
-738907459
1132216820
-1515228539
-2006739127
1301212888
-1356127153
168987831
1913561157
-1774784406
-11313222
-709407118
-525547256
-1118068012
-1769398745
-86874065
836650253
-551579068
-1941451479
726047705
-356898867
-883884522
1162130047
901445588
855317880
55981430
-1954695695
1957379648
108165858
1970313801
-527797153
-1602159490
1518852283
1165127245
-1635586026
2041059058
-818237949
-1776169346
489714277
-713437942
-2139185732
1430618299
-546147729
1023768959
891448288
486438825
1091212611
-1620143397
-1224946283
165359831
77601577
2131472442
1142524062
205541667
-570667458
1625986644
626300437
2140414811
-628701629
1310298298
-478659497
1481694502
-1558080079
-1789486241
-607235010
-839135707
-1678593008
650715225
392441237
893246805
296302984
1383288297
-129775928
-1690568522
-173916232
559171768
886852571
1410620209
1010465734
822394467
-1895886691
-313537354
802612662
-299131847
141916700
275005604
-117440257
1270935107
243764059
-1151830418
227580507
-269407612
655493442
-1804697478
397545182
332622977
1078356437
-340437684
1852665930
-1790352125
2132673192
-2000695581
1043995296
-1836580326
-1691538798
-1648247709
-1519939846
825496421
-937803103
-96867853
130656152
1341025937
1489492557
-665173272
-1007978185
-186689506
-1652530449
-1077054941
-478251607
2122921065
-1603983757
-125066058
-838818910
1512490214
-381061812
-815377715
-118620209
1012495788
658390952
-2045955381
-377595092
1110474550
-1046376988
-1613972813
171068054
-1311121305
-674722750
1701368777
528939935
1205499086
76684761
-344152968
-464387423
-1749374165
1838885580
-1175284618
885224981
1240047666
-877847106
-424284379
1881008933
879796622
1989297285
737265724
1914251135
-47358680
1224935453
1095173798
-555901845
854147240
-719704098
-1315063382
-187433185
1795738939
-1108499471
450108491
-1083862447
-873077865
-1295228160
1808788208
1115616526
-1659614149
58302252
1721560904
24152778
-1673527301
-842516924
-1584535961
1776603319
1523119291
-1955006157
436413748
240530521
685273722
779187896
1741463303
-269271206
-899140462
-662160035
-413977970
662252698
-2068587715
-1635858271
219111664
611990154
-91131557
714116471
881972019
738610874
-1046082959
-1383998989
-222015006
1073856175
-700990220
-2070905790
1951404777
-1059106310
-676430648
-1437375269
411075012
-651177595
-924214781
1068873716
80209368
-1765099473
1973938165
-1139998154
1065192224
-713500517
1704775788
387024051
1069764876
876809285
-1095968973
813354007
922403749
-166445099
-1234152996
-160299235
1947214580
964653239
1338202047
690933829
-1805386588
-2022739989
2014719554
-567648573
394410982
-1903198695
161592665
195056314
-731917420
-2036787992
1742182480
-590114647
-1631164775
1285845391
43927240
2080432165
-1540910449
-983649109
-144377346
2001748424
243777705
2095164243
-1256437165
900804713
-590700334
857118057
769923336
-694337139
-2018921706
-129073869
-150482360
-947922660
-1941994687
1968174121
971918187
-1170676649
-963085627
-842839792
-2026716808
354144265
1113877728
1759742791
1014021100
2099981820
-873316098
-1813254304
94689209
-2107327058
-1169072293
-115447567
547405457
1928907845
-1425357844
-155611732
-63910301
-662495297
-492971137
-134146643
-378129115
-2129993363
-921989344
-1596093165
887129300
1207057313
964436415
1204619985
-1185021000
542482086
-1380793329
1529348293
-66437908
1709564144
1808532144
-1285916406
-48851683
-498618732
-453873009
-589081462
337700753
-1498022919
679952269
1206935254
-1897369749
726429647
1458733406
1367821113
294748461
-1573259200
606698163
-526848247
1538054269
342556518
-365484389
157109569
-1925218773
1648227068
1509275686
-668186804
257198706
1288442711
971894859
602933027
477251453
377208214
-1287950837
-2071234919
-1830782931
1664132376
-1465688875
1147164661
1162200857
-859721682
1593648428
851825601
-1308712491
379808785
501416838
-1996910623
-1225784201
925977622
1318758775
-652041242
314374487
753870879
1266961679
278855332
-445787883
499101269
2120272511
-1723264767
-972794145
-727466989
1839578114
1374474767
-932674317
-748563931
-350180359
2046849117
466451811
-944498639
379110744
1764115593
-446248169
-359750795
1479583297
1967315226
306327320
989263026
-1103087379
1263213452
-40206837
1879105895
1400420051
345770667
-1422110214
638868546
2057517570
2112779812
-1344433062
635621587
929857746
1527685976
-1344986039
-1767242110
2109130683
-1935086733
531635478
-1798455613
1158995332
-1460033859
-302612218
-1867480441
-1298147937
-163579601
977882197
1262965493
1384840403
-1682418615
-937413509
1969959257
451933211
-1260600798
-2096261201
1336324700
-192473650
-1477030464
64184496
158142581
1520339199
-705946455
1761338050
-1685360225
2078582566
1391594938
525726198
-109292468
935368703
-813567690
115588015
1934645145
-1707194447
2082975265
465576800
761189058
-1321133261
1650059471
-663312486
-1893470249
50530027
505282231
-1803152571
1322859951
-1239684201
-523277428
1585872685
1454435613
-391684752
1246751630
837773248
-1435816607
1960655244
-1536757988
-452797675
-478127135
-942428797
-378784882
3081008
-158205159
-1318611627
1422038337
-1652060028
427795662
-1934470261
-161124622
-116602696
-1650693239
-1925019749
1679563343
160316846
-397123773
-1061206384
-2146671157
441675968
-581359268
-1259095574
-828501071
1066722892
-1285033006
431704258
-1171343748
-1217106574
1865027502
-215699662
-1154056603
-288645092
-237695295
1956947955
-864826308
1360256830
1917207696
-1063842746
364682619
622546782
1386275468
30903832
-630053481
560896342
20259718
-2044104608
-1685837671
-1013484712
350894689
699916747
-172561683
-1194576333
852228104
-328278629
481806970
1034748628
-822584158
2072426188
1203361010
2037333006
1178109956
-1030049416
-434835606
-1214228323
-1840005785
-901427589
-956865748
2125812072
1625452122
-1128059558
1608704972
-651415547
911376633
1976019040
933978745
2136572290
-1808972449
-2017685750
-264289644
-1319915166
-1782395304
-1067933020
233161606
-2029350683
-664428197
1997453619
404337614
-658927987
-1214451273
-74339691
66306392
-137928228
1231215371
1606904806
-1820787947
-1743900831
770133754
1229454630
-581478457
531851509
950512159
153816344
-18655716
946269762
1899373631
-1481541780
-607712770
-732614268
-1744072771
-91881184
621030185
-879729517
-1569645486
35845922
-521144067
-261033440
-684257028
1403032377
-1595340907
-1431451842
-406277833
168446758
351554071
1173434660
-1921203862
-879268346
-227545523
-1581821135
-1929027932
-1375357958
786423156
-1852868305
819535239
-400907255
2076243540
1051314651
714777732
523957316
697128080
1110384037
-1440533176
-44742614
535640383
58260915
1512561013
2001727822
1152739514
1914441515
-843569515
-1929406922
1678578103
1243049649
-363803317
1000792966
-1356689002
1151320110
-1624545334
694004574
91728379
-2111506733
387464075
750786303
474151836
-157410979
-842669510
388812468
-252847525
269911706
119934448
182664175
-728576362
1428979243
115203239
-2017375823
1741838270
2112418186
-1314689302
997345071
-2053585882
-111877810
-1840138804
1792463026
-372690403
-575616338
1536601114
-2071469378
862916158
-1669928637
749694675
-2049606794
710451973
916017425
250144984
1724083774
856853926
351872199
970130911
-1265807966
-211473383
-1792775098
-931159891
-144404619
32659577
255610719
973447300
-173387971
1453524366
-541214496
-1642858023
2132300494
611946664
1661117905
-488143286
727921972
-111747922
-520968965
-944642098
-1944462378
-225605003
-105035095
1554967341
1193581015
-1761615275
283221170
1275665843
-1735875137
1580876538
-1770931531
-343569888
-314915494
281356663
-2018359642
167366882
-535407648
1309091488
1948864906
-1139863675
2075919957
-2134878824
724095102
-49853590
-2106715598
430843816
-1675829763
-1587391562
-969565627
-780166830
-1717154975
-442872179
-1711831595
355411109
151930538
1375692160
-975362551
1264125139
-1926752131
-247642813
-2133373559
-612786432
696401520
411853987
-196559259
1651057756
1897424260
-1707325770
407835190
925286771
382470386
-60609453
82804866
-782831933
-1375618774
-1185748796
-1998641308
486389391
-484618472
490327482
938785388
-1237908494
-1099460696
-1353588096
-1681146941
691818294
-1257503860
1550834291
-1895849069
-131581082
2026243900
-1612284238
-2132305499
1977481505
54548286
1976205073
-1021205174
-1249672528
423271591
-236069294
-1916373121
1834681691
658292192
1487498646
-116575413
-608629769
-2129135699
-1392637168
1169741932
1922711235
-1435368853
-369190916
-685820878
1395969141
-830027879
-686892593
-1003258711
-737226609
621898649
1452456624
-822281731
1524910838
-367677514
-1469276890
1971610138
-2059633468
1112469608
-1000294639
583584403
-935870884
-426097705
1197385694
-470330172
-2028199233
-2113569635
-2129543690
1815017529
-508003299
411374800
-1070882953
1103892305
-1122331217
-1678817986
-1025226203
835553822
1938732739
-1711616774
426090146
1117776783
699122456
-52155113
-1333269795
1706587345
-1903129493
-1992008525
-1213716536
-919788815
850143569
-1294976713
-1414013363
2115789509
464807239
-1352124708
-1087248510
-394158324
-1693803001
1079252336
-912360422
927075540
251699740
1694408025
-989575394
-1173399013
1416914104
1027713242
-78942243
-193715527
-1907189051
2073230740
-328020191
-1808248964
687707449
1567013456
-1480146013
596231060
-778638162
-1440457477
-2125702720
1060633649
-2113940943
1935123697
1619704427
-48789910
-615704231
2073482622
973608293
-527667360
1051283355
1227627680
-395412820
2039026339
1768977628
103293457
-1868540112
2000743124
-1577703096
-1251999099
-62158644
1504004234
-1474272159
-1019659472
201670003
-306441351
-586282662
642402698
736629161
-1354827311
1084353702
-1224801450
-414113227
-135024157
-1606410549
-86250785
-1729100524
1762931210
1486131323
-1209269371
1059642800
791151304
1779917796
1670965879
-1593376686
52301615
-160137402
233125825
-789456684
512268161
21050566
855468937
1329399962
-1563219430
163844994
-778835052
1657270210
1046791822
-1556072988
-121580273
-261089895
-1793159410
108437819
1818666636
509420625
768191503
-148534649
-5700022
1298426864
1510819372
-1669950317
1511205049
-2077417332
-726681013
-1060480183
1239391036
-593639499
678718463
-1788813247
-726960336
531532081
2065291821
-1505514342
1945846060
-1253878034
437377521
1271905293
1687681162
-798220236
1271405506
378176831
2066684710
731415577
-18260269
-2133937323
1711841637
1328527162
727709372
-2054003507
-1085131143
-959147865
752912217
-1924004980
1974415586
-1851198945
1194072818
-1085797838
1035013943
-1352466564
2128279196
248203957
1590983973
-767960720
1087754462
137529901
-304405320
-875114639
484003478
926254572
-1793404967
1288912113
1723460125
531674577
1574870551
-2112191021
-1797478231
-634232867
2088719017
889906713
-88391181
-49491706
665058995
2040989921
1116773913
705875787
-1033073720
81107601
599051716
1306564872
-1654920528
-892646831
33415309
-656079477
-756028822
110030521
-940753508
1367579366
389086068
-1102134837
-1345887598
-85873402
90465097
-398923741
959327400
-1434592764
-1599101910
-1611090068
129241112
-1731037253
1948523809
958230550
1298194875
607700634
1620452930
767974981
143070963
1514929594
-1827459789
-298084852
953327562
946373682
-100755985
-589709606
577290075
282389418
-2129304634
1831510580
1099073136
1424457774
1377103527
-2073333340
459396204
911507780
-1061082975
677181425
756744811
2147375167
-1714735193
-28759665
-1012163417
-1570611243
2095146899
-1964193703
494456349
-28176145
926791789
-206893443
1238786671
-749623104
-1114075924
-849570634
1776386572
183671832
783891772
1550444480
1023970445
689007610
-80309759
1341489417
-448023198
-2025607317
-141202533
769660580
299386541
1497130636
1276385707
1118664322
-329601427
-977671445
1028990678
1442799843
1283570143
888279317
50633928
-1245768183
-2014338272
933646191
-373357444
1717930799
1232852246
-1840054715
-198072647
-1453491527
-344815215
-745929437
-119549729
1115276203
-72505940
-860190365
-1099882013
1445842015
-1741391751
2125230599
69804951
-1159930766
-574210084
-670051128
1734915118
-1284464129
2039322551
-1578262417
639501311
1068914191
-1032243385
1422399586
1360014217
855979087
1603838157
1460598145
-734028361
-1163380221
631351152
1802780722
258275940
-961519557
1487794017
1223440314
-1859386080
812893507
512609344
2012469966
-312425420
-2058258081
-1946148418
1985930601
-450819101
26796727
435497602
-1247324192
8714738
-1309741936
1643923792
-2067408077
-548067990
-2139458116
274417768
792434341
-2104654180
2042933844
-112219348
879446669
2128108390
449934499
65074692
770229358
-920876109
2042532196
565514373
-700252091
-974171577
-2089233616
784737744
1161726754
-1687081540
-16240335
1475061560
1471871738
-417702457
551304475
1914590503
-505966661
-696553281
27065437
-2005306815
-1768402529
-281369248
-2087477101
1115260105
-225558332
1205806283
184668989
-1323611580
874146300
-1937286959
-805992266
-2038185637
-586353438
1756881520
-1768780194
-754684411
199130925
373617821
-727037927
-1713554459
1876121928
691017539
-66236163
172991216
-935495647
-982477173
-7736506
-324210094
-318033855
1312629342
-1606046835
155444626
-887222756
584147495
-2125518023
-2035292173
-1698275414
-82673443
-81162699
-1471239651
-948616395
186774848
-1209485341
180809213
2122338164
-534902174
-41809072
-1244287768
-185653031
1313074280
1718874792
-1236993018
184326183
832519569
-2078676501
-1287499027
-1132857786
-626034825
1495924960
1031805068
-1864564390
-131359595
-785119158
-1226270134
430796561
-1701773816
-758522279
1432801646
864604220
-2051925607
2021363299
1017879232
-1303864927
-1538862085
-2008467501
807158897
-46176754
-640707760
-992481183
1233229367
-767572559
607190513
-19524221
819771324
1852845735
-2004459154
1657717026
-398878408
269804242
1912931795
-680307311
-1582513572
-1917722897
1185607981
90002618
-1339774095
1517561574
404217676
-222693735
1133839553
250807140
-1751682615
-831245586
-1199271883
-1789983578
793762890
1586049582
678195519
-1581392232
939036932
2138986938
367138554
-1175490018
1454420353
-1364236461
1668490382
-676751440
-909817949
-643936308
-1062405159
-1564639444
-1179415832
-1193945856
-1002451381
1565702375
-172771858
545982214
-1899538415
1219574788
215822393
-1422318429
-37639819
1903492617
-1363341260
1714851583
-1143037309
1034612654
608450933
486065308
1364788464
-1627360520
-2071815355
547919747
1454653495
-1674862970
-872852642
101126847
340286469
-1069293013
-106579722
-1900625137
-877157161
2049433788
-696019972
-2080090410
738197216
981898026
-1553660767
-1685796522
-1349254353
703531218
-371007719
-259093219
-335131887
850090259
1880129442
1140222398
-560755277
962632225
1875532485
349176004
-1770097652
884404504
-769208869
-58905116
-375047
753536852
839185362
894875249
512744361
1767092479
-1238531535
954989588
2126144058
1762062570
-1741295016
1216259771
-1305478492
-39025248
429292300
54163921
321139670
-1707263048
812097075
-386348880
-15673058
-751222421
-784052517
-2124267949
192131533
818943845
672789376
2100882512
481695514
-430556449
-1904228210
1707070724
-1688370106
849534189
-1614584028
-1680579313
-2081258239
465648404
2037412890
-2002677758
-1661098484
-1157206753
1324727109
-333740969
-2108666850
1314241586
-932562183
1424894625
1472828683
-43329761
-1013390386
-1585978364
640001827
-2019395592
-1818095449
1158495206
342364888
-2060497180
-1561462032
928612582
-1235735901
1194477110
-988041434
1752922380
2123396391
-1173720133
-1219738212
1119659330
1729142165
-1650308269
1826775931
-843790333
408127058
1707402946
1103775753
93496145
585195991
-1444972857
-237049298
-1218567700
1282405849
356528494
-79369676
-275292224
-299799383
-1205513822
-1881383986
-1227274850
-7055140
-1274807290
1819716699
1599974447
-1602367698
-610788092
1401825643
564935205
-625952093
-1362389979
-921638015
-979603022
1862520559
1553219747
1302931738
-630808259
-356926185
1053672252
1175008750
-1006195885
119901783
-1089664696
107065973
284088795
-1669379770
1018754317
-141774932
3682445
-914668233
1972680530
1390463768
1902178981
-1921462302
-6443471
-1622440181
713117651
155388228
-1897407183
-1904057563
870935668
615061955
1497453203
2014214429
664484103
333522580
-854192660
-504454719
-1555706663
1761323105
-1231864845
-137861573
1670330371
702744613
-1633559652
-1302314603
-86703978
347973210
-935452571
-1248463234
324714260
-2126073770
1664230895
-1951793843
-262042079
2014603250
-594556721
492654150
-1843773063
-553074324
1051637926
-674427876
-653289436
1452505998
1093736302
1593823927
365223400
1413158415
2128755222
2134027831
471379967
-1907078600
-1737990575
324009527
-1362962166
824568266
1090218411
484100437
-1858111419
20006942
182453725
1698514162
-454498309
1328910734
-1786270111
-904817354
2082805563
-351881965
-1540652217
703072598
1268927179
1756808239
-624888503
-1518446567
283801948
-1977946867
-175857891
915382423
374585087
1403220710
1716051978
563950404
-775461929
-1055897435
1333463998
1871472428
222368272
-1694354995
-525647011
-688521345
-1602136305
604147098
-2138027043
2143806800
1115683818
546975846
-431884912
245512601
300695834
-1263407282
200927490
-463142014
-1916720785
654164501
-1705775868
2046033634
1826553923
1809686343
956561928
-58044667
620400370
1647146657
-628511056
-1806689873
-1052396151
-1875907152
818805152
427839073
-1623434564
1935000247
-1441723237
-57860646
-1355028707
-983696939
-1654919987
529917408
1312472971
-2107033497
1024078949
-1419143873
-916950296
-1336085845
-499787417
612158482
576098062
2123976613
-971502145
1290484800
-124432126
131000133
336563352
-1676669367
1009689706
-319832375
-919738130
716787266
-344119748
-368498848
1244836193
280405278
-435937608
311059215
1072987468
96723502
1703454359
1549153240
-1046137066
416553194
-293901436
-1237599976
1298151367
-171288847
919979979
-380289232
-1891235874
922302030
1166287184
-1416501912
-1756178079
-443363332
-1079852095
1855536655
1264193332
-1765354836
1265740303
-679064346
-1637718610
-1964719676
641133337
1273595838
910397545
615817387
2039397802
1700248926
-1793105575
-912748989
-786217051
1355155115
-748827361
1395528886
-357192577
1884366338
1232363679
1229861237
1258622700
-149882648
-600376369
-71870082
-776504868
2105466853
-1409751598
-1516438051
1882449064
-1275051860
-1146974652
789337204
446416520
-1097562497
1649512407
147745021
-1442452152
1790461137
1969080350
1936439888
1258523451
1032151084
-1695049560
829810657
110342255
1446142292
-62872239
-461360243
892904226
-1097771347
167879636
-612901995
791006067
307292121
2117406883
-459697942
951330396
1556643749
-1882727174
1162972586
-1699318817
-968708059
443443761
-1826091030
-1708813185
-1555614436
-1954716079
313801910
-584005135
-728221534
-879010326
145469269
-196817133
732741120
1159272227
499464400
-1621624035
-542353698
218892818
1820955573
-503782379
-1735489888
724011598
-527101928
-1635765112
1665300492
-419007039
1434024922
-912414602
417982767
-631210814
10472237
243492237
-1636011647
-1681696926
-1988278954
544350874
2144765511
102333445
778582453
-610545092
193585464
600648500
513048834
-1803959078
1643851107
1643111602
-75477287
-1794214442
749936207
96180684
832444279
1247442946
-1735961245
-1639698187
-2121232955
1020212562
144816520
-628805999
-451281514
-1006537261
-5036788
1650497297
-1255111123
-746004004
1242074569
-52339137
498923777
337179522
1158155142
-261818406
128082115
1001589584
-1727176548
2004147557
2131260575
-1181180873
536078556
-934142661
-1966900286
-106978621
1863717552
1120028391
2119722268
-570762352
1567147647
818825394
583276390
1772776699
1473994838
1226379900
-15123098
-1209993189
-1114955836
92082639
1903694449
1089750258
1289957892
1945951025
-820513999
-2094006817
-1062159775
-1945856839
257078952
-1873531305
-1698399018
1002370532
-2044849292
-688883500
657592052
1511649448
1449104724
208156684
-1982418168
-817604663
-1068767510
544931686
365969788
-2010179988
2076865474
284176041
-701578115
-281948951
1726129811
-1296331530
-2035176994
-2053380379
-188201021
-1327751432
-586436805
83394206
-1083129808
664120409
-315167647
-463691384
737362989
666413175
1209311213
-746796519
1167207114
-927763881
-1188388302
1539285729
1550579032
744693721
-385179041
1548838620
-407450837
1414088749
-1274179103
312242955
5336481
-131104379
1792008710
968940864
463530083
-1181186548
159479778
-85056454
-1604156950
1357526037
1994816118
-1155576591
1670230085
1480252823
705978125
-1444216527
-86370792
-2023777575
-255272983
-2044820627
1228524519
-461335447
-1645311713
-1594651700
1742240148
659781714
-222451777
1562272392
-2009856986
1382780557
1260709687
1827851128
434885579
152182967
1242126584
-273443094
489682463
269560068
-1447943591
1527376822
1502191790
-1878688653
1251945660
1205771919
877320119
1735189571
-581422097
-1029625188
579550515
620223140
-189540653
2074943302
2087996437
384687794
-1276342718
238557011
-1694530606
1710134174
-1865175506
-935359181
980240418
256450350
349230341
-1114693478
-1293715192
415660903
425618780
544022862
-1844508912
-866472057
-2070272565
-1794870463
-594278441
-1459870664
42631957
-2038423582
-523497776
-299923709
-30871412
255731887
906677828
-599133950
877785779
1036283662
-1331870566
-1911405351
-2001510364
-277101219
-1422394920
1963325414
1407894708
-35488441
-1093856919
1282718391
-1601940780
-2077685927
-1844759520
-1402358596
-861075654
-683640876
-833448324
944785213
-1099898177
-1031011132
16621357
-902984819
1653104267
1692651857
-2119241257
-2076770176
138837614
-441935276
-1456545259
-1574823143
2053842321
1032656941
1149145792
1896853128
2058588493
-1548539437
1298613616
1806786386
-1354949030
1393040684
1630576194
-143223343
-1418937300
1588373662
126935003
980526047
-1135627623
334129637
-1147771987
2138902990
-1735352898
-301859290
1853477496
1513375386
1080411171
-1321597116
1295835412
1708261217
-661902563
-1068977550
1441895789
-197506541
1588923763
-558459894
1824675789
614266725
-469657532
494070940
1402164320
-1367820278
-847048152
-1044468920
496627957
-1248437979
561238164
1125433680
1791974146
1763103736
1950326658
-2012505368
569340394
707142881
-793215152
-309014192
1124438401
-644866681
1430183144
1287481892
1285357775
-2053921200
-227366880
-1570621454
314771731
-2044452074
561310820
-2022625267
-1654327029
-1668288743
-837300334
-1198929504
-76244878
-1887558602
2127895333
1046198789
98684874
480584025
-951995500
-1371233705
-383743909
-910261201
-1137270276
-1717403067
1373505658
-447444448
-917597188
-749075415
704204814
-514847620
1742796256
1131214424
-1845085872
-1947366413
-1366160640
-1318156869
-639933999
-1422721206
2205802
896011678
-1809375295
979851596
-1365740098
-459632441
-301463699
1269299709
-1081223079
834023370
1751762185
415727381
222227638
1206005915
632245935
-1855674452
1490104848
713386853
-1354779993
400506673
-90059702
1919430809
1679492584
-1094958176
1345093651
1220934728
1878079199
1131002612
-769405627
-2089383243
26003566
-43652135
-2096772210
398139942
-2080392905
-1194005083
-1391481519
615917050
1881217817
-456473719
1479281870
-1738520832
936255226
-12617981
-1953077377
2066736389
709466311
-838474346
95448005
-1529055826
-1656668232
-998951491
757857475
2029061256
1085288152
738207516
1400311946
427696221
826960324
-235621895
260361334
-1569928759
93678002
-1051612695
1138852823
-1376176372
-510789964
-1538828338
-239764270
-470449888
1140576574
1490239232
372547465
1189187086
865595365
-835288631
-1489538182
-2065249156
691164521
-1727424233
681316132
-862219126
1263583989
950489964
-53223953
-1621409313
-2020619612
-1512812776
1508728909
1111317246
-761002425
522675114
-273200613
-997762595
1634825829
-2029343068
-1383292083
-333846088
1351306626
-529254547
2100285130
-1626100190
-1144083548
-1242538357
504667029
-755964068
1374621202
428313617
-539507668
1980794857
-1879869601
-961818283
-1113292748
-704868511
-485518426
150106598
623840341
1818017413
1412717846
-567769156
2096450659
-883427181
1013449904
1200699057
-1528501314
966387164
-72539313
-2012273872
882417658
-478696557
842888936
-1159585749
156529089
-486028058
2103226387
-1950529454
-704434184
-1582397102
-364112950
612955777
1190490400
-1411298253
-349178513
-1838722695
-62601474
1090060698
-1757131501
-641114414
381945982
236217442
-506597900
-875704016
1854920148
1233688965
2114593096
-50199116
1172355812
225422507
-1573476040
1110500533
-1997368348
1892270595
1424519214
175282608
1928009790
-1600188074
1988585555
963335804
-370954310
-1696727463
556425043
-1462331967
-1613171236
1016193602
460704355
-933261141
897879946
-104572259
332189316
1973345241
1431058162
-937152161
-934016760
-685744229
968565162
-743820741
-1975919531
-204202147
-223795944
1596293428
397427944
-813726627
1082473747
1864255091
1145076381
-605282396
745494730
1427555162
-2099191252
-1729358029
-400059932
18883800
347738870
-904154501
-1466486296
-650533122
1527772418
-339035630
1796876767
1044766162
-829408447
-1343250780
519430200
1993029475
714587673
-1548641497
-606832406
1567755037
-199984608
2100708946
1642724319
1837353566
834811688
2066892623
2061172112
-271309240
-1159980165
730079662
970108396
-2018099496
1111338855
-2028254051
-139431554
-282251465
1251087612
-1227028138
202598605
-1532458160
-1797752813
-631526184
529304070
-929914206
-1183778158
-1790160679
-593088296
-1493197738
1431675119
-151904262
922372255
-148258668
760677106
-294276804
1467905220
-665287919
-2006137666
328345266
-37758110
-141221140
-1264182255
728302456
893285933
476640186
-1605966390
-924259101
649203087
-99703841
-563998805
1984088825
2097234451
2134971423
-1945478560
1823210531
-548059130
-1100508044
-717310016
1751355424
-616875685
-1014457823
1330104658
1004256829
-579984945
1919501062
-980401391
1967655618
-2081216179
-1764672970
911881843
2028195759
1256423570
1078972870
-1571845721
-1756619608
-589958124
-78092825
-1928585442
-847044052
-762033888
2019122487
-240881331
1659018253
2045167937
1204968019
1427351216
-1817841892
50503656
-442273104
631792145
-334762461
-842142135
-686260565
-633875703
597391895
905361794
-338635042
710068935
-652906098
1292375810
584389300
707844368
-380525714
779828008
-2144232385
1036105094
-1796491033
-1451733462
-1920586424
1721071916
-847230302
-1462424776
-295204441
-598709207
-762735302
975072736
-1854797099
-1620612149
1928233195
710504884
-1648308033
-2043794225
2051928200
-1728829399
1667673052
1695604190
-482636878
2034362561
-1178397567
1751576155
-1455261626
-13459604
1499382643
-1998258853
-1982482665
1189346603
-1247756354
2140157172
-1583540260
-293433610
-1905920572
-1821010502
-955713428
-1058349344
529705880
-1634994554
1795572520
1138295672
1314285196
1347402873
-129015625
-260619919
508565000
-535589056
1752043768
-419257468
-850815075
1861324185
-1907531980
138849428
1075767385
1845282324
1484400019
-400586733
-1881761956
-1593116642
-1406938159
88366244
-130658901
896196923
215379249
43099393
-1300791485
-832857454
-687738447
1327870751
1148033393
324913838
-1544378754
723501455
-273661344
-289427582
1881207210
1492399911
2054258163
1095845038
938917147
89063649
-573518891
-616691200
244552902
-1683544574
687444685
1306406460
-990383075
-634062210
1584164182
-282516961
1368618694
-1490119782
1320692590
-1181755487
2142822540
-247176493
-1562337874
-1566232197
1865822362
1888623358
-436306534
1683973864
-176278555
-103398480
2055538490
1613062062
-1766569238
1980047071
-380692503
1418153055
348280473
-1972255543
-664869268
-1229848868
950796432
-871196140
-2108118971
60868378
-1378758004
-1726708682
-1619937207
-1291200472
1795805468
-1455259626
169022064
1262319984
295341463
905805555
-838387476
-1712289732
-377429169
-1881494139
-570894724
1047465340
876073990
-1061385887
294171137
1983638470
-1497548896
-945985375
-745093295
-1175524963
537211674
1166563267
-1513907894
-311256075
2109319866
1940353489
1089212714
953677046
-1790827640
-1357048126
598966046
-1777501440
1440991228
852468768
626298904
-2010878993
1771078648
-5925910
-1926542107
-1699852129
-134779913
-483777093
-67668354
1197589682
-1713904761
-781126101
1945621405
-841124208
-457427212
-745461644
636765075
-1051941969
139959365
-159971752
-1806325160
1914737939
-1173434516
1750415938
-1480062493
-1958289384
-1879982664
736954283
-1680581444
-495161489
366998669
-92854849
715457998
-2032560027
1828243287
2104303679
520153473
-139214741
1913872572
-2096274776
-810122232
1421170386
-83217648
561140117
-244215562
2127898325
661158926
1991710305
1753946135
81937884
1858064323
1328218384
755823485
1441407487
-1596530995
255763567
354362072
-736987960
-2126386235
-874246023
916881419
-874963395
-871848967
600690427
490842363
306719772
-83603618
-1265727877
-146132311
-1328770712
-19100732
-1705679018
407730562
-482192860
-1439168693
1445054248
1389470453
481371998
-585503211
1862962799
460366918
1700847470
-1732509892
-1109631886
-1650695518
1369243263
1153465606
1226540383
-1275314062
-269262002
1150708823
145051315
1954917363
1211233329
-358754458
-1778512418
-394886394
-2044487589
893454260
1594887461
-479109052
1682768222
471001912
788093642
1483285845
1340999920
-2024662818
-104536469
940201601
-2003523855
238233650
-1630695257
-668591225
-421870676
-280211368
-2142236409
931920301
1069050461
1034388031
932894234
-1828938984
-2006441998
1134522902
-1835449375
-1347340451
-93101547
-1509997570
1265235053
-744984233
-866545046
-719073280
1401282246
-2078097862
1906561557
39366976
66619407
260418024
1365021054
-1130720141
1502061287
1795067011
336189528
-594839154
-2002075375
-1206745789
-290092578
-889398081
-2145780906
-2074947960
125774175
-348194144
1539617705
-1609973966
1575412477
-106716246
-1284516468
-643429072
-1380328271
580276967
441268403
2063541591
-75230319
244481003
-170653210
-1679381388
-856929963
-430160892
339500587
405306788
849528343
-1469113680
-1937877981
-1487160862
1960047193
-2562738
-2066257996
2147269856
1654394188
217035288
2011093992
1852902171
2030666575
1421551185
-1923326188
152276265
-1827690315
-473293894
430067004
-310858667
-509354805
-541056694
1985950901
-838917011
375085336
2137903901
821068044
-1296326951
58732774
386022828
645558310
-1424332049
1324893441
1947385917
598193576
1467213702
163655614
-1088806243
792031384
277180873
678456638
82235917
-510240956
-7738036
-1705557005
628849017
1262632290
-2117453468
2027827555
1583638767
-1930078088
-1758517326
-408690900
-541622194
-1418402178
-1847343103
1814553671
-1407479491
2040863425
-1901060783
-242624880
2022665311
-99191543
-2019454925
1315532933
-679998012
49211134
-971525545
-260255922
-419390302
-1904907321
-1683937437
-2025976580
609104452
768407027
863880965
-446579947
1186241602
-455747684
-296203189
1541144912
-281506319
201001161
-1877268943
290612380
209646877
287502356
-370590341
439646823
-1995414027
1515295116
24953797
-1466561509
-590163386
-1929099300
-1061462056
-1551274260
-1978990612
-483562580
1164987198
1818301392
1029337732
1949863238
521286936
-383020081
-28984218
-1008327555
1619263022
-147997572
-1776653614
-61351223
-216227257
-766353214
2093678952
-761998410
808706746
1874850275
1506457821
-1218472065
1681294916
775955646
-1856375573
128812022
-1960951268
119940944
-1202739831
-89528410
-1353277372
-903599492
-528808100
-47371462
-891717854
508118030
-243501204
-1775063776
-1545419185
2121067773
346770971
1264464745
-1270543187
803053552
965342546
-498329614
-379294786
192699395
-223826436
-915041592
-1267717068
-1547235382
602585271
203736776
198670275
-370134891
-366422584
2123003014
1366252606
-2126380555
-1268297648
1942058864
-1987220511
-957329025
394594493
1571451186
2142998251
-1922848049
-1985203582
-531871909
-1025582480
1094010831
-232474358
-1106487489
1173651564
-1010613959
263421929
1239122975
-1188745957
-1615281319
-760155564
-559709305
-1172281977
1063144215
1270126035
-99480585
-4801695
-1488834764
324703284
-1433024059
-322770412
-1710622252
-1635553085
-818201023
517943575
1749112380
-876782409
1649798425
-949649534
-2130471205
-846602514
2143583231
-301054748
-626452594
287949532
-1016813432
1030421330
-1116602337
-1111194943
-701089705
397852355
1639721742
861905178
-956676230
1867023771
938095764
-1888639655
956691
244829829
-570559004
-1526485033
370855482
-1988241531
-1907822413
876599561
874489634
963293772
-944148742
509202418
-539577734
971426254
-1418503430
762997720
659754773
-13718254
-389016704
269362490
-725998644
-1891617976
1892728938
-636376576
16085411
-1416803040
-1329403031
-1424555788
-1465064406
-134604968
-376479481
-1598754704
-1041546203
-669973865
-903373333
-1711694759
-1564168082
-558816135
-1341764516
1284804427
1550926106
606602730
-1929669117
117154581
1892432091
334070455
633753076
655457383
206203044
-1959948702
629618415
-1307865654
-1434408558
-840633803
-550770206
-1279207985
-646082294
-1795991399
-876404558
-1469461365
784843550
-2001847897
730097978
2003645506
-1845197004
-226132737
863077523
-1487093407
-882867479
2041832665
-216533355
-570438223
-250691790
-702376359
1901955486
1383697097
1842371524
-1685302490
1017825937
645621701
481924278
2057451580
-294469343
759930420
1921973859
-1883433471
-1941477297
930290262
492837781
-607930986
-1516328143
-1218104698
-2051886625
-1247830160
-178001420
1638326773
1944354889
-1776339162
-709997789
555907736
-291554254
-558022517
716463400
1638924899
2123692146
1119035903
-2070295533
-827740233
242834110
-96700414
238825370
1692875032
-292666544
1732759049
-1376766624
1173482530
1331743431
-365326187
1148234617
1894694845
700299851
1109625984
-1168822483
869979535
-1062018572
1998884761
360612860
1351229106
400879980
1288240755
-364718366
-341895258
584562386
-25267334
2013557212
330157961
-2092898335
1320794950
-1300126806
590065285
861657425
193970739
2027216853
1139847049
-407451523
1048004400
-1526179085
-1239023302
-1604805819
-2114820137
1401988905
701055532
1168652853
-63153730
1698043120
-391459764
678226150
1661527308
2016205852
-499072095
1339113636
656962638
1385713946
-99623885
315142480
-2135110261
1773513337
-1878652086
366062728
-354957163
162470571
-684550181
1494015748
-1591830878
-622837237
-1509278145
524557378
-1465815270
-1772012254
1662868262
-1828593563
-1346325071
-1388457179
621892042
-981169062
-856298056
940738754
470655335
-228147140
-1696067920
-2145281253
-1461690903
