-746052424
-883739939
647875331
-607166019
1313937471
-692974511
-722400189
-306381789
-384772802
-1166383440
-787237513
-1091842037
-647786111
-1312071927
2124108303
405598961
1163353300
299179529
1064032788
-1594143363
-533014327
665267819
-1859208817
-469919461
-1137104712
1290356399
-282564053
976364235
813063686
837450249
-1180990695
-1366071499
-456137558
1102972060
225600307
1365367807
77116397
1021060839
114743651
-936347037
-253671568
-751778689
-504271034
597090043
1968678003
1055439358
880818699
776278751
-255070381
-253092293
-1685105247
-530427407
1210733908
99803834
-1600426479
1457611382
277040801
-350451866
-620168409
1711952361
-1631093616
-1187326595
-463400360
1914874635
-1704155095
-76098101
829354719
-702908098
260416744
-572099046
1181200424
-2018136813
-1792074814
-403402264
-1426612622
1880012321
-87063963
594825818
44524975
-1077385704
-1580678460
-814343823
1757732526
1561489685
-2044832046
-593269637
-1290133893
-133882057
1467669645
-2092265013
1048531973
-1123155087
-2127796675
1352258987
-101032959
2121321377
-1151399171
1276488337
1122578190
1383890401
-1638827142
-11265903
-320696806
1833350941
-1716019462
-1682231277
1154126083
-1614561562
-751076192
-1951960123
-1504773247
-1406434172
2001532141
-113611310
534346818
638114129
1802833802
1012982867
-784057770
206666820
-1989549756
1721983238
-8432435
-1162163508
1382829654
-313851843
-115591010
1315449566
-1555485458
-1668302056
-1214385974
-1773305263
1592495082
-668688138
-440675136
577851241
1342579170
-1177963480
2109094147
-740346192
-164222870
-724410905
1387464201
1523915276
1617045400
1896525192
1997691238
-1765667570
825980355
-1890265363
-569797335
-1655719289
200372110
1375446078
-1026195066
-266072223
-896422876
-1186083111
565863604
-711835989
1702932932
-2048822394
-518834920
-330337547
-2144670081
1813911023
-1994438237
-1901018915
1254488384
1000269646
-1706021769
-465752343
1073110797
-941210520
-1714457648
565700248
665747595
167157433
-720452319
1299440307
1793016775
1525957872
364013181
1493413608
-572809677
-1036599651
424215096
-949154664
-1243858194
73903912
-1840676658
-1053716241
-517947065
-2001177596
-604365566
318410805
-1258258557
-736693723
-546171318
1640491619
571768286
-1948432721
253338986
-177828615
-389988913
-520139025
-568191138
15515150
-1341740656
1567898510
-592825732
-968391512
971044829
784966403
903956954
1724236365
334333947
-978270391
-440556820
-1941777959
749926907
-2110913838
-1375661710
1314635666
1176241983
-501378886
-661590640
439840377
-1196892355
1933583424
-841693122
-753189150
-925692797
-2043346063
-1289649694
-1819604409
-1654905350
602839333
-848517318
860653656
-503328658
512340527
-1847707521
462647637
1116066893
-1069622833
-829079865
-1323503200
649677742
-894924437
2085999530
961954445
-1399444331
1427119998
-870482136
890469501
-1957776523
-48311856
1006964681
-1508313558
-740396555
-1720774937
-1415229178
369804611
-218561034
-1269955907
-341425177
-763677637
-1199653675
-37473614
1685503469
336216413
-897472787
1240949955
-1750822351
1796569891
-511058081
-1285077508
1009494220
613993928
-1854927852
-357989333
-90920839
-1965681124
-1844356605
1717653206
-1339943303
677547414
1435531695
24736622
450171062
378954671
-485793805
308775107
-1056897493
55318637
216387329
1202838971
1354240386
-224236483
491056039
-1286004930
-70264322
-649266939
1784177364
-1285428876
114892443
1613547642
584180571
-1865828302
-899526798
1672182702
1102311414
854977201
1484773730
-706160660
1940737420
-1956458880
1260062701
1802751175
-809070154
-12327493
-1942838945
340084592
1568380287
572906621
776380724
2000971592
1135792235
1354097042
1255847099
184608694
849403834
-589736335
-577675786
-1547054279
-1228489235
1870400104
1578885316
1662243776
-115511671
1747612953
-2141626815
1870902329
1483350554
1777378340
-1295924627
623306599
-572385670
-145895387
1172269067
-72538120
-202000557
932695264
1449432779
34833878
-577846559
1848166587
-1130872918
-446532419
512063228
-1301999764
698850201
941993997
2144143957
1850590194
-467627940
1667106784
1259861503
-1691302456
179503029
-317035681
918082353
-1605028520
362112193
-974732207
-1148399286
-779662419
1305174944
437549044
-267843564
2052946285
-732745893
-808869616
-984339892
37486853
1948838402
-738109624
-1444258719
1404796965
391996181
-1602709582
685847420
1399463023
862967845
-802643286
1774067904
-853129366
-1578067015
279503587
1261554898
-3322436
174900853
-2116046402
-953210981
1944528280
-1878960520
1946848478
-117624756
1721512053
-772382458
328962300
1515108770
232317952
1370045031
-1410118153
-77877653
-800158126
-216614898
-891598802
-1079272888
725592421
-289083140
1477884690
771324595
200896964
769532006
463761654
-1852498877
1925428353
-1841000811
-1146764248
-148469714
338364524
646030349
-846455483
-1443084784
-1692866943
183536369
-1636859191
-95062550
493901218
1084687013
428215781
1017448044
756882821
631589300
182278293
-1646556298
-873548561
-1426046476
-1795933967
-577144612
-126394590
-2092485912
1256480194
-2063350423
-793039725
-543633819
330342488
1410415142
-1677602081
-755934345
-280617063
1875309019
-623276032
1198926724
1745582173
775867606
-1568109381
656457138
-38097159
163241194
-1693617572
577647750
217554457
1723141562
2074552229
1927152077
-1679950125
302681399
-1796806397
1314188478
1407147512
274118758
131018755
438818400
-1376087380
-292974490
-1699406333
182706217
-1529116104
-368968783
-2050925012
-417343257
-368345826
741627810
491303583
1643975651
-1119428243
-278258122
1862508782
-1547956669
-795890089
-1481661418
-340790835
1848346288
-1645755136
2026975956
941488136
234810168
-704081256
412681077
-1705585992
1401110900
120209323
1066655023
-123199823
-621286163
-918683465
-2101715853
-1942697154
1631778747
-148612098
-1447483860
-1234041328
51298671
732002461
-1603105975
-2081262990
2094610482
-1705063714
318267513
1850810305
-1604648915
-1033195063
-1310388683
-1238306021
-1456526036
-2053383680
1709645059
-61048746
1040872061
541555148
1019396599
-1856156108
928705822
-602490254
1010904957
-1264475692
-1776817130
1220076235
817737302
-759599766
-266642653
989140755
-377699616
-727945678
1624552340
-680017408
-1795562855
193267105
1337956216
-538641642
1193049573
-184845859
134642424
1199210041
1527603727
1819298159
-1067712511
-2044655485
-697190515
1249609271
-979638235
242626136
878780551
-2000524384
-1737572157
-497746250
-809452646
-740056045
-197546652
1123354577
1325731544
-975310416
-2041187224
2065469662
49880851
-1972621765
505557473
1817976111
-1354156197
1460459092
-80128834
-652833665
41166020
1226478571
-1522939349
-310743921
1940777580
-121734159
441023288
-1362735119
-328519237
1725690707
-1255571272
863714851
-1325597972
430010147
-1418284693
-1514303266
1276662220
-295140328
-1897763233
1951781552
-1130493246
-1019021000
-1828630126
-204967224
-139277298
-163982893
587440860
1360290320
-1418205355
1595835059
1501935371
-1206522495
-2068199588
-635582832
1592040783
562850225
-2081360364
1749468617
1650835160
1704362928
-398524714
-13597359
-2042211139
140659477
568373486
890425575
-2001610721
755714387
488867421
1514607753
1911345294
796015184
327430874
1199102250
-51141462
1853831736
913874714
672454818
-1851567859
-1242006387
-959982511
-33497883
1752967528
-1222319998
410426359
630578807
510461932
-351078775
913823695
309925407
-1927835926
-1244509398
784061988
512226778
-1810243
1752566550
-416668075
248921362
-767004185
-577416068
-624578156
-688088049
-2046109319
-2106668646
1811094506
-1008100691
1936507832
588920982
30781821
743290447
1057712893
1267494029
-617126891
-657003757
1282292444
1591639020
364158172
-922805177
-558792312
462104575
-1808996763
-1116467174
-1797237898
1667899847
805679855
-296291690
1670808895
576342031
1977402089
-1526950963
867033034
-1006030143
1545334713
-1514744494
1682436778
290955125
817389240
-1312621845
-1212667708
-1648389302
-142385023
587190916
-1259863244
1310344697
-1408008085
633988965
1812569712
1903241766
632326227
1082864807
1678435758
1936107257
-1860862818
1064241892
1887312003
1131960045
-1350052739
-998105811
1674741452
505798631
-319589773
1687284032
973252305
-1037780854
1269768468
-1902252294
311093670
628780745
-2071619570
1642097418
1607397844
702301117
953896301
-459568921
1011421241
1716269240
-477522150
-818724861
624569132
-86464103
1200349348
-756330432
491680740
1004908641
1780742466
488903075
-1039299046
1505431046
-320422376
-26735801
1664290283
-1736653689
-1686985543
1799849363
91648003
560991808
-1129977364
1394510767
689434616
1908440703
-1203607373
162861107
-1845894925
1109268310
-1270260344
-1284495071
1902406805
-557422414
1094293993
1942394645
-1693721577
102239404
369028119
706350010
-1378889805
-705620706
1409924889
-1522932864
-1087633342
990789241
770848519
686507659
2092541734
-223740970
-142979708
-434248466
1403652201
184004682
1089909387
221495832
-518874330
201894269
1381922159
-1925856370
963861543
-2056409219
264092188
2050356954
-531114289
-1363067441
2043149986
-1011105086
478990394
2004072903
-838159116
421885885
-1604124510
-1108067815
-83282708
145617826
-770081020
887468975
697780881
-176403294
-720321790
-1749442628
-2041060196
219068280
1662083338
1678143248
10069817
-72278818
-1946164040
461463214
656631562
-2050813374
873033081
-1326939749
-1273048976
395848121
720040304
-643623944
1198505740
-1158099660
-1532015972
-1951700141
-1767175805
251205873
-1017220551
-2068375495
1405601153
-264345293
1943703143
-1178137329
-741193728
2082705204
-1261586935
1989336609
899179978
1001840986
794136303
-1881182469
1371191356
999070377
-196597193
-1140678409
34007628
101924217
-121650448
517658391
2042319308
918482280
928072447
-1550163180
731142383
943453329
-215240122
2083794870
-1987544052
-1238898691
-1382222846
1027095654
1025499042
248782681
-1084590476
-1832665599
178307739
1250653161
-340608829
-1861093138
-1525002028
-1493140804
-2034840800
-1770510222
1374394845
-299323871
649669931
-1771567294
1610395645
-1692648871
930197140
1253690713
1975268216
886661517
-403950075
456636172
1632882195
1900391170
-1100836289
-932026022
-55942441
1102467466
-327173757
-544815224
1928525333
820815165
1032657714
1441992173
-1544318550
-1073064855
-51320905
539117066
-501241468
801951686
2020504228
808609757
5620836
1285438958
621286171
-1377125258
-1161270043
167621131
-244046225
-635611702
1754705596
-1817732655
-603121398
2013769670
-2129091520
-1006463313
2118031760
-1544302937
-1926703060
-421251520
1525701188
547122824
1375436708
1225014791
1787888810
-1578362820
1554042997
917274203
-1804975250
-858247331
325056417
-761372512
-1676605820
915819941
1491891225
671524023
22242703
-495222916
-447751732
1256915383
-1959279481
-1430637103
1300119776
2030345692
-1179181419
-835911380
1428940094
1689620927
1343658817
162097668
1792981588
66513607
560124366
1060600397
-325126379
-117448481
1943101156
-1639986091
676716100
2034119529
-990662545
2123051728
-1776662798
876798321
-1309660217
-99856847
-258037435
1455796517
-492498415
-1474518214
-118705286
1091910277
1458226916
1700529878
-1965642964
-1150260906
-2141102802
-1761971418
1598496469
1763813979
1938787929
-199124519
1696312213
1946367943
-556302423
1169475520
-255861966
412563693
-1356334617
1089662368
1653169760
106277177
-1885931709
1039131210
203892545
-880985501
477932406
-57200151
-1836505042
-1898732064
1920231975
1933315738
1405008567
-1349181028
404426639
366949954
1134949096
-73798682
1689833311
-1903369830
-1893309746
-1330371924
-528577056
985796750
945164857
-1883809305
2061313884
1089062855
-561008958
-1195465384
1258244540
-654830714
1617770511
-1604515468
869581938
-1389239373
-620057515
665814940
-1297583464
-1852959435
1579710750
755448208
858268505
1510816900
670938187
-346738651
5776527
1210779003
1241932124
1256786230
-1251847251
1717910642
-1441118481
699298008
1976228063
-1811819380
-1663231866
1529151953
546500719
-335642804
274790541
605108553
-1217108374
1571400046
-471820646
-1432587839
-924407677
-1794248460
-1677300234
-729474747
1799918134
-497653634
-427104165
1767872221
1066948400
1793276894
474704127
-906259640
-1529532435
707496428
848856017
-553084692
1220324515
-855472234
-476453631
-212844793
1095750238
1017331770
-1769296698
1619743787
-492149140
1363642167
326714203
1547353064
1215892474
54783681
-278795959
-750521398
-1610541058
116119540
-47478804
1520202629
1635204952
-669126613
-763197905
2018401390
-208633037
931835794
2097522073
1305750573
1829437361
852208890
150285197
1383098033
-207454009
1249630956
651483853
-587109533
1623130468
-1007812096
-2055896769
-1205802594
-2006353704
-534770578
-773644812
-1805539235
-1862952332
-1805715739
2063655781
-1972005579
-275420307
-1812432229
-1821599233
-583971194
-1309289723
1788134565
2111252193
419536109
-44988180
363056776
2123905763
-1900376068
-94763550
-839963633
622816730
-235982291
-1993581919
1914331742
-1857730023
-1032058862
-75362054
2095651911
2007174203
-1126314287
61635390
2009321435
222305056
680603088
-152365601
275294532
-1974436812
-967880789
1200873301
423612114
498059255
-725182866
-1316042171
-744009133
460874424
279830272
1477684704
-1812175962
282000803
1610876893
145512585
-1922262894
-1577671682
-1758155001
-479024966
-386703917
-1639851857
1156995902
-711143384
345302390
1002014721
-297434002
266872100
-416733594
-1432694361
-1843187864
9774659
253673797
593030912
-1812655916
1319998529
-1597579648
-1193231972
1724935014
-59259358
674781597
-659581442
316153168
-1350001767
-1528181290
-1020803421
862556407
1209512365
1594316779
-190289085
-1873050391
1968160154
-1048436428
-2087735210
1632427789
-74501643
-853211147
-1263406375
2133917467
2049675794
1641740533
1329126481
-651541426
-628353111
1762184785
-1500923121
-174409128
1217826487
-677001331
-2063426890
-631365226
-558658655
-707072277
-2125340422
-1767913851
-1403166817
-39649280
975467178
-1192108941
-1350602921
1198105475
623027439
343101305
-450768952
-1404955544
1056210645
1663844776
121064809
-566590932
-292942069
295217025
-1843248751
1775420530
-831727130
47953834
-1763255783
-1527630897
128689067
-1920065057
-448284865
-1725842463
994188045
-1446756058
-1787558963
-2054391130
619849716
420003142
-1447269511
714768650
-1248009601
-1143255175
-935947377
572426433
663057996
-989159840
814545357
2101916503
-725060106
-1254398666
2108906893
2048763524
1945527007
526277192
1142298409
-1370318396
-395809490
-50755420
-1520631398
-1436276441
1741860891
-1774120688
-650061214
247923045
889679465
-1320778178
-377734228
-479282891
1024660276
1279612989
1406112944
-656905250
672201452
-1132068047
1923204188
-427038451
-694859615
-1128729274
-650298832
-2032169495
1065896832
239427553
-968638103
-134735003
1695824029
-1877514216
1542543969
1606360532
-636601102
-2042860956
73975349
958380482
-1873794137
-1487714923
-1094014808
-444403200
1678265491
-87957243
-1568512954
-880690432
-732360958
-1275043312
-1354623796
-732663965
1593484472
-950156093
-1546040378
-236160560
254593334
-1431778350
-1700236422
1226721287
-1872283333
2070117327
976026628
-1559307467
-820273523
-69823079
1900066498
2021230985
1036252152
-1816280047
-1419181071
-1516780282
-828070505
-946048748
-1070025064
398326683
-1151733423
-1504283228
1402065572
1532879984
784092070
782702952
163744084
995085954
-1138766677
147068246
-1672800297
-699808655
1823402322
2065796526
684747826
-159082088
-1058997009
-953731287
-845564825
-1359203234
-988715273
452336498
-63620141
2058987979
-1119600374
-1285443371
-1379714345
1516961374
-1317932750
1278622005
-1960084294
-864706532
-1987896211
1880202307
7143374
1760423404
1924840808
-340578067
1401222096
1722769442
-1809523
-1644549613
391953044
779495000
645455423
219257472
2013581025
1301565060
-1253320604
-1111210985
-780356199
-789984953
-1183242205
-488528308
329669917
594009987
342939374
-348061738
-1761243409
-1629622993
644687298
75904930
215111576
-883526291
1133384109
1385685258
468682955
-567745572
-745923439
1324666694
1640282570
123047723
-1533256154
587918370
-200447480
-150548242
-1907089084
1956136433
228928015
1198212788
-261451422
-835024703
1316155043
-37056424
-1727579047
-807381297
1410593319
-1846075497
-450597778
-1777126339
-2146908096
575991011
2035326606
860355074
1999472567
97920374
1092262107
-959511519
1601187491
2043422377
-1136007833
1088196381
-1706646329
-126068091
1256043838
2109012139
-694681544
-330446438
-1343721558
1250940841
-639438781
459109903
2013163953
-2004869298
2024108685
-845884422
642957794
-606158429
1873294970
1698624241
-603669424
-1130855118
1561481938
-858903327
-1278346529
-728301060
256913826
-1253216739
-378536514
545782191
-81602976
1964337850
2083870771
1808105240
-2015698350
1192187161
-1227725411
1700045014
1125448495
1834215876
-1859269961
-1994945712
444823557
395240574
1784235801
2024494568
-1129613218
58471060
377985796
-1573326992
-415643234
1297446521
-1504410274
1812192732
83246767
1415295121
-562029061
-1325873863
1151491551
-1911414452
-779153379
-2010584611
-1619359480
-1904428937
-204113602
-432070176
-673250320
-301619762
-561352692
667806154
-1323533069
1674763989
-1814136908
1964871821
-962462753
-829575705
-990944413
-551768395
-445883618
-1154769265
1863872009
813980893
1817030426
-1838589162
952470111
-1989878427
1899577308
396185436
-1562562773
-1117344415
-1859979018
-2020530965
1262756802
290926804
-544509021
-110203832
-1020063538
-900239843
1086324524
-943978612
-1991386799
729189552
409488268
-1322309068
2011758569
350817033
57776726
434897460
-605447083
-978788386
-620652074
-1157669295
-1536121545
73005716
1813597815
278652336
-414543333
-1575889165
-1221415324
-1120226135
-836200009
1213732892
-1565928592
-1184337184
-449245068
1856069305
1819076410
-1291503978
2030611245
971296375
-780391028
877578556
-1136075
-1375734095
1987432707
-1603133111
2128752798
-1281093011
570381813
1910121804
45566904
-238890101
2056837006
1799294020
-106533160
-1239405253
1132753724
685436719
-840341670
957469103
976127564
408772576
895814888
1942771473
1294574037
-847177451
1543975419
-1037486153
-1449436972
-1144775736
1123326113
1339040149
707087512
-185348667
1310388097
1080117491
-853009568
-582750852
813112092
-236604833
-1510730430
432041752
-442478763
866494435
123067213
-229140784
-1590903502
-791360133
-1674883854
649782396
177002724
294029505
-1768986721
-768957334
2051439620
2085924842
-973996884
-2027341454
2085185567
189641717
442130810
-1236241337
-1632965260
2120137248
492994009
-1135309809
-1800488453
2143377566
443145386
1877314614
1071584425
-482612601
-715742523
-1579594881
341248242
-1837191408
-1271623652
-166379429
512050831
1456941051
1918922528
-1689205122
1205254529
-166302896
-974088605
1480436142
824450645
1293835341
-1477353346
-550630947
1974343336
-1319829606
672579124
1798040698
-1943567891
-629383488
988956375
-202895613
-318366099
-1956598052
-925930774
1042992862
307082895
-1196052849
1364045063
1036728937
1032478297
-711495880
-957676285
-2116182193
1760724278
1941044581
1143918927
755771933
418504697
2102828166
-62391648
-1876858092
-404066527
-520320541
1089940946
888525888
520693086
-1424590129
-1043836919
-1318157111
-1059065260
-737850851
-1020489447
911013256
1565472158
-1216116525
423149607
-1854645539
1717886484
2020402717
937543312
1883426751
-1686652591
-360734076
-741642999
-1846960621
1328133999
-622493089
-379859194
1553020993
-1503385836
1261761417
-1106763680
-808798203
-1911738958
-260941228
-1477072591
345634434
-1419378679
-1012614724
1414798338
1015058844
1542823664
-619697441
-2088457688
-22842746
1574706261
-44312660
91454058
564767129
-1666798462
1108372699
1321166311
-1953713305
293406625
-1472776420
-1834606794
-1015055600
-1677402238
1404133266
-1805047858
-1097683501
736128410
1331821442
-1354614872
-1693305880
-1116119730
1824318279
474217251
302047884
1343854193
2079818889
-1678882010
-824919204
-1687704565
1916281774
470500235
216485094
1869935452
-1477230449
467459003
624101500
552044320
-1603399057
-1225202283
-2026921652
2058009363
1868058408
-861170029
-1439905619
2083832759
-237063770
2090270511
715905979
-954689964
-2135231591
-1681386365
-1506912731
1686586687
1205677670
769667119
955784772
1540643935
160814942
-830723458
1369570928
306512364
770100017
770732747
-11935857
1118429050
-1105912668
-737949151
-437020434
1958745909
1744607873
-1446476767
-1434031789
-1453995666
658587855
-481398232
1241541970
-1527583146
2072643907
-1327113040
1597679327
395282440
-1783378186
944647926
-1657968092
1357672652
161626455
783366365
-1840364651
1052002713
-230694302
-1628034286
1369287488
-539079461
547236881
-217730704
-1601431191
-266008201
-1455916781
-599076956
1531138133
1526680075
-1570390853
-1101896684
-1940263066
-1750487942
406754875
1881502972
918856551
-1145852505
2079157009
-1810322470
-1707505623
795553151
968963264
479044364
812617550
464367421
-1313671741
1825106358
1038942308
56023529
-996603458
-1714822679
1622500917
1744305441
876791030
-1103110911
1800961372
-1040409061
-1721100541
-527820211
1223227419
-1541648151
118498499
946244597
-411358356
1228562943
582290834
2110621208
-667354795
2128090098
-2094379081
-2118730700
-1491497856
1430680962
1069711392
1986408651
-434063094
-166652966
1721256274
-1247413438
-1577904485
-1192555243
1842472346
1513883659
-590796874
201082628
-261781368
-449235194
-1029889455
235195950
641100701
1236368420
1662266792
464036119
-2136378813
-532486579
-1000527539
-577344571
-750020355
-640962429
1397510531
794818431
320054238
470663495
-509848371
386093783
1366016063
-167756741
817016513
-678431253
1908870571
-1569322488
785275937
1313040103
-1403895266
415922817
-1687864277
1697456845
764271983
-1833736952
1592111919
-1591619976
-1399611383
1986685744
-145268126
381809629
1068513505
-480951900
2007959794
1406717844
-736797021
-9493690
-1739136422
-1147407722
-1191720914
-1020013925
-1381100042
765246536
-1682982845
1928252773
1247218649
-1932988232
145363064
760714897
945142494
1575481125
526589810
311310931
-92519427
2144750788
897818194
35221647
1890938591
999937985
-372534929
-323354246
-1700668493
595871363
-637665210
1040011393
-168427966
2134578996
985381038
464728425
374617665
719283072
-731213489
-1257673801
-465594139
-1309102948
-131473580
-900624303
1434009533
661775241
1655444319
261883236
1675833531
1797796249
1943581117
1235053704
-702467181
-1753266894
-795272742
-1543387358
-136239032
-1637407023
1399181559
77790474
1547285250
1501289041
-145669095
776907116
-64532187
-1398321043
866661700
-1440656909
-1826804832
-902665085
-1961932823
1446734883
-1256179070
582623898
327704732
1979110662
1111002578
1330246054
-1673409527
1762238218
728616863
271400458
767320360
510482985
-482258091
-736276387
-1074457937
-1414514102
-806795694
-1450574736
-1408130104
-1949843481
-38414920
-887671664
181892100
802342639
-1925030524
2034896135
-1976658290
716382188
-1465781025
-1711016983
1768073379
608507752
2111302580
-1156374260
284564289
1551732621
-119403134
-200572329
-420223970
807243787
-173818510
-1660180417
-1896429093
1110732862
-279035989
-2008713585
618446713
-2053636210
-246168603
190487911
1435501324
-502509543
-1342700228
-1743184250
-1716063315
4917135
1156223814
1512334027
-1917398348
1890867806
1730418791
2094769144
814015527
-797829874
360788323
-1701400903
713335404
1517770733
1231727156
-530693916
-2039940794
-347215634
1124348957
-1479178238
452574206
-2108932146
-2058884866
1885242382
1425918688
-1226985353
1745235946
14373500
-543319063
255350697
-718874890
554345852
-1902568771
762490327
-16681389
1419635583
-739830818
178578510
-1670352737
-1492391174
1359191835
65040540
228795511
1040897641
-829014715
76180015
535372624
-1379328874
443522345
860593723
1878622599
229407002
929708985
-325878303
1993774005
1926433060
-1682418804
-1512486259
2124393800
-1492490120
1406979976
1368990879
1202173006
-609412421
439629020
-1413423027
1413521044
1746322669
1473099828
1125827783
1075391471
-815531211
-1834749400
1283627419
1745580505
-918903068
-1169692940
580101722
2114980927
-1717286733
-1240967826
2118420604
-1947007080
-455894193
1774879028
-858782848
-878389191
1631803927
1751706660
-879218857
-1630342425
1563701284
-1094733040
-1516001022
-1508320595
1215042441
-1596620366
-164976263
1809037296
679055579
1980453341
983836366
-2068853568
-1595815181
1764518389
-1289657454
1101552240
-1580715278
-1864675679
1674088567
-1180185496
-1156891515
1131387838
-1272617930
-981517256
-540962199
-1306265450
51432883
-1798724879
985108273
1773312849
-832625570
1723878320
-1203438009
1970409387
-963216677
608918394
-1999673040
887829735
920975332
-1577942449
164459795
1174185731
-1700177554
234826105
-312208261
1982793516
2052982282
-228412636
-620850853
1881200499
-874950514
-2146918605
432976722
-1255678527
198955508
-345659056
-1590524368
-2102312440
856685953
630338629
1859224761
365484987
86790953
1934595722
-2028262488
-1732025729
672912433
1631394846
384645366
512652834
-114909674
-2089102951
-590865573
-807095860
1632554925
-867865470
559699477
-1210892685
-2035016565
569894110
-224142105
31561876
1494397606
513053704
644263012
-2080146145
-1315416516
-2101285689
-2126896531
-729271886
1284823027
826024093
-1577133321
532257802
-466007743
1602897501
1742279953
1427168437
1760269069
-1038952960
500950053
-267558644
-471182698
-1635086921
-60837507
-1609129888
1180115091
-59894717
2021708297
-459278221
-277109092
1372843140
1590375518
-1974903510
1669342920
-1875800496
316959490
-97595521
-1240442474
-233260922
1129682662
-649867332
-321534448
1303335010
1923806771
1505181413
-763561939
2029347345
1849105225
1596941173
-1100138121
-770566520
-215740413
-1485503155
-38752275
-1474710896
-1403197120
924833001
956630825
-850660571
1937673887
1950716372
954927045
1542150913
1822866057
1934664798
890093819
-809286286
-1931184525
-885383541
-960485237
1098633844
1031640932
-911321011
416961761
1530396667
-1083113803
-2073912586
-399657610
-1460960113
1523950359
777359335
-648417930
664485662
825402842
1562076813
-113101662
1989431309
686618732
-688790130
1996317303
701706127
246109727
-714613954
-1223096432
1721062714
-262564306
-718888617
1521105224
-274381609
1484823041
2032379881
791475107
-275114887
1882741679
1365982095
-790809235
1363197904
-296886075
-1961559325
373504675
318168254
-477162171
1929752371
-1017218798
1310950699
-221588751
-14058380
191972158
1366592021
-416048951
755801206
-1138150012
676545514
968341201
1348999513
-1711353470
-848980967
1170862614
2073770815
778628022
1982131174
1279386867
107060546
-1557737627
1541303421
262905744
396434856
-55690051
-267619254
-1261286229
-1389748907
922264893
-399823481
-1932927334
1257751168
901597780
892269078
-1351087984
-1708838231
-908320184
366778512
-2032334818
1504180170
194488153
-1632567651
274793213
388957388
578417958
2131125381
577961226
-393671364
446945358
2130406919
772975249
1961632830
1376433241
1166597225
-38886707
-459024703
823419865
-680503856
-514541905
340407540
-2024900916
-276836911
-1815449634
-1308393737
-386895036
-1538628793
956300287
-1367643946
-1834025911
-1338980506
-189790154
-740415054
-1855978754
1537245712
1411600619
32950848
-2142345727
1343399783
-1204360752
-750819721
371041047
566743714
-248479197
-1840818555
-1023115511
-540509660
-1260639952
-459377918
-835729464
-2104626998
-1524410599
1471408231
160208087
1126803588
1778728409
-1341502015
1565239785
872778279
1507108486
319419041
-43655223
1790015104
1042276054
-1428842410
495171449
-2065742677
-1494517021
2031422045
-651658338
-1024470619
-1456410830
-1528018408
-651979749
-1651968736
-719436047
-1869790786
-95358982
-86675562
614759040
-2026032493
-153376365
-1467144799
-541709774
1820742232
1355040999
-1024115576
1097908563
-1008645117
-1667348404
1273818140
-1803139731
-458647629
-728842417
-1860888123
-1780591161
-1544888867
-1211082795
-1704062761
113844014
197450187
-123801213
-995627990
1283934199
1913024327
1269798751
-921205528
-443148221
-327686253
1736420279
-1039467864
-27303292
2086111643
-519016895
-2108282692
-354357184
-2096430739
894582915
-1147102010
701986581
188435176
1960135797
-1518083439
-2076878340
45618099
411791715
-383633123
158186193
-1243953039
-859727080
-1630862085
178298898
871416114
691332920
-557607973
-1002622234
-256425684
-1400226579
1218446691
1534810465
543899050
481639110
-1895731903
-211930874
1301946435
-12214565
1967882883
1745169805
1358952527
-228553420
1127575589
1059708901
-1483550825
-1415751573
-734094613
1577363835
-1734207925
-1957449585
-2142670735
1739775932
1626102328
1935891531
-466906240
1608328153
-956515015
-1235492794
1579415970
1678045897
-331030802
-244533043
136105463
1590473107
-1535169108
-823326289
1369976137
1677572557
355521203
-2100041624
-1560015010
-1908135329
1222749606
745055361
-899485298
1758494860
-535555273
-1425755594
1383863956
327892275
879575841
1161239384
1312780200
-662234543
1679477083
1278450293
-21593396
153261257
-1819263350
-1753889739
-287514010
-384709017
-1250157642
-534584570
2060454414
-1449784286
-1148611264
523987195
224375977
-4696927
-781143789
-1219027983
-570097738
2041639680
1043663898
1622499315
1658318823
704504275
-2138635535
656229343
-1820316941
-1773772182
-364760610
-761318327
748092074
-1521859498
1329561602
2030336158
1539173705
-570449620
-1402983989
-1009328500
755934991
48894088
270171820
1621964705
532527376
-1948084140
-1926740464
-1391489742
-351039160
-700981942
-712900725
-1223676290
-2089035790
-75343946
-154045870
1038417170
983354906
50368640
-180797459
1017027438
-1704099471
-1140086167
83258922
1523671528
-1554323104
-1300972652
1916542036
769539536
-33996449
-878724280
-537339995
-1345855788
-1430244218
-1388771340
490226424
-2006788442
-886722973
-793851534
214631874
1903529691
1616143630
1499968400
-687196605
-129550058
-1174900613
1799679179
690664183
1701518693
-865238257
-476766883
-1545068717
-2004358422
-1774217355
1148906105
-1013549139
1336995517
178792369
707355092
-1457229701
1524716817
-557891212
1451039079
-578284353
1921505429
-356971598
-626981005
-1028499518
-569146340
889033073
64640709
767397375
-480744833
-344857116
-796476613
416678242
867006657
-1792608840
-116585850
1738216626
370329204
1158912428
775429424
27961930
-1195243428
46448231
2138061792
-1544568305
645990737
-2126006907
-674784035
-2056748387
-282571415
1950352370
-585976368
-2035867197
357450581
-799325829
-259168819
261382193
1462347787
1282071970
-1726334061
-466514833
1690566821
-460005967
-1137091565
847462673
599740041
-1635129327
11062574
2024624680
1065378249
-1648348965
-864540477
-438592005
364998091
-828892241
343276520
-1172654857
-1717124052
944285380
-1266854282
1409191139
883546593
-591465664
462311115
-299584681
-1957889377
75333322
-1811644982
495104878
-1915990404
-801316260
1944762150
1934140090
2032604630
-472307107
-1415872032
-181728904
-1658437773
1127488494
-573434611
-1670997500
2125708521
-345638013
-733487908
-1711051889
-2060961472
102475958
1798753239
-1794855922
-211085867
-1818614953
618200169
-2138243723
-988098175
785173959
1887594144
-2083589596
-760070663
-817561466
1199156786
-282829663
-1342101641
-1402551543
1350651077
-2011273592
1150636698
1013431760
38968426
-318004545
-2145717110
-1501382216
-1050638742
1049661165
-2088105633
1662206093
1045420613
650262572
-2056770366
-2089667869
888115447
804910844
-507717419
-1616550107
1734049917
-711690629
-1747964080
1853990382
1654145942
-314737966
-1096109844
-419457129
1503615438
-879944974
-1479637245
-1669761264
-1916877897
-1580048000
-737590408
210804211
798990201
3311885
46611156
1507278294
125536653
-1778169974
1598020785
-1823745312
759219653
1572461818
-1570460070
595155870
-1763609457
1898961257
1391643571
1541915159
-1274390407
429510172
-1465839018
-1481186787
-415109128
194731529
-362587393
-1275221787
-1522997404
-1767415415
-60988119
-1826764326
-668915898
1183977803
-1364829960
1659167917
-697236778
-1440322420
-727186599
2035382448
-1899214146
-1326494076
1005793383
1382234468
1176848420
544728867
-485177328
-3958704
1975772135
-1253143811
-611479304
1519163412
-1929282009
-1991242111
-1211581027
-1388233540
-362006005
-1368317839
1426827195
-1989399207
-1578319427
-1499572339
-333750800
1720605390
901105337
-2052921455
804972451
-128925721
1718927943
1418801506
-1695587550
-1383493969
-1867531707
1848091267
-47881718
-506044670
-1716253142
1683986381
-1339742229
764555872
1647743047
-402966689
620343083
889676036
-1073385650
-1362987566
-1563912150
-47528908
-1758415848
1936636593
651650727
1395569114
1175869346
-1773676504
1071427937
1108450644
-217369256
1181501946
725755905
-13274745
-1507172970
1290399672
1172738871
-1840646086
2053672043
-479480273
1228747554
-962207072
-1633564513
1939072034
-1281744908
-2117122250
-1506578697
-1453195720
-447639339
1437444303
-1726665290
360609335
-699781880
1240259308
-511200153
1396021618
520145740
951670609
966269913
-1802603904
1459504004
1551096020
-249345429
-461270482
1470510745
-2021437577
-1376462711
-685837386
-1085280097
38371769
1196505462
-1330548688
2080950582
-693113047
-1124914101
-354323128
829531698
-637024197
-209667777
12579632
-534805378
-1773072546
-973324505
1539159512
1493248829
682243917
-788900544
1528995164
717909297
-1259679067
-642939604
-1327797826
-326656928
1937844407
-731569862
-1733554732
92410868
-137116769
-735266070
-583025277
1908997218
-941274219
-603062865
-1066456275
37727695
-83213438
-363925002
-190273432
1497715886
1785035478
857926759
468524527
1881128109
869877912
1793371498
546311901
-275946031
1684595646
206861548
337124119
-1518254113
-1561957186
-1916989854
-1535068918
357361662
-1937802140
-1802561267
787807894
-1666997095
461589477
171053184
-1138294455
690772874
853199413
-490808993
-186272305
-1643852172
660353685
-682633624
1086820009
283928943
-1867974545
-170997321
-1679394275
436359146
-1763828635
-404158907
1325764461
-648227891
1984708263
643216817
373807947
-1048659234
-1074920828
-316000702
-1725759605
-149883291
2041091907
-307702484
-1984980454
1670230289
1170962995
712927506
-1390106834
-873212132
318883329
-1473146676
1114264255
342391982
104375113
769038953
964947253
-1206008194
-1406947730
89871991
-296224926
-1473431361
1900111534
-811181183
1180203441
-1500671943
-1563493776
728268248
1241324191
-1708488267
574358752
908558230
1814276203
-1196999779
-1532751683
838155488
1904413193
263841252
165475441
-1212753814
1286064987
1838832675
-1744413855
2048109631
-1229932382
-1008046588
-629665658
1616642754
-176865998
1695674851
2058477116
-1758209041
874936677
1333679537
-1328998566
-1899085082
1595360209
-1496327652
1006443906
-263587926
1432783293
1862065132
618494137
-1786220251
-284507440
722849712
-1644080071
-52135057
846490635
-1629826151
133788805
-1933707697
-1108820488
972946341
-1776092482
103053313
-317386205
-1543783425
361924917
-1975330759
1718528969
438637989
2058657088
-1614157976
888788943
1561160011
-960941487
1152964157
1296996341
1900549247
-2001862076
-1580854930
-1218425525
-2021638899
1217132279
-1080846921
-1527704093
-1414041948
-240017121
1191575586
-2047815225
-115478856
1334691929
-37364087
-342686931
-1178473814
-1344640897
979829849
1877343721
763421734
586788925
-517347432
1164515874
1954086861
-770976541
-955823576
-540615096
-319940077
-999436420
1291236172
-541895611
91276905
-792832226
358907243
255720946
1079221405
-1987597181
1507097620
2095717580
-1084393343
-1065219368
1526365762
1238843622
-596799541
-699674155
-362663712
1701794593
-273644997
-458113779
643048846
-2035380581
-1403795453
-395133818
926810533
997006693
1402413666
974144140
2109741432
-665236360
703722129
-856352063
-102564899
-1681093912
83663587
239738489
1528541675
294955097
-1054061017
-1435411900
-1242712316
158205618
-428740272
-1634371381
728100117
-2071809263
-1867320489
-2075883809
1083838748
1527618046
-820166816
82470095
1561097194
-243250462
2042998043
2070968569
244054826
-948109639
-99445907
1888319395
-1272664415
-1847732730
-1771413170
1537823755
3495350
-1222802937
-2034736908
-1008292164
268626229
-1442525910
-606598863
-198945502
1567284559
-1262242113
706314521
920561248
-1981708315
903091694
-451397145
1426190689
1895442181
862910442
-1958296800
-1975771091
1485458356
289221990
-1608434440
-1955773315
-1118655251
1635695432
657067253
-1380198000
-1322014999
1986798236
-571819822
-540356801
328460961
-313543734
40700837
2010952271
-234610287
-905682677
-1807816381
-359627258
-292386371
1919599641
-497716253
865739520
-1091711496
1966885669
-162895871
228667202
1403428451
1102037262
1069077124
1435435919
1574161716
-52321073
1730970914
21303802
592769976
1512440888
-1452675837
-1623547460
-1960057958
-1685008928
-1341509724
756675655
874866789
-1285763495
-708726274
1415718810
881728838
1688784037
-781881882
1989437911
-902276330
1837464041
891664822
-339193326
48530072
1556490336
1035691565
132936299
-26401026
380730770
1907250835
-776636578
1647107250
63869892
1235941152
1401907289
1881911378
-136429902
-363973218
1745477006
-1057060357
-2083035269
606462029
1097940746
757268681
1203287004
-501379322
1825857798
373711518
393276576
-1217496414
81203581
311358499
876795735
-827660644
1437035262
1474997516
1092646725
1776550132
-1837825854
198636703
-272307811
-361538474
-81381375
1900618358
487805167
-740333445
268001920
2056767363
1354007518
-219902769
629436014
1958806356
1834251029
639813972
-547405967
-999659113
528185978
-1014365755
670172410
935017440
987556
714954494
430055904
2063203242
-532115573
1380463258
-1104316116
1155700891
-1230506626
2139482334
1705849906
-751124724
-1034685095
1791431893
-860465696
343804616
-1011374346
-351399237
429895514
684990994
1631690979
1768832158
2035943877
-954270484
-1389402027
1815072066
2109774178
454024342
814443613
546606405
1326779871
857061205
1060307033
-78139773
-642001943
1759517813
-1138947668
80050619
-981312507
-245508977
-479112015
-1007832462
-1375569248
298762767
1686881516
-1220684521
-1856817820
