1940300350
-1461109705
1114181266
860333933
761466224
-564101573
1240849485
-56020883
-194865389
-686667937
-2101681049
-720836939
-556932117
1189590090
1921048455
-989758934
1230548688
-925022568
-363760652
2089533800
-1061655592
2051584821
-402684073
741319230
1329559988
-1266892306
1346136260
-143225508
883918170
1779634757
960960250
-111312566
-1973681180
424466820
-1689049366
-856700772
-471865672
-1032262124
832114293
-384637085
456650216
559854606
1842993018
572484582
1212497114
-1600995566
607944463
-2056677742
1842484523
1184054615
386630925
-308802258
-747840560
-1277722621
-1656918062
30805330
-502543234
1071592637
471550017
1624363545
-609353909
1057170559
268718605
172957973
39101589
1955761072
-1971420105
1780560515
-218522846
-102408335
-1061714476
-455186241
-1143552888
1421677622
-309185773
1423149818
-861684785
-892159591
295235198
1541633833
1906692692
-16089238
837632640
-665092288
1640527600
-1414399990
-1848535257
-1500256865
-1296929960
-1917867015
-118357975
1521953996
-1775342650
-740306260
-1487050964
-327012765
-796644135
1027818659
-546269631
-981848758
969462713
1835203259
1913185969
271931176
-1828959106
1637592768
40671228
270887191
-449109295
-1322618554
-1850535138
605776791
-878526252
-972273480
-1655202284
-1917404730
-637519809
1129328049
-834321507
1281411021
-1723860533
-1482950518
-179113147
513432733
-1055449390
228201523
1007885726
-680119589
-1027266249
-250672570
-448114480
-1553451752
-581476989
-1548534695
1536465236
105892165
-1362814128
-1042391405
1190767356
1880547173
147773417
1909950337
-542370250
1420212100
587177778
-1837766358
623906192
177115879
-1630847291
-1813280928
971669375
281527428
633438046
2035580760
467765339
851825844
1181814904
943371389
-930905939
-1179079642
286984759
770111104
-1965413459
231864855
1812081032
-564792141
-2048669179
-373405249
640625286
1731760791
1210324187
1351973646
422962463
-1748209229
1713071374
-1970433384
-1256386569
500352167
1332906686
1911952588
-951792244
-1380401281
579737874
-1347329940
1011247002
157694284
-2078004684
1069857848
-1215701825
-1285795087
278650784
-1158738964
-1208736670
1813460794
-72473954
-1396613011
1507544273
457394226
-1003263732
1572067134
-1180969047
-561558091
1854046817
1365540152
1241315450
-643139261
-1417629458
-1579865990
-1001940566
1492538135
1573098341
-463962723
2010008473
2082595959
-2060868961
1663931436
-639467002
655668045
878069657
-489886125
538297264
1671783159
-1899311681
-1964984363
460042304
-849277350
707114349
-1139965885
1443627110
2074455869
-1918489934
-330308502
-598612927
673916627
-123100074
386325261
549891
-574899303
1605758750
-620128045
-1887852844
899031138
-2147342003
866336642
1408320503
1325422767
-1751813522
1883098221
-2102394325
221515332
1413108560
-47646165
307341651
1765944311
-1041096110
-41875063
1938541144
-2129342006
-897325088
503621057
-113860274
-1886128580
1467385661
1508399083
-1493207595
-983414564
-2038550654
1219050931
708189633
-2098386402
174151910
-1916274869
1394443773
1155779697
-1210461634
-193986397
-1992202836
-1999187312
322609863
-526456361
-657358960
2047016728
820757539
10625769
1814369711
-1688286886
1549334689
1945718447
-2121305293
1026288498
1057046977
186011918
1289269393
113982872
-265766154
1699974248
859575790
2057466549
-1249452883
-888405421
-1828732995
784894521
-630756466
-397915254
-758158932
-1423504597
-313223167
1814993704
-214006848
-234136447
-1060826637
-376225518
-596380226
-1140535631
-1850665767
-1192599627
1430533325
1218521735
-744640524
-1833776911
237277016
1281546552
-186790185
-562219436
-1414737095
1181284792
1539098150
1966231690
-536169965
1190328136
1312712863
-1200801260
-1424193538
-1603373742
375187550
1005031736
-333485975
-396909448
-1267922852
-598794952
-667511492
824268010
-992648648
2142018246
1422967869
870013431
-573717447
302406582
-162408780
-1130163482
-777524333
-1000296971
-1330780336
-1319949050
-1301078295
2145992121
2064437835
1671754500
-1327469293
-1304828166
-10773555
273071484
-2107272160
-1787647456
1294162061
-930064175
-1376201570
1454487549
-1303151426
-172526527
1134572824
-1435776772
-1087916760
-403476941
766704095
-1751764070
-500191596
-887025197
-1823189747
1538749974
1761701740
174856672
110793415
168437604
1602561955
-561148732
1447445953
-366378138
1028889298
59459044
1998665734
243140189
1821280419
-2066333639
-1135270919
1125370781
-97732750
644511263
1820752278
1777050496
-1825995472
946629229
461353981
-445442916
-559799669
-168972603
1107166001
-1814119368
954784843
-532481236
-1896329700
-1981431301
1631131391
-1679054116
-607792938
-1743498522
1228726488
-2085375400
-2028348634
1322669955
2101296596
-1615437119
102658888
-1178936994
-1946906082
-1317433752
2135941360
763612084
259313332
700310179
1280795791
-40031382
77153354
-921007388
-549216556
-1479431616
-1532346258
1598517511
274820213
1606572358
90626284
660254442
-1528808914
-234223986
255035763
108201282
-2020010743
-1068744158
1994557303
-275616852
-721421600
1459306040
307425369
-1341583870
1706766112
-2103509340
861025733
-855487760
-657156145
941329293
1962765404
432703430
1798661839
1897601891
999710866
-1870795377
-564358301
-694392816
-677734952
1497195361
-1069225998
-1225481363
-114781188
547318
175613963
93830903
-1163778352
-1540408197
43324073
-1460602175
-1220512758
-2026136920
-882096969
12644268
1043925866
963141648
793788373
-1525315370
-77507294
-1198150471
-487581348
-431775664
1160774257
21570287
534025631
-2003750125
1808950416
-1190871468
-821709964
-1111859149
-804925998
-78936004
595520498
443197268
-2134679290
-1068712649
289483387
-1989731747
-1764822241
1923299310
1564328188
1354593900
1394598678
-769641166
1950735475
-1709746167
589630479
1098237266
-270647887
-2054160739
2052273594
-1257865556
-678479263
1096700708
-310401284
526730630
-1337636280
-2020858335
276741837
-177652450
970368205
151967954
1268299619
359085567
151433916
-232462939
-1562052720
1952656789
-1297590202
-903939094
1337890408
-1239305469
-150185140
1609736905
176878886
-1691728588
-872846884
1482659701
322278223
-1488388560
-1958771461
-649045343
-414023401
-852549712
886100900
-72244941
1208685572
1572295923
694559248
1485020215
-1106329135
474725842
374706488
-1700574187
1492927892
-1422321902
-794412392
1543066374
-2007665886
-1818520583
1825819700
1302264516
-799908686
-498647773
375480543
1180787072
-619794752
-1495865195
-1500833606
219546137
953574963
-517333230
542782971
-1145894006
-1492826943
1967882925
1918353903
1347500963
775858066
1262389919
-682230207
1097085179
-50748381
-1731418022
411641468
-1110349788
-591949971
-1806226979
-1079228979
660428832
754537285
708078922
-260627187
-2123800044
-1050003963
1198799285
1635161343
645171259
251459692
2119192894
-2052548395
2004623389
404909506
525045857
-296602375
813233151
1091498559
-548196724
-946018807
537429917
74867629
475722737
-555351006
-1525058538
-1384349620
807827613
797611616
929894183
789696501
-1048657719
-1768007003
2117063067
-1177322623
-130758032
530908570
-435343102
1107736171
88530977
-1202651405
221962400
363765427
-813185771
-541385226
-1287475800
1766176517
1401163396
-1162139075
-1827575126
1049779994
-2074919373
-2092882758
-884695479
-1096815010
801600081
2014027003
1377298736
1952208083
-1673019772
-1256745298
-1293002939
1391748660
-1496415683
-404044953
-1165815777
134689629
88494163
-576645983
932190902
1483412969
-1038795825
-273487358
-143579047
-1530572259
-498098683
1475960803
1144232676
-874548476
-1643599389
952795663
1927559729
1907606746
1657299085
1935632073
1224625358
-572747347
-1735148760
1230140947
-572061712
-1331166143
2070748661
-836476627
211520168
1171051828
1258317986
-1348825508
-379135916
-858118558
697251804
800193772
316180055
-1673580406
-1486410712
-317856394
596381964
-1569872079
-1569371661
1736022630
1054608375
-748423482
-1624848665
-242651977
1553703229
639287558
1912133759
-555837184
-89910186
-417121375
756963293
1682866356
-1918157824
2054837533
347819738
2087564197
-122476682
-395394054
2074329695
-1409053238
2058511073
-290036713
193744370
787705153
-1743286514
-1716418988
594568339
-1552628586
818036834
1486952055
-1092924727
-146567867
238442762
-327238829
771628535
755424893
275665526
-1166781146
-900825869
-1883001818
-1123800569
-756908477
-1693538856
1661858341
1269818630
716960240
1910054171
-519385122
-2020220968
16121233
-1504235044
-142977030
-1647420305
-2094243835
317387646
1260918890
-1976368124
1838758735
-276140935
1905106602
-1961471998
1902640249
1569928814
1801616458
1448349253
-1686872652
-197477509
1552519081
-1519815549
586475204
45136080
1854117123
-1237944566
-173895782
5166722
646661038
703682219
-337286846
1300850847
805272480
116431350
-710381313
-687690367
1661224756
-880876122
-168496717
-798810777
1586214189
1798269023
446175108
-609312959
1619250938
-1537159786
1008441788
-453527862
-1627967685
1946676175
-1820025103
1859059676
-2050884476
431661582
-723894427
1121880831
777342048
1619433607
-509130321
-1996099774
-1239469417
-240723817
-742314598
1464149326
-724696909
-1075417097
-522702516
1527873463
302610881
-55733458
-655141718
1519473813
312802900
362410823
389842683
-554685357
-1007029042
2052733636
-1146613045
1506183622
1363800546
428860882
659317777
-743596159
788292948
-805705283
-1695708012
-1966569882
-1971073277
1381883813
-1047385463
-1835939456
-1074610136
1070376562
103650689
1272273680
1208560864
305836037
499479937
-1985198363
-687418905
238251439
-583587726
533771760
370651813
1391628262
-1792828997
-319416553
-1157893265
-375059147
-36802516
-767917751
-2082696186
-2009127820
-1842891235
1552130770
1280495202
2037632569
-754622506
-1360342545
-1799348811
1127043470
-1409002447
-746515803
980496810
-1364332573
1625217918
1659708878
367415789
1819991110
1853921446
821228915
-784337425
-777850416
1962832018
-1391136159
-1552509718
-283779742
18547661
276117238
301003299
1305980561
996580967
2116387643
1232890222
-416807970
-1701592548
1987208759
-1377894409
-311212502
-1803047242
-1985533822
-1804387010
-849893528
1883278511
143477784
-1497755549
-1938892652
807476762
-1849445009
-1781578333
-1591170333
-1697900094
674681290
-881766366
1259475003
-1632136045
-373010737
-652907542
-928567580
1011031352
1252669271
93150259
-293176192
1101098501
-1005942395
-2041296412
918950968
227596567
1456052761
1860994649
1837874232
1072419514
-509683451
-149932441
1830506076
1540177418
-1500198079
1947412892
-1634306005
1822056412
581848539
-755736117
417596931
1744739294
-2026604975
-612233529
-1679544938
1493393404
1217504290
1641742957
1585089428
238084613
-1210869854
1724178663
-1186084695
-1538616434
-214457842
553554223
1638406570
-1828425706
1958822623
-433409582
-689762550
-147027606
-2062760350
-781838858
1014785938
2031515211
294959496
73043614
1922619985
34375501
565855994
635339819
1637157840
1239737857
38654320
-1019861979
445915786
1068958294
1834377027
-283957445
1509863066
1343222331
2024516416
-1615039608
-925116234
956999561
182447806
613883671
-367391653
1528504352
1748220146
-1763797335
1081839945
2140795983
438265729
1911680181
-332478414
-955259015
-660401066
-780626769
-1151271250
-1625858316
507972789
-16707955
-1701441935
748938036
-339466864
-1847572858
394148798
-773976280
-940801767
54570268
-1767438562
1355059683
-522020456
431770460
955967053
1537812095
372614525
1405966180
-1261496203
615163454
-1386764103
-1558901466
-2038560354
196843761
609404744
-2077175958
2038430051
-371791971
1994960146
869389593
1004198121
-1912957606
-1046470925
1649141431
1037931533
-677731714
1509034264
118747185
-827704868
-524517893
-1542938996
-1913689384
643151943
-233985787
1788370450
-2078153811
-946135273
2068738295
-1652289484
-1393155618
1888198174
479454071
-847637860
1054126480
1115927215
1869766871
-1094024031
1156699871
557922383
-732663618
429599012
1236872482
-1099083605
374848775
-1164504675
-1816299917
-970434867
1766086376
-226138512
911695726
110449034
-1479497130
773054597
-662291657
-758802113
-22625368
-287913961
2085747649
-1025727300
1892010874
-1404465973
1595796046
449786239
371514580
1824017155
-1538268111
-1327482076
1009424778
-1951673740
1202200539
263288348
-354475803
-352910859
2145500692
-1714142819
-403420030
2115865754
1962191752
-1306311463
1813665658
-625378303
-338323836
-604230799
232084419
-318372885
1142488322
-1678494420
963252693
-1559528691
380278498
-1004958493
499080848
-330199768
-1340432262
561945280
-1669678244
-1128662441
152488272
49005991
1181611153
1484224423
1287441189
1298618355
517814809
1647936748
986770742
1107983205
242982484
1558137810
331544509
1687519320
74850107
1284561970
1376803773
983884857
-1899782713
826235302
1480233727
-1282684105
-1519229037
1535241823
-931857321
-1209016010
-720226624
1439602485
1402845227
-1584540152
1558432792
-731177729
340347189
-1639126818
342198133
-144453852
-1461650041
1765488380
-2090425757
412799858
558916559
1735639468
-297733884
1843142445
-373403428
1636458356
-1217180364
1359965547
1485977952
-2094461814
1322586092
-127744353
-1563499529
1968000647
-2026029845
-1830982286
852997992
-1286889637
201213074
-193706791
-1287247575
1118442369
1782677519
1823867747
1439240232
-918376590
-1252275266
-843659310
-1117790264
1597055070
-622402613
-1555569939
-2015359191
571919385
-905877733
-838735212
1288908972
1752919123
1255253100
527723028
1537244597
-574641908
-695888454
-969948228
-388179277
-595958202
-1630753308
-1231874128
1321768797
359708923
-730964849
1100039164
-1481478339
803452753
-647336886
-2109910548
1047236209
1139709963
-2109825293
-1759517542
24157872
1013110083
-1648415656
-228819769
2099781771
-1439218090
1369835296
-1262049810
-1864985355
-344300258
1037503468
-1586208618
-1930609915
-1173933466
-141197640
-228827672
677406201
-163615334
449411719
946069632
2046734205
1996821438
-1606797505
-1826007417
580028973
-1386718815
915163601
1544945921
422312024
1319015761
1193362076
-569230237
478702343
-1455407
-102216173
-1260568984
-143979203
501207049
-1174029412
-574464732
1511522175
1666923517
1529974459
-1670171816
-1656141930
-70281919
1527479919
-345033208
-350455661
-786598996
-995817764
-455700661
-454797550
-434468532
-848793303
537875041
1236925891
-891500903
1401812395
2004966666
-2057484762
-1659433492
1438538818
-1457620459
-1850967659
952707633
1268039427
1102158134
-1560834425
-747897637
-576236777
-951504868
-1594657262
14554904
-472294430
-4319037
659963313
1424241222
943107175
-291929850
1785530695
1767127972
-440706326
-21905545
-511104669
-281483444
2070973142
419373427
-2093887035
-1280901536
-277778207
-660142480
-237226975
-1227039613
16381293
-582165352
2076443426
-522727285
-1898800847
-2053254501
-778395215
-1189981068
-427589608
1174753984
-429686154
987320471
-755841432
-674915522
1530428318
1272307226
-1263500249
-1265563703
68752095
306986154
1702175417
-1619664786
-1819015751
-211292313
696051917
1454883235
-229993987
452474144
-1229594502
1078915482
-1723776366
1149194176
23296932
-713607467
-622181258
-190165241
1244502692
1983710206
185698307
1097749116
13031720
-309261064
429077107
-1184663903
-1162853034
1717016881
1799955366
1875173736
1834935607
-1821759687
-2145086430
-587161114
-1603686830
-589875816
-2127229094
1262049093
-1649618025
487933147
-441561550
1170658047
481922431
-962894096
2131932610
-907924919
1119338608
-1365053517
-222265766
1216146124
1917920613
-1980032312
-1099184443
1560962714
-1768695602
-837764438
-1368385582
503139167
-1170967628
-539409148
969415695
959117526
-1468656864
-1787703233
-1482518569
2070497919
2021716413
859297372
-2062045809
-1227700082
-1789495364
1932185858
-1234003412
828929062
-1910774537
1522729690
-302606857
1300734663
-1704789671
-916782566
968881556
438148355
-961921156
-1257318304
-1798494400
15332471
-1799037549
114084800
1698449497
683394297
208933001
1300309280
-946991325
396711182
-1334135446
84379586
-1400435512
551864734
504726786
-1256083934
-1588294752
-1695031062
-1102518845
-1872977919
-1742041677
1463543997
2082437099
-1479887423
-152785029
1826251745
-419250203
654579
1502343917
-539618604
654938864
1802752558
-465586502
-1173138500
950938110
-1379154910
1126194641
-1166930537
-1340604706
345052140
-474059992
750688950
-666642532
-310942038
-495381060
-543005077
303473703
2143321170
862165206
-1961610751
2030965300
-562430017
-638008177
-1923926804
-1056179357
-566246388
1901630101
1568115777
417862047
307495717
-1069300946
-732582553
1648717257
669282714
-993671556
-837169137
-421534568
-1939063882
1002272259
870024033
-1470151238
-1567604784
-1669766552
867754615
-1476597441
282335712
1218754939
51125262
-517329097
-195308459
151914615
-1606073990
-466823783
282546724
413228679
-2078437158
-577746842
-487471580
-58485876
1534635661
-1550233587
-982463592
1121236765
-1080327708
-35929583
-137104371
1165749199
1755818264
-1964501016
822009446
197079733
-1312442242
1459687462
-1098568907
-259134678
374847736
-1289241126
-758062517
1686964941
-416245329
399419960
919674257
-698330675
493127934
-1335169929
-798487271
-509870234
1628530865
-1893442564
1655482479
-2122397014
79548782
-665567048
965058869
1347167108
2095077747
1989420493
-1939313938
1125842937
1443369601
1356407
-715101159
-999441999
-1506118889
1863232809
-13652862
1110163382
-1364582685
-1751216906
-1734634285
-304209798
-852671883
-277005006
1896715121
-1935921122
-535726539
1041168217
2094578309
1193660145
-162112361
1063999278
1257417560
-1233316810
557281164
-1450177241
-201366813
908681513
-1115639493
2049037064
1349827494
1600790596
-894356496
53839565
-1701594952
-2009090882
1319742804
13995980
-431821281
177561171
903121118
-1516899813
498506337
-885058230
748170633
885765166
1535657306
304784052
515599047
-2094892347
-2102855600
-447514383
393167029
-862617852
666264388
587010168
1479571343
1467957987
518816650
-173028138
-1998144923
-1715099704
57843611
-1716474378
-1211225842
761154417
-1722045398
-127118941
-2028759715
515985175
547319412
1322387787
-539304045
-1331761968
1037234140
-534509562
32122387
-426868940
-1967384906
-611455787
-206848932
984866627
-968525726
-668783314
-1964761806
717372550
-434849635
620438456
1385712670
-2054040717
2102856211
708364114
-109815271
-168810987
1501340727
136859225
751370627
2007538412
1205158487
-746765782
2050133338
-1690458607
1804402666
1432340197
610959271
-1985421155
-1280694740
731913076
-1712805061
234533451
27377388
-447506997
890221723
-585600676
-1541275484
579772272
418131512
1583488186
2081351626
1998812734
-900938781
955716704
-1801547419
-2138720923
-1234359937
1659073528
541600482
846129844
1171570935
-940182587
-1273918681
1155578906
-1364907150
1603826627
-1628124952
484794729
883177925
-1576823540
1289249338
-1204324771
1510993961
1338508668
-1993750171
-1895405347
436375853
-517054056
97741565
110954368
924312557
1335414955
-180059853
-1207700398
107227524
1075822385
-1965930392
1058144215
-1428130370
-2041226375
1763666179
-1929858993
662134546
112310405
330279555
1702590779
-250070577
-605832396
1553679319
333735711
501633684
1465988514
313941228
-592362614
100457476
-1236085553
1287034248
-685738669
748127162
-962673538
204055894
-831184604
-788864389
-157340321
1689086273
1916685884
1148664746
-2092961425
973795844
1600459632
2039693312
1846626975
937125890
-1786638222
-2028746885
1033056179
678877266
1832564565
-1687112041
265790317
-463847650
-1855247792
429294267
1759007210
-399285459
1307161025
30870006
884875339
999708349
2013073013
149139946
1763676822
-834031211
-2039534554
-1378483704
1629826014
995350619
632944708
-1897190147
-1110365022
-121314014
-1201381128
770325867
530207603
920520007
276938853
1081334236
1063224280
-101687171
363214896
-1191848973
-1397459083
-1923424987
-1899577022
-1981024540
350608745
481252834
-2119961652
297453861
1662356472
-1350757268
1707789195
1762145637
481667178
-1379424859
673639500
-213823811
280226098
-2079434007
-774493518
-2143575004
554980945
-1757803351
-1180345033
-1445734616
-1597166596
-267652550
-409290384
2018666971
1487651708
1677828842
-1385021036
-2021984246
-802904491
1682936916
573900350
599347125
1617899434
1943316981
-497270671
371399866
-210804769
-671176194
763201501
-29615150
318162559
-1077892245
-1232230048
1154877633
839886432
-2076585644
-2137267762
1933884361
1603516421
297527170
935297269
1353853535
-108908989
180794436
688797915
-874168543
-1986076378
-91876477
1561435465
-712393466
-669072620
1856909076
982947724
-986275370
113509427
577923149
1410978426
1163115485
1611565064
1795737306
-1262460237
-1764333861
-1991536288
-889913135
-889442520
14197822
765053043
1098084354
1391451617
-1601371502
-1583022267
2014152852
-912373510
1866795064
-1372628913
249996493
-1473396754
224859477
-927747233
-1041679824
474454295
-1114902259
-809007941
317311948
471914357
2043377137
-1834976628
1079389650
-1975457618
1640174005
1384420474
442297961
-622346411
290982950
1076990355
1524758462
323276142
434293082
280156272
1817362270
-1916493007
-1466991832
-487899750
-1984063801
919811598
-527174182
864701481
750055739
-1093856271
228695073
-830802770
1019261655
-658897209
1039504969
-179059118
632085732
504359999
718850221
539956799
791030637
-1369127468
1837383020
1137948990
1309308945
2061714699
-1669991076
-1149422688
1742468634
1086674937
227365950
1344045922
807640013
676100616
184917043
953739403
-2021634813
1994902777
1876438126
-617984039
-1981441288
-1347142100
-227051733
-362986596
1315319138
1300446239
779018976
-655718688
471017669
693682228
2105739953
1208663761
1983587845
-669405002
1521553960
-711930277
-1545040068
1311760157
-1004339164
-878983152
338195917
-394713455
2014991634
1666947663
1738552761
1529573036
187781211
-2110662239
-1182172623
-1045457276
2003212573
-1188410010
-1819183253
705793000
-1704051172
1616716464
1922133433
197399272
301875450
-1803097746
-488388138
2019230106
1568415910
-1287602228
-1820690813
-708381669
953423634
1678069722
-1274006702
818527444
-879100376
-539655317
-31980352
-737471234
-987820034
-1189473729
-1230302839
-1331080857
-2128153017
-7516572
719749432
815406965
1016716556
46846680
-718262275
1844153963
-1925677924
-807864205
-906867774
875948267
1177702081
-1663421181
-624218497
395518651
-1261608140
-665663304
1093667277
-965157173
1599244114
1364286914
-1705625671
1176392054
-731400946
-1584431560
-1491057445
1139245832
2100165929
-2071395269
151586726
367244928
404185249
1423435867
433608960
1896151190
-2000925338
1712591417
-728612332
-1852630274
-113266093
592252780
2076881767
1639751662
256630363
-1423059800
2039814441
-1488168482
-794714365
1631120669
-1326948147
78824334
349590031
-1987199972
-993704997
2130596941
1383390848
1485681920
1878387716
-1571924873
-1333737283
-473780917
-165985162
1828714046
2040124943
1943383310
-1657959310
126727853
-17697966
-629677682
1926954779
1746225898
1043223273
-1995074012
-326589297
1157143995
23590386
1078286181
275161147
-565010101
-217115462
-1167874943
994742378
-499058388
867703411
-1074933008
-2028481761
9420959
1292904484
-1741354934
-1448688603
660926739
-22916384
-550736266
-1986443164
542977259
-436858566
-274463225
-23315851
-1536953724
-1356690441
1785969378
1383763063
-2001896586
-2072394235
-181362909
1231041315
1893256216
1185533868
1077964865
922234397
1302640457
-1847494398
1253952111
82985357
-1257579923
1265186724
-454971835
-214813458
-331360842
-319278174
-1244840801
1001630501
-297253724
-1156010053
-1042756411
-246749227
918960846
-1183956791
960217291
1243354609
144394466
1709410430
1983036475
-1037573230
-147370519
-504600752
-1409277712
-387610870
-668165937
1113905586
662500932
1540325688
-450486750
-1033636732
-726753683
407482653
-1260075494
-1092766517
1429732900
1989971119
146085593
-681208156
-2017265017
1596625645
-81871118
-1357961355
1256812863
-1883092173
1755563055
1586038630
1156779749
-1841273394
-58893682
962727439
-282089567
-1394945581
-308238451
-1959819662
1443624468
10935340
2083911079
289846827
1484317815
-109466637
-1185866723
1378558950
-2145663996
1952690178
711073529
1609978128
1111496340
-1124281910
-876524721
-703276336
-303444343
-289373852
-1305848890
-134203848
938551533
-199889179
-1238486698
760970167
419399131
1771177205
-690238382
-749931054
215409437
247855266
1180414377
-1839896813
482598166
801538673
-868525976
1719745345
45373922
-255519562
-1981236350
215947216
225133243
-1865047259
1856457683
132808603
-756289634
1469108136
1163099746
1280343504
-1564595923
-873754510
1071282918
-2090890198
-1470765866
916104019
-23089525
-1210898330
-990372043
283730509
358762229
-138490641
-98010953
1867566440
131127684
-1302118181
1346467967
1586814402
907655898
1173648154
580098444
-2013563415
-1985295719
-1358605076
-1316649445
-695106707
1010546545
-1397594221
2113021257
-1448598097
1802108761
-117771958
-710451460
-654512641
1910386715
-1488712331
-642598396
983403750
409349142
50334745
1113012348
-624394049
-2048362689
-920136563
-61204874
-535717492
-1865363352
-1478803599
369774294
1932158470
1742117573
458791903
440470142
-1893999115
-419308629
97178592
450321835
-1916805694
-790900583
1936778273
485488542
-1709291702
1191469436
-2053596442
238659710
138075124
-2127170770
1477562943
-1120280196
1428038661
-363504065
761174392
-1107520712
1135933234
-2134635016
1228407253
-1837560222
13073014
-435778660
-1773763970
-1596863836
1526834981
-1036912143
-1368905800
1670330303
689221441
-1783151362
-1144127146
525597940
-1063660788
1615530517
1071481966
948652708
-1982563362
-2112521197
1650054222
-663215558
-348104
1296418790
2065966768
-434718648
-662162152
98090319
35764013
-894479120
1066528910
-1273315352
-1765212689
235689605
-2007735921
-1603713944
-88138325
1899706993
-376356600
2084068902
1946795213
-623194024
-1174560714
-643489573
1390984692
-1820918915
-1824319436
1478875819
1085180832
227845732
254533333
-696948122
1864690473
-1172910919
-742730573
-2014890486
-696808718
1355792240
91086984
1109755276
-109264930
-56621267
1006250939
3425751
1757947395
615942373
-759753666
-55674860
-1418061667
530305220
199616406
-137047764
-1132841659
585934673
2052176698
308825482
-889561502
-901360433
-1868302815
-189547227
-117247777
-886491418
-159424618
-573338691
-241164002
-256078718
1379714894
1383811428
492024620
-2086102021
-532571461
-663963841
636322357
1844090742
1469709218
-456369011
1176537913
-86514806
-200987669
-1950619671
1683058431
784114726
-784571721
-949821237
1047961418
-1579437135
791240376
1209167188
1974577994
1045719154
1816349116
-1497812918
1187798869
-1982542799
127779209
-1029143712
1480305622
2034575902
1755257328
-872640069
-1711962235
-2012997902
1812999196
-2129848655
-1903804200
-1407690924
1317619498
-10173229
-89853256
657475709
-798681602
68786477
1615728760
1738321694
-929329580
-465527093
2137406722
-1762717568
-2022425323
-119806337
2002182483
-473826835
-1189051413
-901138719
-432458200
2075384398
272866327
1378367639
1245426937
-536653291
444035713
269558486
-197581786
1019616604
-902123248
298134568
1983361648
-1901986738
-1683650244
446120815
-923150934
796999109
-1190652960
-1268525783
-2144214865
1043517493
862870100
-1772052235
-1736145770
-914359097
-1640801093
-1479154859
1955967268
-1556074296
361605528
781834164
-232879999
-711624380
-1282057561
-281815381
-2067637713
1510118638
-1897100566
656184447
-1790715593
-2118795198
-1087333887
484787182
270205348
1987157997
1324077246
1315414314
-645963467
-30413460
237255416
381495589
2114041677
-1087387150
-1927427425
-1931738865
-653582290
1356585870
565385233
-1399041508
-314097818
2115147917
1275679659
-288285302
-513663608
-249731812
2123971745
-431239966
81374495
-1488361678
-1294978798
1733427837
674114272
-1142999892
472492886
293695049
549178654
1986314168
416465050
-1315591475
1715172994
-790157961
1710126255
88106602
-1383112710
-2034220322
-408226018
-1484497693
-983831055
-182045732
-1614471809
-1006115554
-1002691391
-619634495
-384258294
467408683
-2124124059
669384158
-1045342866
-1568551291
-25316493
1041965416
-273070367
-960099176
-1213345464
854971297
-1914700424
1554218883
207759236
-456245959
178556856
468660510
600025784
540628976
-1198227860
259170878
-905733538
1078904192
-1656157256
-243935689
-215285751
-1455771462
1996124014
-505408862
1946578397
2091523311
-970883937
-1220651169
1835708480
-408795247
-1357542283
1131074269
547776209
1060765720
2015216192
-1635723624
-390088552
-944367062
1347026125
192745443
-765683841
-705143307
-1948710658
2040662247
1730627329
4365023
288811415
1890924011
1348999712
793100385
-688437163
1286148821
1118346396
-1651564240
-321035196
-1014164241
1891867489
-1612430179
155455826
2128901358
-2096578496
2134895165
1045273886
336663856
-1504594718
-1289149492
-1469272811
1586497605
-766377735
-2092455602
1196714432
1855552433
1967790007
-5846154
74419030
797838063
-1999026045
2051713100
1138957208
666353335
-416184598
1087473161
1746600158
1317354627
-190104109
1813346373
-383015316
-1010177457
921084406
-1000295597
439703049
167119521
-745850993
621359595
1420498642
1659245768
-1265795250
-1871802102
-47700661
-1290220185
-236061039
2141144597
-56862538
1041228597
1348736724
-2053598396
-1136064089
278336509
77226087
1600577085
680349144
-1360388628
1388936290
648170751
2132385081
-848166645
500797910
-585249535
-703581109
1867928841
-2029917627
-1654855526
202950574
-1230522562
-1839111853
-1245245789
-1295819528
984913132
-2055103556
181743706
503274695
-1704340025
-1117636216
-1461659255
36254233
-1095423306
-641173635
789194471
1870793434
1677133019
-698158123
337395389
-620065346
-705791791
1998096945
-89247796
-1426941615
-1620471244
-153847091
-986162579
626876491
1521015653
1318146292
-1414215686
-61180120
-385016434
-2138620747
-1394404244
652846840
2089983203
-528886826
-1414607291
2112395635
-334670549
1366060552
-675188560
975614544
1749940862
1371770972
-2059969563
399288790
2089796176
-1806885899
-721326126
-2146779982
1007368365
-435145729
-336384777
-1244035829
160081350
-1990127905
2081914769
-87633709
-1197422677
-1111218517
14981370
-427226784
451601497
1424981212
-712410289
-2069299142
-623675401
1592780098
-1290396845
272315702
-790953124
-1117549513
-991347566
-2086737469
-1933525291
-551932905
1524460489
1791661443
1631401252
-981555729
-194987132
252874781
-342029622
2067067252
1949902601
-724564911
1621783944
982685749
1819393908
2065399884
842541091
172437524
-1425340637
1831843645
1015592552
-1578268430
885727059
-516011993
888780143
-23756375
1110486027
-1832280584
-1408623581
1809954879
1431671352
1278491867
-2142787583
-1739355817
1019016217
-1922625334
103238175
-166522134
-1864757283
-1586130586
-1769414545
-2077741513
-1764498295
-1405104374
1525071684
-1309371144
1021559071
1082113309
2134232853
1594795477
1240146428
397430183
-427605375
-1214284771
-1396735871
-1793969626
-727111533
-2141303117
-831457035
-319072862
-180134074
678316614
-1078269270
-2032442369
-1029526965
-100443452
1260123741
2083582609
-1760300535
134584335
1157955298
-967827979
-206704924
-164476431
-1469771776
-1449873122
-1841838911
-1649100979
298995609
1940335022
1071600330
2032153752
1290689806
-2061685370
-593609874
56108422
-660159775
-2110569056
194570411
344581639
1574461083
602337819
-2085416817
1109905012
182903535
-2020250729
-1454801413
1242810117
-62400481
-1464556093
1387864490
1092296327
1343405726
1535207219
-1118326927
818714698
530462710
836143734
-1207809080
-741546657
1749834219
168737895
-1750397560
1901919491
1512476640
336808899
1637242869
1812531285
-1576292742
533716476
-1299885825
-743582385
205069699
1668029772
-904202300
1265501427
1696742416
1143583756
178102105
1745840324
1209492196
1272326469
1997459914
-1781775497
-1217386218
1806004871
-793780386
-852795158
-285028622
625168121
-106324449
1345141077
166523677
-1456029775
150085016
860591038
1582298619
2140418373
-604810528
732715954
249933652
-894424414
153223383
-2067816911
1501059637
-1672637157
-2082185041
-158604823
-728573164
2044719556
1780240046
-1972679001
-1133722569
-315944959
-1096745167
-1322297334
-513295275
-1861281447
-298811405
-87564423
-408278147
938018447
371296655
-1880751786
-1715645898
-1361260045
295855427
551682419
-976015641
-253756683
1272572662
-1515255099
-927279751
-625987846
1997265787
807319126
-1060102854
927673202
1395792663
-1889432192
-1063401212
943336746
630231104
1758526295
-88633955
-1621851938
-287200601
971137383
683907681
1572997394
-1693067656
-387300450
-1526626274
-1623208671
-1535090720
-917389429
974574142
-566893163
149981903
1666171593
1590115883
105863609
299754239
-1168460619
-591276818
-46546323
-1380251596
-6387866
420565785
1564198457
-806192444
-1844550690
-733400345
1353630371
591735897
1399350652
511095969
1901672132
-142944011
-738912075
-378566334
1215087384
-1546621898
-1120685821
-2121399458
-1799105898
194049754
-2126566884
-880479681
841498880
-1106642810
1757923431
1676905296
1328386683
-2032926270
390048939
889456062
1421774946
-1418399160
-342855927
1038470235
1411866454
-2014226562
-560270036
-1180800570
727868057
-2127122625
-1222510658
-1933929783
-1795194724
580948705
1607658269
-2045054207
-1637704490
-1082716557
-1758970034
346988484
764369622
-1436243898
-48551119
1151817022
1418034843
1472650414
256538358
819061213
-1131250141
-459009527
77527503
1249862639
-583919551
524175616
-1261584665
-2112733816
1902183603
1877609740
161678737
772530856
-2132668045
-985306820
-1895788348
-1398348387
-1171832499
-698161868
-164824633
-421861978
-90849359
-734474632
548993576
-1185004583
116702666
-1310371350
303751410
-1558986170
977571022
-178509423
-59791586
512782683
-2026075753
1761947
802445129
-1874292855
-1786532493
-1379074139
-1413366617
1790459687
547412023
1167686456
1241484599
-272157033
2027759514
241659543
1113817912
150261414
522448831
1728045239
551819739
-255061192
-1047451373
1557070222
734912825
-1644840412
1209558873
795301264
-781869690
-180870052
1690021378
-1878157962
-1573870201
169069905
174765505
1404847680
-222284735
397200533
-300386465
-1753592451
-999054862
865619393
-2145513525
1657800138
-2089764796
70197912
-1377873548
-958752873
1884329408
1517605740
-703162661
2050333232
-789392256
1991561664
577940067
1861173499
-590354392
-588402386
2022365035
-935618306
-1858148586
-46364021
1205500062
-1646290268
1890726616
49868104
330733449
-610987072
-1741573154
-313261285
-62557843
1060416978
2005965936
-1672230435
296285526
-2122083192
-297277727
-684881995
-1777692820
1465286790
666764037
-74392202
-1085811320
2073307753
-1856543009
581376837
484763913
-490903031
-499976545
513850239
-1411210776
-1505655298
-751798326
-320526375
1432606474
-179734683
-1257339974
-1550373689
669931477
1108157924
491826505
-1352483038
-221680891
309452778
-260715063
2125395972
12904128
-253652165
-602821322
-1281791242
-791595545
1530825131
215775662
1154366029
-1199448402
-1580224983
1996341793
-660435504
202989166
457022975
956295236
1141723038
-2108264775
360254039
-2026619446
-1166781618
757598127
1910976000
-1524678442
-1845343400
1022276495
-575054990
-267932758
-593743694
1598490512
1377888015
138038180
-1378680642
2109887985
-1151274581
423613291
345568610
-642781873
-707537074
-345957275
1380948856
-2123728586
85083704
1302956908
305556329
918706169
-272219612
-27358016
-1701328876
2119629253
1385469905
735992638
-1903392781
1916706036
-634682179
407340754
-1442026368
1753021342
2987827
711847465
1552165845
-1396785546
1016859272
-1917247573
-1634733934
-1378301742
1037312928
1809012136
1342403586
-1612205557
-395882057
902791632
-1302915456
-723714042
1179522909
-2116019224
-1289512425
-468912365
913440706
-836786245
416047976
791220981
176890931
1267148366
-887986992
-985629375
-2045639196
1832773206
1346901961
69276907
365871087
-885954578
-1065277296
1795742493
412800412
1520125828
1486796808
-1337927350
-1350885149
-1358535660
432232414
-2093493117
-1987336914
-238832487
2093491437
927228425
1200573026
1204977855
-687954974
1973104930
1871823904
776401116
606159907
-1333813712
187312455
-696964831
722382060
1669456638
1188102077
483812364
1846163643
-973113251
379895919
1795211296
-1107410194
-615547665
-1591470187
-1251887912
820194217
944649538
454387002
200696536
1614296573
899152160
-1119403525
-1858325658
1403626566
-101375452
1968049166
2135390999
399619796
108908432
304005254
-2020273203
1605923020
-15363234
-1532517164
-637066784
2073053008
-347317100
260801680
2043443354
-1771299107
1320366812
-936605831
-285912599
1636645621
1099470675
1384113082
-2140189361
-861010947
1015652001
1223946351
-816977380
26789735
32643145
-834249626
954462431
-861415917
-209234111
549489961
-729448422
-843143950
254701508
-114529732
722579508
69325804
-1572340121
1010047138
350094003
1838038787
-988230550
-553424218
495784106
-733119048
-1406671536
1344931799
-1208144785
2064151725
2062545330
405377363
-1240274287
-302064245
986377039
436946504
1542374920
-631969499
-136544666
135064760
-212053074
-1013555235
1831906375
1798111867
-1640187666
-945757114
-1903590617
1918532234
-459974214
1075657739
716177204
-1886614919
-402198078
13222670
-1312200471
1783319621
-2113893150
-1588171564
1366541474
-1736820657
-817556773
-1028327393
1501636466
-608060504
-1315874235
-2000275236
-1856830156
-737841521
-1164183868
-1401447361
2085866464
1915268919
1367815801
368200492
-987865057
1111205068
-126811460
-55603496
935874336
1833365176
-1705797625
576478128
96258476
697074721
623200564
128984697
-35406729
142116790
1213514219
-2047252552
61970873
65344427
-1885176747
929329491
1148299261
1962951169
-986751467
-1591248265
1827007033
-564923126
1185132663
1611204028
-1082854115
207823916
-137304086
1197737351
1171211695
-314003227
-1671172437
-1222679888
628813079
1275070478
2036655811
-1941649052
642622903
-2017455261
966563635
1144840267
-641030786
1599422274
-1396246420
-495628820
1004192126
-202401614
1274909700
899100752
-1649756485
2057717671
-1657033817
1924852453
-874206139
1883367811
-141993141
477130405
-1757986168
200511456
-1736824153
-1891540873
-1301429279
-1414109300
-176242203
-1211842091
-1853732235
-730444844
793818517
-1380843602
38530878
1895156229
918199781
-1646556276
1459115622
1360156975
-1485968113
1624728313
2107714775
-1616000468
1924872466
-945936097
1816357650
1953510368
-266802012
1624225454
375877952
-1341792319
-944794778
-1160363006
1059475590
-1716454759
-622709415
-821063292
136959389
-465629814
-214141552
-759844273
302655649
-1024556206
-1332254681
-1984471785
1699026472
-53428784
920736627
-263592122
-1976019562
-1426489401
973328506
-1879224729
592011438
-1147883808
-1373176155
-1363348537
-872763284
-301485579
-79184205
799927897
-883461357
-1026297972
-1207817999
294000346
2098990977
-1857802079
-1345277273
-234540492
-191690295
1699146664
403945173
-2064916953
-612164349
2104736721
205280799
73540646
-1744527779
-866482035
-1615797755
-210119042
1390509430
354361680
1789937494
664214461
511997419
1917604248
-2116211738
-1521759151
-1582217679
-352997074
1299231614
114853487
-1031209052
1307554988
-257941485
-1739547595
-1426406432
-1051082178
-1832926917
898383890
-2131590321
909004460
1163978460
48665445
-2019782397
1749632663
-867185882
-109347996
1563303878
-208320510
-1053710398
-1133289409
1192229998
-1022070764
1808951883
1965636228
776608116
780255515
-449528835
1507431108
350470087
999580884
1567510699
-1135650953
-2083161890
-390181143
2122690806
-437408484
627508748
752092090
942011323
-624681820
1923414295
2040760160
-1001383219
1078772752
-515980790
1532803310
1668876003
-599102120
1121404490
336436729
1375614676
1463201679
1155486950
1704551002
1892337153
1913552451
162696243
-1246162895
1521049105
-1555182807
1311016088
855721005
1851199459
-388948487
859133094
-2596341
775309248
-2040641897
-1618886037
-855831204
683692240
-1056731789
-529222137
-520820086
197598159
1888421425
897892735
-1195906020
662715648
1616242827
-920530479
678211640
1215124833
-107080842
681860423
-582045079
-1346020577
41557635
-3103984
337597858
71660876
1846189448
-90845172
1041173123
1082613454
1159559807
-1847976730
-1457777190
57050266
-1437693523
-610125465
1421392748
-908307678
1767554054
2096339209
811782388
-1018206452
-2138467377
-1447660341
-1544356501
1490588963
-1423523963
-573204925
-2130040695
-1866728046
1329594109
673660921
778559115
277061199
-579225908
-1936996623
-648238025
889985236
-502344216
342077833
-617105636
262905620
-801705585
-1807192187
-390130146
-844743764
796375911
1225785192
1958129201
1386342745
-485149210
366286085
1416730468
-2097140310
153504499
373462356
-626635231
-1221973258
-1895192371
754613129
1904096435
540499343
1582369067
1390246754
895297799
136738871
-1644738907
1652159680
644231862
-10284078
1108862034
1883114617
1938722114
1573529181
1050995633
225574508
-413101409
1510634782
-2113780532
113048789
547637749
777877021
557575322
-934792991
-2009358684
-798468910
989769125
-424103804
-1378057336
584846879
1322335980
-965575286
791905917
-446244993
-2054820598
-1222385172
-1667393499
569918848
2092642710
1773780324
206572520
1081927022
63167693
-1882023869
-1800268740
189611600
850769262
-288387198
-1726267610
-1042846440
-689458459
-889229802
1432270591
1271517205
957822379
1783728007
214125435
-663194196
1123934700
2126718915
-1669036313
-878820794
1788346473
-1735152593
1626952625
355860876
318081439
-1401382402
-1824459219
-1254697263
862863145
869025222
-1138794858
-1463631664
-1598851230
960946256
197007186
1007494294
-1111457970
-1652884305
1435980665
1445630913
1062516409
810279827
-534453865
-648396310
162581152
-1457174562
-247134543
1718410591
-1476218416
-1541328777
249791878
1811136277
-176009267
1069689694
-543861226
1428071900
-201661964
-1028317695
-994455193
1205694676
-2003068189
1685014221
127686022
1094618399
-1599336424
1404191751
1631430091
-1990587689
-1436066344
-599182373
-518223007
-1465610942
353051985
-420527691
-1496745466
-293303740
-866793214
1551971535
1820933390
-1749578475
562137946
1839256586
-1291390804
297562163
-192908385
-1425394942
659934068
1112720024
-32039663
-699909028
294091803
510577711
78828623
-1888023199
-1289478271
-301668988
1555670776
-2003306800
907875057
17176251
265898388
-891013393
1722033831
823341507
1069807541
1271447779
-253430638
-1576346677
236499545
-1895389887
1194745690
-857064972
1730576530
924381156
-97092189
-205572793
1175492200
364515072
-89950829
-706311704
1356039678
-915400841
-1998058350
2025788812
1342824178
195590763
410709840
1839143208
-78585846
711000083
26998283
1903124970
-1374413044
2045058002
-487921391
270241132
-745452820
-469504635
839354756
222682407
-1840026580
-1147894756
-685579683
1470123301
2037860223
442709355
929441202
-734797318
-1828665680
-704897214
-1248617925
637166068
1352895426
1651779002
596270354
-71438959
-1176563113
982713041
-1700922438
1433742129
628163413
-539608263
-1338037663
-2104886772
-1826185530
-1813115796
-2138891671
1860427877
-2009047041
1037215747
-722782940
-1133598465
-1641463804
-1079947192
195509983
1701372880
-478856662
1834363401
-559405535
1884110324
-936315138
-2140088401
-763755724
65332452
-1161379483
-824233586
-1086321692
-935302937
1750804996
-982864003
1788182406
-1959275833
-188351263
-1801824343
-1547514052
468312264
-1988989622
-1681635674
1692829302
-71459115
-1984193547
-1238948666
-2019182661
199806460
755555176
43326638
183497128
-1481584868
1967085211
-994105563
1704919097
2093155549
-1722483237
-523714513
528154183
-144908065
1378541040
1270438234
-609256623
-1093988299
-1315748479
1323441495
491174270
-1152746732
-1698014025
782489803
-1811134494
-1748169785
-823258335
1063918695
1854438656
63926502
560760791
-1553077194
-1998940785
-225685818
-1909567519
1378062389
-531661952
950834227
-139182375
-61056472
1156544832
-1352931748
-1934191154
1197372587
622681402
379803662
-1521632149
1925320582
-1744449121
1885069349
495642712
436501830
-1840911255
1278034750
1089033951
-2001267192
-786678884
1126524081
-1788412718
1077474199
1676136910
-1447087426
-1197616980
1699207865
1978472170
-1192254971
-349891850
-207231547
-1148165840
1027763259
1494497516
-1009335175
-1699571073
1433896474
267869536
-1412389622
1037858262
1001226393
1830771677
-1398138245
1906899224
1010059613
-1858733554
638555186
-1415028977
1323761262
-1583299744
836778695
1711314354
-1432172242
-876381466
1878738463
329309354
-1185155962
-1277343875
-649846599
439502866
498184801
927596080
1786047559
1095183230
-1007401891
-761057571
817642368
-303582914
-141001792
366139160
614208820
-558226972
374260904
82042703
1213043872
1139384322
446902406
578471469
1062058755
1456888887
-328256564
-626844093
1911375472
-1664711315
884804325
-1337671195
1124508134
-444630693
-1740113307
-1487019694
-1264958819
-1088226991
1724112513
139284247
1933772450
1814325044
1623834049
-2025148748
-713463642
-1830400314
-1980869901
-1126143617
867540241
-1865367766
-1688026525
2065010120
-1225921443
146094247
-1798377912
355728445
-2064654686
1717383851
-803725696
-134641776
317197420
1668054547
-2000818304
-1412896170
2002102484
1553008553
-744309627
1683601202
1122244814
2106441453
-541853425
-676026574
-1267323970
2135336216
104476047
456911480
-581711535
818956381
-1444967586
2136301340
1747200138
468004721
1358384113
-1152986543
1835787291
-632817330
1769951051
-2127384634
-471367690
-1128188622
251178418
-1205484722
1871721506
299120365
1120612517
-166924094
1352798418
171338588
-894245108
1601439269
165138354
264827184
1156991153
761072649
-1551767932
-1987282444
-1693016850
-997083086
-1385976085
-402409651
1754503336
1808197240
-728057977
1643698306
-143235205
1359231985
-360607167
-1243685826
1592235062
557865039
113292263
1213184661
206996617
155466117
1188378874
280275780
1961917437
-2098285136
-377576506
1916144700
-158311901
-266653899
-771627085
-1528517535
-1674606576
855435046
524375515
-102334834
-848049912
1425183209
-1970389284
-1718814500
578609784
-420736485
-619553298
1809556516
265309993
1136033201
1643929911
2137628609
-1049595469
-887041696
981214045
1341201818
-619709905
-1087506882
-732927395
-510911905
1965650735
-1196491351
426852251
1607325201
1322134002
-387270809
-1803602631
886886600
-109124140
816186894
1062284459
-995536976
-1567350013
-1137535578
-998280565
-812077484
-471677833
1985992844
-849067095
649986078
-1096453853
-1954255207
-1929965722
-969095650
260182120
278157954
-932639935
-1862615798
-1677321782
43690369
-1379996750
127010693
2020322277
1865642293
1879889462
734345380
1260691105
151865286
-843652949
-708115795
-1312291676
1917295180
-664161827
-1713402335
1137823752
-2081061519
-442230944
-958022404
-630485427
342037588
-488397665
1388502586
-1938788463
-1623914064
521383733
-893151843
1380846846
-1990617283
1157577851
-1375667283
1501995651
-113072299
-444877727
1370044928
2058399685
-1203200805
-989106815
1937713083
35337304
-962679464
-1256954255
-1843877288
2046622505
372259174
901300312
-1399071063
-2004309697
-1001339055
1747177155
423054875
1403421602
-1935768582
49795257
579974207
-2102386534
-1693356546
1622517516
1160910982
-1550223332
1177521944
1404640241
1856585804
-541718655
654370755
-235302957
89242903
-201327495
-253497053
-580378781
-1056171233
-458056898
-233973467
-641624333
1068561425
-211266548
1150278884
-2026125564
-1958024689
-1124058161
292382030
1876626973
-2000236805
-929702882
1642383879
-457823267
199785461
638684776
-2134450547
1849405779
1832328481
1619449452
-321409636
1609409165
1350301101
301559790
133498579
-633528978
1788534802
-629603417
-1687829866
-1518790204
-1539567975
-1760643204
-1300307914
-1537173862
-667758560
620170739
1341776463
-2061907767
-1996137187
643156194
-500560527
156573397
1823863011
1983431528
-1124831998
58469877
1227731748
-845547743
273203810
-1673929613
-1028770378
-1990188908
-48774576
-894804682
-390690151
1029748464
1671775371
660000925
957691449
1901931256
-2099557956
-2146853235
-1129283089
1713414458
1529674643
1036377549
-769461555
1635949446
1055329071
-939697008
937552026
-1016707682
-272821822
1841700435
1048619291
51730730
-465971340
-393649431
-1946002540
-690959122
-1179474808
-2135717165
391231630
-832519362
-1094975299
227372245
-1759677991
-401577040
-652180234
450687173
1707382484
1696189459
-1488936164
712246181
888043755
-632249184
-1714649021
1521629428
-81931168
454746991
1043823883
1450093888
1950826830
-893887700
240543816
-872088064
-932237077
-1312640758
-1131325467
1234791072
1624505101
921286134
673854469
559248092
1500299247
-914383088
1486422122
1386186320
164504116
-1649684138
606097434
-1436182192
-770564821
-1269680990
1925369663
-1245990155
779123539
-416792106
2112685902
1821165687
1393144098
592461909
2092220780
-416450110
-2126635006
1701209780
-20862196
377848642
1963459995
-1603087695
-754376484
2088630530
-1016161449
-387019677
-440319007
-961569036
-1618138590
-449247053
-1869759264
19788434
303109745
952033034
-1691692544
-1073694299
1539188870
-437672373
-1207848276
346499683
-1632070415
939273475
-648340034
-1222836033
1749584217
-662863649
-275528231
1485509885
-1245494916
654866782
-1190651883
1448232836
1065478259
-1786988090
1872972002
-1078405641
1687079482
-1192665509
-1739076827
-194024059
-181036688
1884866766
-1266313817
-1079734656
1244384602
690503668
1723128495
1068635436
-841851859
202200759
-112060948
-1093010471
492983692
429280849
2038600857
-884692428
-1259724465
-1072568394
2146884571
-591108647
991520389
-1029810095
-1340960404
50772011
-986325316
-655993357
823642750
-669655704
544446847
-334598648
1467868377
110727415
1754231839
1589910539
746212934
1785187076
204655030
931353403
-247210448
1374372686
848535400
339636110
2030019975
-387003073
590663916
-2132819482
-1177528089
-424025796
2094924106
232467330
560969977
1532749630
1545294821
2088336566
-1907647207
-540469599
-133090884
-1695642914
-1315535815
-2092630213
644914924
1172713872
-1688875004
-205254736
-652417927
927183632
896929349
2142153989
970691149
1167207432
277869706
1929752434
108273023
-463729032
-1836125692
-779003781
976527065
-1366632469
-283870287
-1195305407
-1390053996
-1739622678
1367439036
-2022463467
-443690395
-651750475
-348035805
-582715315
-234393924
1737961520
-1266075494
1064583003
1367340106
-361278693
1148579759
-1269808102
124442820
-1370639738
1167417646
-2141401749
1431220711
-1951952509
1738922438
-943941376
-872069701
-995277540
-587239444
-1550292105
-1632249062
-272821113
736375294
199691690
1006997107
-1177065320
-2145217876
723995461
393326283
156892790
2051520403
-2136815976
1770284804
657396113
1565888042
-404114003
835991394
-1653559085
1019923169
-828056419
1707279178
1842328341
-1727449466
-975415009
1794750284
-753860908
-2113344021
916919137
-2132161694
-1762977500
-1777502266
1830807578
-781310599
-71749660
-570698537
-725950496
-1975967695
-1625812174
-515969456
669386678
-1487554079
-1831546335
840566384
1334230761
1188966365
735833769
-283177104
-1499623909
1198164474
-564962082
830016675
-2006459489
702405202
-1980186267
1746461144
1291325704
1281439044
763405091
668284162
-961411588
1942463934
1514832950
-697022950
-1415396275
-1702452803
1854477864
-996089532
629668169
1159906069
-2109932191
658100016
-1412650927
1403570285
-1236019234
-310548541
-1056574808
-624483699
-870024416
-1786172683
-1160509300
-308506148
1637653862
-440433668
1018730378
529831971
587423261
1176771242
-172668402
-1678589289
-1451794025
1793152787
-1030083527
-80080875
2089186299
254802802
-317388297
-38930513
-525867140
-1073481652
-2028987825
1241437030
1396842957
-1502617899
469732349
-2012499143
309791956
81958291
866305853
901766238
175791773
-1233571007
-1799915287
2008185039
1726999697
-1629936651
1466546886
-1131201785
-1275101721
698678404
-1204949734
701954573
-2085695143
-320823259
560338305
-1916565071
2011810331
1337957460
100521728
-1624616171
464254984
-106766600
910514010
169177454
1295904542
1639525063
872719778
-1834789108
61612588
1627909609
1749448209
545865367
-909888311
1289248475
-973977831
-25891686
1816197256
685704086
1966818233
-183859899
-1902343831
-1657665809
1315600146
566458990
1434664337
-561708992
-1277156037
-1161832999
1046043709
-714665656
1553030480
434856888
-336539660
-441811377
-956032815
-269713036
-122992644
2146116750
-635601880
-362113875
1092123918
-2036632884
37424267
899051135
250056012
-866793396
1195962116
1589583623
-1107451022
-190161434
689210573
1365376293
66280780
-1719657101
-751044383
-1983060350
-1067604633
933301102
-1760521521
-2074739756
-245500917
1668359895
-926227760
-962831008
255929192
-1655119014
-1412621540
1165601728
447972110
-1436900944
681650808
109334758
914568866
450677317
-1943704557
-1686186656
-816649266
237530651
-1825308526
-384776739
1681392505
-826895891
-432135063
-991302417
-1169143240
-2006677609
-703195284
-1841765102
371047427
-1471546955
1807182245
-1704311060
1731088171
-462320247
-1987657369
1941305302
-1065289077
308231969
578776739
458513562
293104381
-732046408
743858041
1183675518
-1690362865
1631534684
-2113975790
-529522559
-863516681
-959368495
360325036
1109400292
-321887549
-1358749003
-1885594378
-980589845
-1342368556
-254349084
1676217245
911220964
2122573964
-1023826147
-758740698
-158316952
-54976698
-729359899
-828610818
-1903137056
1616339334
-1690048853
101873615
-1326988214
492715633
-338792404
-674406892
1810820157
-971723137
839630104
-535744529
1990213930
-56324754
81583349
1875510329
-194257948
-1835057287
569751364
736607451
612643169
1795880394
1274243297
-2063883685
-1372567358
429606444
-542075985
-1361337159
1492962704
883886596
-191069069
1475892604
1031111240
-1160202111
1489261312
89124615
-576399591
391491602
-225746796
-1413874384
607103211
1043079960
-368912254
-1226015982
1371499683
-1139748
950408976
324303394
852314789
1100958659
-902030686
1055499904
671411865
-702768704
-2097388777
-1346028401
832442226
-1625054199
941089650
-1430633529
645395372
-1551062771
-961746499
-1447681335
-357403180
1781566372
-197713623
-1097998157
-80458419
338028168
16454266
-1806850123
608608080
150430467
-755054943
1147493604
627711028
593250026
1159163818
-1352244915
1275735279
-132682295
2075016152
1202966605
1710683356
1244668255
-1772308723
-1329082592
-1948832834
-84179636
-1130144145
-2067414602
659493892
-1465611768
1392724553
1429895373
-1062596274
-699688169
921571886
1080601915
-794254545
1958116474
-1316139165
2073123979
1424803892
891030376
-2053807746
294443724
-996471515
1881069117
426596682
-184373852
1332137098
80002994
1865428461
-472152917
-542875024
1164517711
-307650484
-2023103754
6576236
1720328477
582185134
-1619309071
-1488532000
1948855966
-1233270113
-682814095
-1763270532
1367464705
-90698986
1870465288
-22013688
-480673647
1966949594
280997531
-1880154017
576548207
-1011210464
-1783968206
572342462
1210877312
1408772729
796681999
1647834942
-1576759384
261367786
397632001
-563340898
1322951223
-794509732
-1211067143
15422534
2133418659
-1414059466
1458301917
1988953224
-633926536
-103845048
-1959605604
-802426072
-767528053
-224193302
-786301822
1824961310
-1105889931
1360233572
1151255756
1853925530
109481535
1281374608
-566762370
1912470599
264930394
1843273150
839952756
1182072531
1845387217
-545487657
998595255
292798639
-2024726335
-1992420156
-1850108398
872473107
-644880120
625884944
-1690930460
1269489476
1927187771
-1312673589
851934774
-1450615527
-910966562
-828482382
992142351
929577402
1844400590
-2069363828
-86353401
-1467193941
794044161
672947926
-1143496935
-335623928
1679226482
-270708318
444638397
-1840662254
1070458454
-130169925
231519542
1817821673
1729924499
-1365898483
-329962712
1291503771
-1841625230
-1570044093
1342279277
108448093
-2027024750
-394734671
-1818744280
2053879319
-1754180833
899429236
-394694631
-1623049947
724860996
-1717298216
1885191474
-2063114149
-2124503842
-288947975
-195931285
-1358465974
1586688881
806209708
1756077266
413695937
-642970273
-1581217889
1785727973
1189563286
685395286
419392702
-685757149
885117606
1524155658
1836351192
-252330528
1409708569
1262215716
-810479486
-1459823528
1705990634
438431353
445910587
1929880839
2036728230
-1362829442
1547995856
-693251785
-616389261
-1274795781
-2044842494
-108057894
1167593299
1705805567
413362533
-349640295
47984810
-132254957
-2090625142
654003500
1036144637
1631533234
-16684704
-1078064916
61067004
-2068718344
-1285012009
-80259930
866176193
-449819240
-1140490299
-348997967
-72210342
-584348909
-372996595
844225346
-1602574460
1348256294
1021014525
-1539109634
624772537
-900560765
-647522312
-1517411632
1262153581
172536004
2008022612
14808828
454700435
1041557916
-304226683
-1814447244
1411351909
1138859087
-1151757190
-1932345494
1277530213
-2011971997
1744609351
-1679787482
-592441186
-1051751785
-382755325
729149208
1298498863
1666929940
253057011
2134425392
-420543735
299822818
-1705879833
434338669
586569207
1223773341
168989924
2070023348
-1292456482
1917674599
1474639362
-1347664670
-938189754
2116187936
-1105171561
579857700
-697014760
352532692
-1140988523
769451397
919924137
-2001040267
-490572240
595274184
-2051819274
-1291598135
-2025206845
-2061774985
-262121423
244296869
1434019060
1555255611
170635388
396271707
1974215445
2096937838
-1900089613
-1458851216
-1722147123
-315978258
784345072
-802453102
-497638665
266561332
965420681
-526559800
1496871369
-1326068572
2116628573
1213940459
438220857
537895974
-283459184
1463492180
-1253616741
-1099222284
-1942846189
1659315158
-1861137010
-475220555
1945177384
610412014
-1622101479
92857803
650448933
229213497
243737616
-2030174232
1653353847
-2009421019
182899644
655237095
938245865
1734933483
1228651450
-1929181735
1172273702
1724675004
1093748771
-110061475
1447749244
-857709766
1529400301
1747761204
-519247134
1869414185
976709776
-222807789
2108454972
-1983006874
-349680660
-1644293189
-953183268
1876003095
2009753705
-552917689
766330444
-99499997
-392230049
-1984819260
776548938
359586788
-2140080712
-550236154
950212627
-1641379045
1001511636
2067848377
2024065252
1259402020
-1024038484
-1473453386
-516075843
93501034
-624475079
-2124516713
1212173415
1943301660
1568639254
1642574732
-2121475656
2026867488
1280824164
-1504940176
269443094
-1322425
-45689619
1355811863
-630834375
-63445053
-1169232245
-929479191
-14081484
987405781
-832410934
-1430356045
1448058037
-1682048310
1652440780
-2111390788
-768407413
-1106236889
1026913645
-1789357545
-9637016
-280638173
1575332006
-1055803337
-1885680408
-1509138859
493825334
1360457160
-1541655343
1850907821
1859245182
-816487748
1936812444
-2089274968
-1531352916
23849635
-1439458508
2031421119
-1005369572
-2025615041
1475945981
81526304
-1988576006
1472488535
1561590295
-198966625
1708132907
1546421963
-1204243741
-2132958481
-2143277459
-1537416984
385950405
-211112948
1320281276
-1345322499
36001579
-600803589
1155166455
1965360942
-2106435378
940891573
175317955
-1502504057
1312173111
-1046410400
1443543215
-131373740
1414321797
881105856
285995673
1286239407
-1166906772
-974733844
-1922622897
-867465383
1278894465
-526758332
-66960520
1800549837
-1756576332
-601547870
-957449291
-937927278
-57807076
-405156913
564021250
-686203696
1289607674
1934037815
-566487966
-2076380378
-681027337
-1573506080
403012027
1655626682
1599055792
-1348601960
1635417598
600667281
1125065076
-678520466
545141386
-611645665
1099702347
2003718754
2088260818
-364739039
61294650
-2061140641
-2124556996
-1564879701
-1249852730
1951696489
-931108788
-1407653252
482750133
-1147332334
1667466753
-2076284519
1367951387
-1096072654
-539526273
206534936
1770687636
859994326
-578718995
1760164156
1658019789
-1554136456
-838756960
-969055038
-1909492663
1672570480
2018946168
1606415226
-858948510
-674241366
-1204755830
-126168552
-1840552052
-1021631591
-1730441729
1161921355
-1242386463
2059798891
1669342011
-2099921393
1731034073
1354364030
-268257727
3824959
-897214376
1953941266
-1864716715
244135021
-636842259
-1254393282
1129353186
-454500875
-1643357096
590375976
-2135687010
1162663503
-169047219
321641840
-1599378965
1352366245
1017100151
-985902612
1391517056
279097509
-1516913473
413911194
1441144904
-115509865
1298077389
-1142292782
1638137737
2028561073
2043294926
50016955
-758688695
-1131609942
1067173239
-1762912001
662722796
-538930036
-726581430
195230146
-225495775
-143358002
-594728680
-764335921
-1121786881
-529678943
1598088902
642206996
138270826
-2008979062
1067454035
1436691280
2056651707
306133808
-1713010407
225241098
1864114848
-1334709385
-1481439918
175174852
-726633409
1296807628
-1915257891
1538989168
1330200481
-183193406
-875442622
1524654883
540134222
-832054050
550551795
-695948024
-1135695053
-109901650
1581372884
-80715626
2126416076
-882089184
1360317181
497121285
1375521150
268512528
821150142
731362813
-602032316
-1700372702
-1409527325
-1411190384
-99479666
-420652847
-23196360
-2022331030
-1940251547
-1903432504
-1518913713
1923968583
-1821459502
1189633648
876393856
-1960475484
-844564096
200221897
322337585
1652571577
-908648800
1409386109
914486870
886943653
725113868
774464306
-227524549
-512322325
-1954123089
565165599
-2020600192
-2008749283
-2142831069
-2114396702
-881860507
-2012526378
806634907
-1268640369
-517716920
1202134764
623359746
-49640693
2053378410
2074695910
-1838256028
-1137602917
-808287751
-386658133
-1575847027
1567250359
-518186678
1708345724
367632367
1838037796
-1675451803
-1477319132
501542600
-1991004607
162337478
1441484398
-861246076
-570315872
1453348194
-1706199082
-1590394273
1562135768
-1910750745
-756660862
-1142356146
878751128
-1406122936
-713919630
810821407
-1842123777
-1381795720
24346870
-1999542050
-855221717
-1069793675
156585568
-1322283654
258946320
1411287687
174285307
-1358814295
737309834
-1433897527
1855522875
-1944193528
2263220
2091438824
-598293707
-1075071099
937760890
1589889834
-1984250543
-116485632
-2068507284
-996816974
-83807427
278035248
-1026443051
-1272632575
271386916
-189762621
-1397244404
-1204314432
1300758303
-1451944759
-717001207
-72877636
797784299
-344453294
-1347465158
1596326449
-993522468
1117356629
-1953721193
330928202
-1839444462
1118063315
118459124
-772352792
1099728361
-1811762629
-1797538923
812239010
-1058680651
161816336
555775239
798689036
1509970351
1225829320
-1919950035
-1620010436
-398560727
1216727031
-506985576
483490441
2095341577
1938638764
2137393948
-1483028842
-1534820492
-1841527525
192024735
341964686
2018821065
1902606459
-883289804
1131386288
650912720
