-1733736376
-1484429162
-564659999
-764179537
-995586686
-917238122
1907309443
406368781
-1468279507
1169216241
528500796
-1331079424
-569905408
1766885207
305064177
817876868
889667046
1352493328
969959246
-1886679311
-1760096987
-1324172976
-1737039747
-2143950480
2103612355
1883834062
-923299532
-2006185557
1215318564
-1400570729
1962630645
-1232728637
1002206711
1701038622
1448680337
-1546748026
-1810493357
-648185704
-1582474259
-171140127
-949917156
-813252218
-1122254072
-1197007469
-1196019029
427899539
-1704843204
-1948483805
-1291533139
1763830431
522586051
-1125586924
-1731666613
1027841051
-1377236868
-1874773674
-1760681589
-625246057
362387951
1401810174
527242741
-2034501224
696315534
-1954038471
770534521
542808750
-945826243
-8173954
1193594000
-1263814458
-1533002476
1540888834
-424183392
1027021500
1519997539
639823217
-1462600796
-1196515532
-1086284810
1110044890
-1735578100
-1559696470
-1090356839
-148546582
597317857
967801030
-115286818
1654507868
261044268
1133547508
899627293
1664417712
-527886952
1759186484
-458297413
163914266
-1033873322
-1137508306
146783407
-2054325059
-1356714176
2089511816
-594811070
-1209835496
494418240
1824708988
-575653099
1213251520
2050478067
1508210340
-1898181272
1248954447
2009651336
-1815028712
-1297755496
-1770266468
1588477678
-1826433606
634718185
-1687238101
-226984146
-1138902577
364541318
564516071
-1072897772
-440261166
-1858335547
-1790453234
1001540117
-536398716
1640621742
-1661865364
-1862350484
-786988729
2026251965
157227979
1791967877
-1458926420
-700332569
1373651369
-400238177
-1292413366
-1416853030
-1904239317
-228981076
448151505
792112265
518365266
-472157573
360025438
1963390951
1271193708
-223411688
-911927536
-78620174
1123398604
-774523790
2113077210
473838834
-608078148
238761534
2019329434
1298067458
-731337806
-1984933861
452148842
-165114929
1659792066
1050383095
-1792518346
-1884602465
1692849236
-337779024
594847631
-530423147
-1951565034
270458622
-1655853379
794043698
524548403
-2138113393
-1748709862
-1380655329
1499997380
392966259
-617655139
-1907690199
-1619748985
1148678074
1493905333
169646987
-1416266290
1800402267
1312642391
717289587
-536420167
-879518633
973355866
-1606260033
-659497049
1794214941
-859181054
857209095
-607548183
72280368
-1062819879
-694670113
7037368
519269382
-1726098235
-844636579
-309691031
263062067
-844293545
1317778392
-1818090530
306175430
-1268403360
871062003
-1961414849
-715221261
1144921290
1820440537
400779498
-1786493967
861084068
1625662409
-1276576345
885959461
422339710
-1819616300
1535934752
-23268480
-1182096906
2060666597
1327969423
-156403932
-427202414
1812251138
650806457
-1686922163
171536849
1350041040
-1075252454
-327690130
1032079484
-2137444260
-184033695
-1106099814
1298925633
983277336
702602782
-34450907
1976500865
-1186118365
1771087289
2112668299
1124097128
1921522124
1004315301
1051893135
-1492911554
-1064125608
24627670
-2002586969
491604988
1989837315
-658356112
-2011510121
-842674398
713899844
-66647104
-1564655013
651778503
1715023189
-1560980369
2120740937
-611089679
1258148594
-1841051404
1193670519
-1480934362
1455480672
1095613258
1505127769
-1786056638
42353328
1565693411
710997423
-1199916149
-2093283772
806003675
1176352925
-1282174718
1882630546
985901169
1153701659
-778673925
-521205976
325777842
-1337605745
-1498704656
1620510191
353505910
1831998647
-269060975
320903859
-858402928
1578623180
-900642786
-2019631646
-1243624384
2082078436
402181113
-259180141
113021420
-982689641
-1975334538
256701386
783847183
1690125797
-639309578
-847603462
-2036266639
-1394776746
856559923
-925824310
1952808856
-1325510045
1004922844
-2056767717
1474899326
-989012460
-1188346012
1517927242
-2145671037
1379511786
384024086
-810158158
-848640348
-1826528002
-1080333716
416831348
-1458617107
-940852375
-2066364255
-1026436999
1792598316
-1220925466
-1941617275
-707993672
-264906009
858062774
2020125327
-1984002636
41750415
1410347203
1703589688
-731117752
-1488902668
202308104
-149849210
939882150
-1226408708
522208815
164644838
1022445724
857526671
-721187717
-1209514434
1483045401
460902357
1795185640
-1896804285
-533788176
-1451687005
1425601679
451139335
1255197403
1644485682
1338151759
-52891691
-701574719
-1339312367
-1723575382
-2058298816
-963902405
1591027292
-276313108
1673466745
-2014082220
1416816174
1022674833
832457441
-578802032
802698579
-1214004248
62573535
9427759
-2023652030
977867507
1775841522
-1374561358
2127738185
1760872593
1487713289
-167607394
-1946071798
-654191138
-177098734
-1995484289
-1446811099
-1538197798
-2101991472
-695543505
-353151690
580015688
1008952817
-1316499368
-1746734591
-1305801768
-1866921377
1265059638
1855553260
-1552820089
1092294870
77450145
-1528211539
1053869382
-1483088714
238019658
1108520771
655329241
582202905
-945399228
-679250647
-823864830
-566352856
-1572923706
-1936467511
-1976897826
1013227690
-1826121425
-1960696274
-1040821619
-343858979
2145012041
-907552002
-1248657384
1639665545
-779605551
-796046682
-749213297
1889064017
-2096320714
-1340071210
1368239730
-361087925
-1870545247
199530800
731405394
-1079683117
-60417739
-1447022789
-932571722
1899438492
1957214103
-1040694883
1061077826
2070184711
-1777346128
-890382711
-1124125931
923961783
1989856945
438525814
-374584717
1380180581
1542043991
-1351589359
806956452
409119984
-1314466704
1427258483
1833271835
1682636215
-1717503075
-561481578
773271257
-546594773
-201360296
1545495301
1145388819
-1734873441
-302812360
686479570
71027474
-1954622623
-255116941
-1742044979
-136639654
1147684622
-426727771
-194518030
-1418593778
-736370654
-324850993
1915230499
-2055788910
182994894
-1270152031
-1878394858
1284022129
-924014578
2102597627
984680336
879105665
-901617926
193669297
2058656467
-2144951483
-256457893
2112650638
-1184968108
538822546
-1079433599
288829339
-40995920
855218804
-1298383022
-1468094048
1338625249
635321681
-917161306
1216355307
-1698687316
-455016625
642100434
1594222671
1868171869
1451741939
-760086398
-767079825
-1739481418
1343748618
-1597014324
224641084
475275300
-2016867381
70403201
-217188677
1580275764
1671412029
1972680901
913456907
1540077636
570815446
1166498017
-1063202906
1974188925
-496215452
1798368599
-1367058969
-1251609600
-761589712
-30114762
217160651
-1209796769
-417963424
1448316080
-1109047813
1695915598
1549655965
-977760279
533786121
-1609675879
34784757
624853777
-433513222
1950035545
1518136065
-506978636
-1787172348
-981535902
-1498185142
1745495888
-849329768
-1261266433
1814128104
106017575
-1004398431
953311201
561169772
185104726
1652559886
-2070349741
-378249473
-934904281
1593789582
-558202190
1615505098
-1981697886
-1500346726
1364456476
-186023783
-1721676439
-1451911496
-365238169
1813737402
1531189957
-1501625860
312806997
1978753323
-261762565
1902070482
1197318917
-1872595981
-1237235228
427690491
1360179371
1282761680
1989293756
866194389
514524291
-725386735
464687929
-930468386
-583987198
-692115259
-1338177825
1115428986
-1729222322
-1708739563
1061084562
1533014260
219471600
-1246917138
-1680251796
-2125451326
-1307553080
-479377438
81510353
1742653196
830066753
-1789313200
802918079
1304438127
957682116
268330945
1222897514
-1461903107
-146347663
-1567959147
1966586119
2053770888
310460684
-1800471842
303890152
297896224
-1789221579
1067749515
963981512
-744116775
1907806172
-1916414520
-1639551896
208850897
-104274446
2111931301
-124791718
-2097485712
84892772
-618757387
1930166300
-1888401423
-1527465916
-636716424
-1407067801
-901625311
-4219319
-710108356
1047886537
-500493465
-2077235847
-1106227393
-1567628431
-73295357
-2083675868
-1813926311
-617769911
-706904166
-389392876
1392762200
1580296778
1205239537
765710081
548911980
1044007434
-241864199
-1413790646
1100186053
-1045466983
-125750261
1779092194
-10339974
1828748686
-1876892557
-1454489976
417999788
2081655388
-262058702
-829154502
-739790869
-609426711
922972671
58587627
914095319
-1136577695
-675902577
-473979789
254140170
-1118027962
2109731606
82244806
861174325
-1328319029
792183308
-1352273048
184711305
-526583966
-1257690572
293333280
231361623
1050206355
-1605252647
-718186517
432695290
-1406931441
497778778
-848949453
-2135257100
-1524118011
1168148201
1378864960
-1442731178
-1328631117
-415116913
-2051330066
1001240165
2118449727
1389624434
-1345864032
-970605702
256704454
1594313050
-235698316
-108530135
-1575589451
2004054385
161054136
-433814363
-1593079464
-1353167030
-1740015717
-978891933
-10707024
-1808751324
1763160359
1049227004
1832524680
1354007406
2053966446
428935255
1680614602
-558034034
-924814077
2007365383
1946618126
-715928867
859129004
-544147983
-1998496397
1548962294
-1994303659
-47360463
1131014578
144731184
1496926278
-789838787
1816703087
-1352250520
1032856216
-451495093
437758162
1948793859
-847558939
411601648
892665174
-1859582670
-2067630018
-1028222199
-1770396704
1003936120
-1735441311
-1657923106
1526620947
-203435159
133053227
-1722064765
281254114
-343213389
468166987
-658581119
-878487962
-1221716638
-648230344
-2014534218
-931322639
1079560543
-1473141404
-1408468103
595986530
198300217
656083633
-1253155839
-14576966
806047527
-51682780
824883975
-805298961
545221965
-1632615720
2072706216
-223921920
1907814974
-794950348
677473680
591835465
1976527553
-303709088
-838461099
1812834584
-1838218792
1147503348
1042293536
-178736513
1131430909
-2081855758
1564050578
1061875051
829444782
279986422
311776996
1794212853
-1391571924
357880491
146737744
-1422780425
1465052030
1281394817
-1647628369
-524683806
564372668
1826855580
-962021277
19734735
-65748599
-356923121
1164693622
-969831469
606224864
-1042143415
1164556035
1575228566
-1206942444
1875094223
-1148241708
1762267942
-391512303
614428971
869380428
-2060741880
1277918695
-435359453
-2009811577
1324321168
-1514355831
-1872000210
1222430143
617913714
635533265
-738710237
-246816527
-1057598568
891467462
-638780109
-614844737
-617106123
1138605857
-906215399
-815713385
-1725316327
-1536129778
-2691441
397095701
1603619399
-397005521
646098435
-1082514266
938798532
-1587432475
1531584650
-1474507155
329611697
1449477329
-682770411
209508969
-1000352868
1115227800
-865421086
-224521770
384900114
1878810342
865105716
-1656001836
2136659320
-2003242315
1190452293
-455816122
-1378999270
1782507215
-2061349253
780839932
-7177340
444998801
299505882
-1512903916
1863929104
-161962255
2054737338
562336925
-1601860672
663098305
-1540251463
1794007676
889657677
757146932
-2041517070
868625555
1289187455
311142305
1225086062
461219359
1051074751
1142820743
624050650
-2057630367
286846698
-2086409264
-1698325126
1702539648
1223470951
-1833519015
473304157
1841853101
-1853805189
-1047210830
1986926802
1666097288
-1486113829
-1230331102
129761050
-1037444415
-1840182654
-1042279443
1034228062
-112732158
-1912537659
-1222827816
-67705117
1494300428
1071301283
832306412
509594235
-1619214816
-836580255
-574096262
-1938088898
-888361825
-932714666
-707495585
-1646945670
1662845684
1134472451
-1641597047
1262011879
-1460411215
662152550
107351481
-741616353
-2005698312
233154959
1253037706
-1299453108
-1554060004
-1223730317
-1299911247
-1702590942
1562017159
2084554495
-2006729339
2035046160
1760078045
957841520
1382162625
1993997233
2015687009
1149293537
1767152777
-2096674424
1394528407
-1879123419
1705031338
592519404
-599932629
890799830
-689443802
-104006847
1413579537
1260258222
-1567814674
2016192616
771751404
345500949
2095970801
-1573130376
-97229388
-2137701382
-968352171
-506788179
1997112722
-905565979
-1226963709
632559264
-985443058
731821133
173601129
-1244054344
-1131791509
983466022
415853178
-505691936
-2086886063
1804515006
-1604975879
2133095034
106025132
-2100184375
232251895
-941596526
-593300780
-1929593670
949538714
-954965674
1369316590
1369755987
-1369519585
-115532602
-1183284591
-1144103553
-2060622047
-82276697
1361839787
919006047
1608877338
437334972
-1033489754
-1709261662
-563080918
-879602120
-900924474
-1527206375
162063639
-942658194
-1157629228
-1120124791
-1425342059
-922368822
-721225216
1134484163
-1469077306
928374276
556334339
1060542706
-247063293
328942225
1130702724
-342213325
-725481508
-915916707
358163900
683087211
-2082812579
-1472459337
-87098532
1421797971
1591103379
1223749773
1019632813
1948077015
-1866602930
903054552
396097017
176475808
2076479271
-1661407655
5457193
-803598609
-191784508
1820279173
1248979375
-1211396948
533943386
-223375427
1164283557
356693182
-1716421517
1740112577
-61091018
986426269
166688752
-953697434
-2147101380
-1755927260
1443535441
733833095
1832337962
999232939
-1264518604
-1011563719
-940895700
405891157
791780123
768506178
775311756
814409381
-653332622
319887050
1817418839
664964439
-1469516081
-2047277486
276312128
-701199763
1894022267
-1330067994
1556986051
682000519
-1031194064
-1198928754
-570803827
531377015
740877092
924963593
-1622033638
163133973
-1577231546
-60329027
-110912096
-1881771697
542940870
-591637016
-162548181
-79860605
1665474011
-2099095524
1332582921
-1149268208
242061504
-1562087959
-879575961
338819882
-2102425602
-1933368101
-622181829
1851892205
-44811023
892339366
1864085605
-491798348
1614767748
128073375
1521211408
-1909956693
258741822
-1698537362
-1152015010
1525261731
-722738814
97648130
-1093749692
1607210277
1759042322
-1500543292
977653681
1957234377
-2102452012
-1570391537
1093123829
1155396807
-1249181223
112815838
-107412127
209742798
-2062221158
-903896378
316241962
1604302100
1572156804
-294583257
1437650578
1261342126
1815860662
-246453346
122785865
-838828255
-1077616120
-1727727427
638715407
-353653448
-126270897
-169097730
-1422847842
1423518999
-684732194
1342728179
-539555385
798701968
-518710704
1282452418
-1008659493
1711397044
-1884760699
834357457
1963424588
1276888749
214718441
491551164
1255542418
1696250315
-1534227972
-1340166001
-235433902
1009734620
118366221
669375025
-1782339651
-266185537
1419713352
-1537284834
470872886
-810163653
690280179
394559320
-2092752585
-1171064564
1649944052
-578994273
-1616432267
-1053533377
-490912618
1973857759
833507393
939626431
-781081972
1147395817
-1397111248
920766254
-914503371
-1936877723
-63887874
-151537159
-1838620127
181217799
1019582127
-88812634
-1684037165
1544193281
945014774
-117227665
-719807800
-576118088
-1643632934
187410964
767311032
970379706
1954494615
-663434003
196543515
-1091926034
1255555010
-473426370
1346412014
-704596724
-968978513
-930610482
-1077214282
-35272625
-2048380394
24771770
356045764
590798185
222216948
-1066478714
988441019
-1062484809
-1363302738
-1267588748
-2090501297
301783734
-296812932
1073361433
-1387053745
-1274387788
-1015349500
1175928364
-1345497884
621959370
-1344041659
641339553
-323872486
-1021513975
266487222
-686331659
1799153824
-1533597198
266162606
61779659
497522635
714493995
-1689669882
516934328
761674464
-1665785488
-1600664068
719665242
-1696673646
-684783417
-2119063206
1652860335
-1416458039
-471810569
964672726
-2087079005
885449636
-1042216390
106724796
-1876710422
-1793571647
468034609
-1917568566
-843562992
1967232699
-405055721
-662077350
1703585229
1141287668
7072057
158628294
-1831361379
-354877037
-1890093659
-1254764281
-225679216
-860224048
1553804577
-1386474593
2114399838
-1622259090
-977620385
1258597305
-1859248962
-1152808311
-1324841618
-1129326451
856284919
-980192623
1722626674
129059081
-1529424714
-100567658
-368560233
-1170391891
123267874
1535259333
-2028939710
1085034166
241922862
-799330510
-2043395191
1569607550
814188845
-203298857
-771626011
-87633886
1217454507
-1507491876
866893350
-529251227
350359417
495882008
1095479718
1863114451
-1936812279
986633431
977206209
1126861609
1818387196
-455945507
-1644517244
1295100659
898330105
1292080299
-3896669
-342591369
-917260864
-1136187648
1626781360
-1506855983
-719402114
1125286818
-1826423414
1381465695
-247491230
-1295518371
-556852718
1543211102
292558191
1086928972
1910081061
1188295893
670976404
1012193878
622996165
-311060559
1918793977
1002086395
-1424924775
-1321307599
805601947
-68488880
-1823806057
2011926916
-1200946918
186749767
444729599
-1604602961
1279809489
-324259532
54425226
-774056268
895417639
617708172
-1263382557
-559868432
22517284
15063279
1254300502
-1260815932
-471287993
-1259928985
-983553338
1086037367
-1401332075
-842535950
-127175196
111234907
-1465353483
36364349
-1877384290
1572835117
1224021179
585088690
1929328340
1944358593
1013443457
-1655134540
-95481263
1736612062
-455566019
2091356969
222021624
-1186463130
-1133139312
-1380210120
-982653123
1742899642
1473768540
431834451
857128663
697223260
-1017164136
-908855945
1724204467
1039833813
-937434010
445777842
-1863573717
973841112
964929893
787828198
-1169740169
1418282919
1781957700
2074423243
-129864349
549181621
-1036558697
-686667719
-1536492990
822654604
-1304271379
-358870361
-787574494
-642931216
-948581855
-534418194
918348864
-1455705788
-564949776
1858662739
430016446
999570477
-1420282164
-185963325
300180627
-1020187276
1518830831
-1645021856
1386866370
497767216
-1815255886
-354851524
-1892984114
33580324
19058718
-1636745885
938684012
-213104283
-1706336317
-1785318113
-1294989190
666861376
-1577474616
-2014643850
-775099345
-1411984294
-428497341
-465182473
128703380
1131857943
-1916665654
-867264587
1044622643
399458623
1609670474
-1183053932
1274611981
940734943
455671318
852623555
-1936342832
-1907079827
820207939
-1833802104
1178662729
-946531025
1019579186
-1760697278
680381207
273571548
1204602989
8154796
817723553
-1811134078
1212310711
243668318
-1632819383
-1325742933
1690885469
619243673
-390670879
1980394939
5858514
1328609091
-179299747
-1649154148
56462202
-373053136
1990764746
-22640484
-864411195
835713442
1916130686
-1189510507
-1621252224
1688819219
-1825077615
-112924339
-902439833
-215276239
1729513611
1610234656
1754613246
-350275031
-2076083618
1202343900
231390880
1736554536
-1959803754
-1734290965
1983537624
-1390335458
210980814
-2128894537
-127374865
-1413360956
2062970470
-1620647095
-262417723
1222080736
806137202
1401701939
67622372
5845959
844071157
2108635056
1925747665
-1368982493
1027407694
-1004742903
-974094683
1638991094
-1191026703
447325241
573135325
-687005474
-456969894
309113043
843375469
581351322
-1001817537
-8226013
-1991869926
1190793164
637155845
813684628
1546671369
1167323392
-1012073356
-622883759
1504977042
228254188
2143057069
2000388909
126882905
-1867020551
-1433316518
-1446201913
-1738615137
-62528254
591907880
2109421545
1647427797
1662094426
-886866318
1316619312
-1817028238
393932819
-561203906
-1073713422
604051205
520383869
1116549740
1198351195
1045741709
-618018835
309459244
264163033
650051336
-1739776833
-912602192
738844345
783283273
-961506403
1356288034
-1605962734
1058794254
1394888448
943526104
-1920044575
-1866238895
-914071306
761318342
-590231179
-1034975778
-1969567706
-1383021260
-571578099
-856134107
-1783252719
1666519472
514748607
-1400393391
-461195366
425069380
136663450
-2081283175
-1849473849
-1307023892
-954942705
-842476331
1903699145
-687761598
2011724428
-996892333
527204665
-1190230661
916337001
-1139180565
400190372
634499478
1758987527
247186768
829850697
-1427287855
-1700287178
-1961671512
-792147680
-1936651937
2006025431
-899902113
-1231761122
-406174120
-1893891902
1915952696
779351991
-1561241871
-1723453207
1477109156
870857892
1819069676
561262525
-1669146793
2069289958
1302842961
-793336880
-987934953
96854538
-1934668194
-674252869
1433795798
1646805165
901079483
834022465
2062120451
565716802
-1644617231
-40146764
-1475082212
1989649426
646239261
110603671
-170745721
-521416316
236668640
-1659613820
1321852322
656872350
164141977
891686992
-1373332200
1316694475
-501616938
998777964
-2088985738
-1733027618
1799525383
1393181325
-504039171
-1320603306
-1079191436
-1538594929
-659048519
-1400785437
-908099216
868272278
-595294510
-1923160535
1937799630
-861608586
-972001503
-103452221
2127585940
478207316
-1394920186
620533641
1568799470
557541773
-82279560
-730237674
-1366584475
884417238
-90688420
-1781446012
1270874192
1538651299
-579188198
-1850362247
-1965047926
1005970125
-852464018
185216615
329925989
1436681582
-803730821
496121614
679650525
142401295
-1491776475
556540229
-1464203504
735539461
38317215
-1703653638
1304798701
-742739433
1266535490
-2065087369
-2033369556
1809795940
-1886668896
896076262
-346411907
-462831741
-489952807
174366999
96381443
-216047637
-1454464980
-1850829953
1666178051
-1205160811
-154643759
-157950845
-1828410664
-1647560224
1570596613
776909814
1572246570
1757321395
-315724187
-121701152
-580850593
-505168664
1322813311
-253993855
-1383185584
-1421709848
1011004325
1579564437
-1242898368
-122532462
1506424325
-1868151848
-1276212983
1913545056
-1838329866
1585837004
-922810217
1201965516
-1196101996
-168783175
-1030739814
-333804560
-1894572658
-68910348
1490883191
1332187500
-1422568643
-1056464796
975326079
1460355723
2015816185
-725196479
-755056542
-2036736344
202463912
356368159
-2078960667
-616106290
-1926427497
1944857642
1886495954
730771102
-2024878452
1948653747
-1832452304
1941415797
900418843
487509227
280865972
1189476813
1412110904
-308372755
1177852023
-1256595229
1312758285
-766792447
639793640
-822412134
1875798286
695923742
-291112189
586894751
1154748233
1379072688
-650801726
443240397
1456739586
-673013860
703767764
-1563765039
-1984639874
447348096
-2127871092
-1774677743
620913951
-441187777
-2091902692
-2019797815
410000304
286489276
760519426
38181751
-741630974
1786681060
-1865297215
-1551773831
-2134087753
1282419186
1134285524
1295536115
158488157
-1511642386
-989526305
-979611914
-448560450
-1570162314
654955303
-2031292962
-1947518603
-1971246400
-833472700
239483898
-641680188
74900190
1889429524
1193278322
-204082779
1149500996
688821491
-1929818011
-358921698
1855262599
-2080027608
1408089681
-1389920039
-489982617
2087137953
-1378740296
-653854221
624430351
821166819
1245594623
-1403003628
-921156454
1972373307
382926744
1198865599
1148408281
-1590918343
-2007434653
-2140872982
-628256429
400605278
-1219954607
-1516209455
780423564
177779220
-1591551926
-1839431674
1539608202
-473340706
-168581808
-1455703348
1010000276
2076355791
751375844
1981835686
1678190908
-909588672
483597736
-2055170006
767339936
-1598430276
-505776827
656724762
1434698988
-1714501569
1539128462
1628801460
1060322338
-1924856672
-2146362651
-286478264
1015810077
-2102105782
-48463395
1057388555
1871708882
1891153202
1011807777
2070229035
640727257
1085517572
-1300594029
-1396071389
2111769387
-1761927777
193903032
1556253519
1993124141
-855026748
817359186
210427330
1547478765
1098793737
1623942222
-1145560489
156283818
-1138079213
-1374419232
1077348870
1553249433
-1304743421
-1340057364
-1708790664
1751304166
-80277712
912650919
-821954084
659944440
972552471
1336149886
1502950907
-1029568775
1217842575
875117366
1549832330
-1601475947
979530560
482288980
-1809928514
1403121665
-1763422379
-12572994
1823554086
1007540286
-741744016
-1560119903
-1919694668
-613507938
-2070495010
-1131576427
17609244
-440452217
1702976011
1606230527
-1543149983
1722551670
907035448
1539836087
-1996940885
-1895668154
523565418
601203433
805427550
430081714
721178277
187254336
100228713
-1495227880
-1598294438
-2086193088
908341467
-389415809
455599389
182068723
36892859
1049584859
221345690
-1159335481
617535512
698781583
-2109893431
1681849270
681822814
1615336754
90062688
1758152615
-1708423957
-1358423659
1158630025
-1417337324
-492649247
715382533
-1262672427
252527340
-674597315
-1275147828
-967314321
-1676394823
1537490984
-1762813954
2074370964
1281504773
444269197
823578993
-736168894
314891002
-1317201685
1830532108
-933385169
1637025096
-2043185557
1470963780
304570876
-1560355765
-459411660
-865842716
1614223530
-1369571477
-1220656386
-680578804
-384491955
-970895162
1359002853
-610457733
-1328094722
2041333260
1387428991
1113056784
-1926122219
1859511211
365083696
-1462110579
-1050940520
-2032417237
576563388
1539011998
1660620781
-1674453542
-693854691
-67473127
34938327
-1340096341
1617747350
1597269639
-488245089
1657189979
-1343549177
-468015645
-1999007599
-63315244
-649908349
1417911457
553544618
-1006357802
173643551
337071345
1061913998
1812852436
1924886540
1437955396
1213184703
-1769072613
977382632
-1231541233
663761676
181531705
2037595216
1159590862
-1388413114
-1268290916
2044739513
1045597003
591814202
-1579345800
-839296128
-788660705
-1791075110
-1642774802
-595364802
-613041799
-1748646467
-816386198
-1392939679
-891049699
1972212681
-1004856756
1295170807
-1418485584
-504275923
625566666
1455352013
-921201358
903898005
-1301093612
-1999421256
1821862602
-886680935
1691824056
1269393970
-1062642999
-148488843
1809998151
1224905000
2065446376
403829503
-543627975
745296401
-957544748
-103627051
1565544205
-2111721150
565565676
-646427947
-2023586124
-1909214336
1903929161
-2108380207
1937439023
-1404408874
-742541314
1580574083
989048694
1007194793
1544087456
94650814
129134491
-1943471607
-1149916920
-2063280410
1817463855
1879995209
866106711
2064906658
-1971829276
-705431087
588441658
-1277930033
1407181683
-2005649615
1192764526
1808573111
220652480
1375515770
-1551688570
-374069630
-2126418373
-1657647927
81259500
1000307948
235038088
-544099037
-1340249051
933664056
-1042169759
619720072
-30371240
840440676
877989051
-802312382
179413264
1809694877
42631463
-2002047875
15479360
-34072844
-59162501
-1708346084
-408461945
-500173742
138392497
519607497
-1747222859
-930705239
-1376575986
-813580722
236937358
1003279212
-1701720186
-1996679133
-881406003
1901954112
1476106590
-1708753337
206101099
930960115
-1414893
-730624686
1273249568
916384429
-81842822
-1119909173
-1403203286
49841252
2056612392
391970487
1173673036
-524571499
2027035923
1060033137
854693145
622276656
-880223623
1932789952
82493810
-2076810029
1545356032
1846436646
-1818737332
-1880080325
-1641203682
-1900181386
723169206
252441334
280916666
-447905623
-1258920934
-2128086435
648568851
-1630496272
-1145431102
581688769
-1468831520
-1737880820
298679198
-1778644252
711788217
128968413
1751958083
782927275
-533836875
-1409272519
-2136813001
-539599088
554745939
2043561215
-1788666773
1536632669
-1317487715
329943915
-1342623992
-714027114
430610826
773366954
1327230062
-1734365642
1582461860
-2140386895
-246501768
-1277977826
-1757659158
-1893773495
-48571899
166483658
-1875609098
681575022
1095804596
1102622917
-1528317342
767063514
-182051090
685580639
-719724440
1470403803
402103336
-283260260
-118246968
1492520813
853361513
580064366
2142246126
-2134740092
1870480906
-99657689
467683667
310970280
1606085308
1685016360
-1307524573
-972866873
-1654742321
-1728694050
789481247
1642839366
131313585
-781063185
614940612
-2131388584
215751860
703743663
482102445
971886739
1340346643
-828198184
220435253
1620540608
-1498825162
235647098
-1319706784
1031487986
-1048613324
804101168
1671233530
484486105
-1245612390
642065556
1550188800
-1313284009
-898493590
303899380
-1505351617
-1784182444
1703505510
-539440315
496080955
-724564018
1554536078
-639867049
643087697
1876575283
-1983878170
1546260810
1887693087
-1576816654
-1272134789
-487907008
-620838877
-381268913
1021462440
-2009709997
-525705822
-991376778
-1458612075
-437427511
-1313910326
-1469572909
100036864
-426904698
1276567066
517730720
457691967
-1098831167
1423250433
-1023590721
-1560640891
1713454586
-1023166011
-888248631
-152761245
109299499
1827412390
324196198
1230694034
-546780867
1606164291
-20684578
119235823
-290388035
1906665275
965359344
707496902
-1196055089
1760240918
2090773218
1325679186
-670678942
994968422
1397617369
1276291460
-1045301339
-1902943703
-1828089238
-417293565
1955797944
-1495820431
-1984874384
1494717556
-1923321689
405870150
-953473505
1861260027
-1583202925
-920346677
305361753
-758668544
1896389425
1757995678
1592443968
-97376203
-1067207304
1618619524
623002635
996352472
-701631338
1407521350
-169084643
26799925
226705699
1832464853
-1194080685
654596206
-1139812456
1556312756
714517917
1192288126
1532256002
490825878
-2039273520
-739074693
495466226
523615302
965125561
-841076709
-1652674377
2141175494
-94794124
-577537160
1853827022
-805926213
251416318
-13876201
-397333095
-932554744
925716233
-643046106
-1948697521
-126556745
-282534129
-740448507
-516905676
1189879328
1078031274
870545927
1206300169
1347967300
1466941985
1689196920
549065156
-1836981895
-1259367867
1740364514
882727044
-583033268
603412862
-1845514868
-1298908482
-590673502
1139143456
-848425405
1814528956
1333515040
1445136899
-1932528804
-1307564216
-904931892
581175121
-1973422856
-544112988
-389397516
298883745
-355846775
-33169220
-1426117298
1654599493
-635187563
580913566
407815008
-2005736737
-1754937926
563545385
1965424674
-221654726
-785134095
-1021734652
1565561568
-1838954154
1685543190
-624875054
1640118117
2037825476
-287588953
-116639837
-260318379
-1475898828
885028043
451546541
-1395444262
-137170868
1342354582
-455429829
698987907
-979665478
-1152390517
-120611868
-2004227992
1433371020
415685218
-1625690880
-1770995055
-2050378050
-1832557302
-830095784
-75864424
-2020208108
-1222820880
361336860
1006654604
1750896938
-3537791
-1452539879
170992408
90269385
-186142738
263274538
-1928845597
-877979525
173017902
1162149871
1057860666
-1630248608
1815268168
-1125335619
850306796
-1734807998
-1184130606
114930388
1568996469
-1704376601
-728898124
-588198185
-438842274
37976231
634813489
-841845128
-802333981
835933757
-860934616
-351078030
1010729429
62284001
-948894314
11531196
724945858
602713749
936759134
-1277293061
2065866066
2000773567
-632160948
-384970441
-282390285
386565623
43787351
1673363921
932014264
-1136040414
-130573530
1368995252
-1842595202
-198070337
657194197
1825151435
-898713008
-508627072
191599608
1516575410
-1208957172
954561308
352776671
-1728158545
1695849798
874773603
-1871956453
-1551470877
1799509099
2055909778
886360641
1030194620
-524318167
-519387416
-1276340755
1092749485
499900430
-73835143
485093129
-905261279
978661231
397964097
989710927
1733716140
761304971
1075200123
796389387
-509891453
158583279
-1271622093
1265842469
1605061678
-1340327653
68096538
-946202530
-1153344133
677907813
131087257
450098137
619777973
1392444445
-736960984
-827321635
-805699562
818388209
-986827553
1114317785
-172367495
686242195
-857687220
-1883726169
-1134269613
1722946456
1855371143
-146176235
1222034404
1644833955
-1262038652
-492940384
-822421080
721067202
-424653912
-1387660158
-763207660
105833239
-1234456418
1437103854
-234331266
314318010
-319288726
-1133829991
-1272731556
-148093474
-2114193731
-813572228
2145601968
1360652594
1620257931
2014312920
-2083370301
-1343430263
2130069210
1082649210
389419024
909054396
492038365
-939936448
-1811483773
1970943694
101683009
1582530523
-1268684829
611203153
671851205
-1156812075
-954114165
-384722167
1340710928
279848661
742451808
-2081162802
-1467717442
-1137630686
1169047294
998549686
-493481541
728050277
-1545821388
-376576398
-524565804
166096562
-1583945806
-1863893000
-853574773
1286393288
-942576896
-579335582
-365375190
-783106920
1269094322
2127370006
-309134822
1006997763
1434063321
1813186086
-2087208332
-706136856
-1006434372
-243737864
-750516776
-237664931
-14460472
-250300631
-1583060355
-554442181
-1717105212
782163886
-1941661303
-2077773344
-741031608
1542811708
-929128285
1016388911
533466991
513630441
-766793531
-1857845285
444079563
-2103721453
1803636310
-1777301275
-1142324071
2135708288
-1736186249
1695442786
-9828811
-175582266
-1335409252
-613228671
-774911536
633782509
-251864225
40448972
-1967321761
789007186
40318864
-1528705362
-1630240042
-19938866
-1648866160
1845229621
347720853
-450968042
-897514785
-2110872553
-935801566
263517284
1720578546
337746938
-714752487
-1135746729
-2106174903
-1116173841
-63749536
1406177815
2053078209
-404379841
991618974
-1756572996
363367206
-604892310
-934819091
-183693585
-1219039732
-448391316
1803179213
1180340434
760613854
-1206134462
-1294516132
135023133
-1289142985
-181714005
-1320984125
1725336457
-1764705680
1762010675
-1190076429
-1496035728
-1047048583
-842542740
-1596336751
-634850123
1804067564
1248572286
-1917874898
-14441759
78068063
1314044130
1820642491
1497077902
67069433
1639413098
1479337019
-1412486393
-951066809
21846404
951088058
1342522928
135149392
206010302
1062476925
2060162979
9490918
-456679795
1069322618
1525270556
536751166
1535035977
-1117865206
-1815845098
-500135485
1414804347
1008853468
1978690741
-479782362
-1015513765
-1761274579
-849185306
-1013257031
-190920557
-554155979
739450564
-1545648899
-915558839
1378656996
-509337795
-1902500743
-858364068
271032782
-618131979
-1696916019
790668268
874389858
468249962
283362565
1314772768
1422778466
1864886104
-749317838
-1327563998
577602958
227727965
984892215
-411823762
-6073182
-841835040
-517986848
-873667764
1023262339
-799072209
1609743160
-507066726
-1100463948
-1980448025
417671963
728459983
-1429583858
1608030616
110561033
-1172245956
-1364915536
1540320936
-2058340547
1242291091
-564097741
-1652182409
-1437850371
-760774739
1665615650
1248114884
1188869683
-1893587065
-1976362327
-1514936242
579399229
1565916813
736465803
1739243710
1697925120
-1377278693
-1741643431
889379524
93920579
-1599248576
2108965088
2145863295
1513205561
1443191748
-1152857885
17886241
2018550879
1153888108
-1787507191
582341330
-941420664
1420304507
-1664560616
283865557
1466127413
725413500
1223307875
-92639255
-601523158
499827262
985270657
1411675377
-1936010691
1889260064
-2053375937
2101539286
-575416720
1433273998
-945026601
-240123220
-1352343742
-1706220853
703735649
-1604792557
1069743170
1491088880
1066716809
166399199
-982258204
-1607559116
-1124860031
1577421051
1652901527
-127862676
-256862663
-244458870
359401750
1967603157
137593549
-1957977010
-667985922
-1984675311
1787532607
1015810125
-2099901792
-280189073
-1095774107
-1315556943
-1621607656
1014386543
-1600161756
1302599919
-674029154
1894397316
716721886
1587602988
1154404635
558019099
-1859209687
2057344475
-1236621057
-2030278180
1411032768
-1558527062
1212059729
-1526698705
1816638398
1212989342
-1483977209
-1120777215
790990088
1187336572
1883083415
1508188615
169456907
-1403072917
-425687347
1254546882
743071143
-1894619946
-207752226
-939439227
2063966314
-1051082089
247552190
-599482444
-278428160
1401059665
2132574382
-1486385907
-1626042134
-643250916
-860524776
-1417337428
218480494
-2126145177
667333790
1447103626
-37865266
1771444250
252150128
1264499526
1796348348
501274363
1269958877
-1788813273
-1977019380
-771778734
-162264532
145889377
1239340459
1322931150
1004442284
-1775727977
-1689359665
-1343567703
-198750966
-2033572447
158666608
-357705205
1264513506
751798158
581706742
-145064789
472231319
1228919020
1988180275
-1651768132
-1994420377
-1973426106
393111442
-905445626
-1468508743
835973613
-916167280
-1163528110
-85513287
972685307
523964780
-1394485494
397945894
-1796129131
-1993055718
1762110241
-1452622486
1026629743
-1190595716
2037520432
399579882
1808289684
867475923
-113066527
781098911
194209383
-1850939277
713966224
-1500011035
1463268580
-493750346
-680795090
-1070657389
-374434261
889632306
1844622185
1846202699
-1695409601
627777838
-1154687735
-485883886
-2078013430
33013841
-1230264931
1736202274
-191595612
-277864292
1844247382
178531838
-73554732
579701401
1718469170
1041838791
916351446
-962435116
-1118683556
1816369358
-1766460834
1292503946
-2042609454
-1098093207
-612475171
1509937824
-157484472
878263306
522530818
1035194070
1897568332
-558477683
1495540355
1126330684
-1784672086
519315152
-2017098980
748152804
-984105199
-1917727352
-640991529
-14736680
-1470646027
756527698
-650103922
-39340978
-333382729
-1985849080
586122414
430768154
-966731517
-770736042
-1955203011
-1931710877
-2009971334
-301732468
-543317987
484414873
1641213328
2098866613
1643402129
1128959910
664417462
175602663
932297984
385740387
-1522629958
-721046308
-1710620679
357499725
-1504214162
1464180673
-1730790537
1866493559
147995784
1419193422
-1186173851
624961730
-906617400
168928790
-573279133
1367309644
1189637984
936873247
-1818212150
-1991465434
-1064451441
-495524939
-2046194195
807206985
1585399950
-744487558
806822562
510790345
1472476080
1133140930
-1949212672
-1162697398
-530741564
-2113961187
204738921
-441105997
-223021379
-1803897292
2113497290
793705762
-639253868
1196659160
-580291807
604427295
2145428845
801670744
-401747649
457926163
1322927864
892242450
1491187919
1618803706
-226111974
-573513396
-1064140394
2013578839
1502837195
1499795268
-1176157445
1741522536
218457153
-190561147
-2003155510
-1895754085
-1217735602
-1193484677
-1217442252
-1355708864
-1674264314
-1134310327
74318362
944487551
-1118016604
1861676250
1506013066
-870525301
-1648413779
-1533101514
-113903735
-720194281
1864436053
-1951476202
-1457970926
963865865
771301922
745163705
668407902
-540110995
-1186802737
-1278633224
2124734054
1311145131
-2084128398
472768664
-780768090
176109308
-1662089504
-676483105
-643673822
476276762
-1283969456
-715296407
1851033261
-1429762506
1921203262
-1900127429
-98562712
-339835857
1807584657
161240600
-470612087
-1561208576
1176683519
-967547885
732520029
604220025
1645485232
537025637
1941320591
237434673
-1211855583
2091782272
-1709399382
-912876614
-1370535349
-327340445
-814442789
-1251840234
-1232265725
829453360
-1019168517
529347178
-417386845
579340539
1034336717
-1175631887
-445899542
-1902899484
401308803
-1628609229
1807129632
431211111
2066277767
-244730763
1967319165
-1915307278
667636087
901323123
-386744373
263790775
348190832
649694540
-954875830
135064515
1126547854
-1414412867
-760852013
286228559
1188711091
-766927983
923368767
753679446
-702732152
503178328
1005213193
373410407
237609665
-477383850
120576561
-618050117
-514887516
-1105578562
865496163
-1317291126
-131384885
-458645984
2137279576
839054745
-606085336
1673581343
-1941786244
-586581481
1856819273
414897510
-38048815
-23806806
-79826724
212865243
-1049284846
415464643
-1378495883
872877333
-515445733
-662000327
1429948047
410726668
2111626375
161530133
1348439248
-182481393
-282057573
-619679317
-1857904239
-372316678
549203810
1005146601
1643081885
886661287
275458328
-401227021
-440274889
-1714183004
-2098906165
2109939182
868575329
-93173978
210006591
1296181019
-283547045
-1785215170
636052754
-2062344664
-1003471766
-1066760118
877336096
1932656578
-2052997670
1353416621
-362897880
955042926
1702496068
1574799810
-983986001
-120133479
412830484
-1286039027
1683765796
67758573
1967045189
-144491853
767499332
1041589733
1008234862
-1910501588
-409908033
184849827
1633595906
-238793162
1028364827
-369499392
137685971
661088012
1855363800
-28462363
-335586600
537609687
-1069544747
1780416728
-1607713489
-343938204
-1822549262
-2061918247
-1672747676
1304185880
-177891595
-1038142353
-1205785357
1651616288
-387840591
-339919875
-1914172661
-717365524
-808638620
1126937945
950555540
-768325667
678786657
-717930850
1564926579
700205628
-88502802
-316490687
795326220
1598005870
-816276625
751951202
-1017658360
454160997
611728835
1270813028
341669720
278807386
-76384531
2051064511
-1891942792
561934008
723293175
-1682248940
195005176
-672423333
-1873662190
124736641
284302135
775320569
1686745090
-452977610
866552689
-1595394080
-270930248
-50378168
-1271368964
1427541729
1627839552
-2143317307
1081446862
2005753740
-600484387
-1220045817
2130629186
587378332
912688753
797582925
-1674501349
113969845
1794996770
454791303
1664314824
-1682145460
-1751660486
-1966819728
100084969
223953637
1269593935
-1630366750
-674404590
-1455778684
-1158512733
34707813
805966286
-381191075
96636877
290045448
-112451355
1036673997
1472067480
562649716
782288353
104052877
1027530026
-438689475
-2044943409
-1987637468
-776724376
316459131
-1595016382
-850167651
2119012505
-243451751
1737953948
1794047866
-8169399
-1833282452
1580228240
-1313308696
-1957837969
312061575
478555874
-1314762957
-678378542
-1324302388
417194865
377185915
-1433348185
842167110
1181412726
-510393176
-1266862465
-1131865290
-633593586
397802395
-76191649
1785865067
-823256331
-466084699
-785470672
-1429072682
1895284371
-1300793284
1824508505
-473121187
-1758326723
2088264939
308300970
680957679
-309530700
1662812554
-2007884677
657566936
1727428336
1635395247
838536724
1027192405
261292323
347405156
-358225841
956831595
-574611976
-1686200039
-424094852
397537524
389870875
660712156
-425110908
-839938823
2088164861
493376454
-1328272816
723369031
-962514984
1725147320
-1998464149
1333721404
2049674737
-1666246329
-1966698011
988505057
2124035100
89629684
-420040838
880536381
-84408443
1489834400
-615033868
1471035368
1263693740
320271422
1795459021
1698966494
1814772657
-630301494
-1401098984
385551253
1691162577
1954053241
-1805837664
40084560
1026774832
-1309825743
1490224465
-2115632203
536745432
231431482
2039749590
-393177955
-386402559
-471369162
-1750665085
1325118763
-1924988014
-1247447218
838585717
-1165485537
1201040615
32406190
232582904
-36727957
156186581
-2103460302
787685416
243598855
1823609834
-458600607
1345291738
1400483585
-706944263
878336665
2007458748
-1706359849
-355814187
-1679067764
-1853093958
-2002926584
1739930459
-890069782
-1406433373
-570421272
810220213
1887295839
244135180
852859060
2011281885
-615202880
-1358501004
-615629339
-683608224
-1027325824
-1521050456
-1801933880
236480100
-770475416
-694304919
-611856562
754104300
677807239
-279804853
-2013580512
-1430965159
565142374
-1844120353
617060854
-356456141
1788648832
-1600888556
-1445041623
1859284777
1282941680
2140389081
-1018708346
369724502
-304055188
-421404665
-999542684
-1588447547
-713984655
201630334
963161848
1090304823
-1693403713
10780301
-1191708697
938150947
1726348808
-692578409
-31292132
-225084163
-1722942492
1246081778
1386152923
461991355
-393090809
1032501522
786082070
-802641260
119368116
-1900567322
2084697855
-1214741494
-762356108
-1468988031
-1093154850
1060889386
1754897667
2116843005
1303491107
67362322
-982596469
1703587740
-1144120897
-1701408588
-1346592492
-868345297
1160348334
-1576780328
1394922041
689929915
-197265192
-1044448153
-1693669089
-1660370856
-881811175
-737577755
-273124957
-1893220516
1772013470
-1101696193
-1506436398
-1762014535
-767754382
290672838
869954205
1312965539
2106599256
1996454523
-279353139
626349941
-172922918
-1240754292
-154071756
641332181
-1232372062
-338357218
1126251813
901011733
185658119
-655158195
1214329893
-159584548
1305464810
1149375344
-119966751
16596741
1879154371
-1611418719
-23087261
-752403770
1971445750
210600316
1730307456
1050226196
-1090999189
-2060865499
1590965909
1635976518
1799007325
1450774927
-2130706062
1994901752
-961958031
-566898948
1675092885
1059091506
-125947383
581608895
-1705887590
137595080
-1013750822
-1612010423
1201280242
-1192819197
-137067589
1397875554
1778399187
-676813440
-469523264
-928573514
1085581423
-1581088168
-763416441
-1430530158
526414439
-1777299839
271366865
334463216
-667273854
-1429374349
-1341851053
-842617936
-945324903
-162270450
-920257842
-1709673432
-685240362
958093754
1041095773
140995038
1332196893
839211727
-1292782579
-954980717
-1910105655
1468270135
-1941347918
-1636576892
594265243
-1099542958
115502840
-1548414229
629040878
219353369
1968786360
-954057781
-747250129
588844933
-1124500596
-990403091
-1233736051
318535473
1929021605
233934885
548266988
2016469566
-1273442341
1428486873
712347166
-1623658122
-1998161403
-1209317181
-1865921452
856876211
-2111687030
-1830770699
1067293650
-1154755199
656837432
-126777571
-164635166
-1954973694
-564277933
-764175606
-1647818486
1744078354
-2116806671
889927790
1555839360
-206817110
-910044283
-2048522779
-1710582563
-1538428023
-511794504
1407207990
1908356369
-746682608
-1309292417
280648407
573410967
1109044333
-592290967
349695670
-848099864
-194600964
-852829640
878401846
1287956532
1544158697
1079571891
-1047858825
2064857935
-751876839
-702307398
-1299240486
902551785
635872330
-1443967078
343677891
-1138063102
1510339960
553991074
1535216545
586649500
-998077566
2076600310
340306219
1256153521
1541912077
-1161063774
490147819
1713403239
-732487768
-522967822
-1010643969
1313431937
-2001835471
-428137984
-763664610
393543705
1212132726
180120205
-198688295
-887519092
2000731166
-731256300
2140978467
-1940204364
1408193226
-1306656484
988215315
-1709226660
-777611914
-516308786
1669735911
1663695344
671383333
642960326
144818251
-713797772
-1526454339
56487981
-1005905445
388750007
1608254511
-417280249
593958118
1012486599
1438483674
1329997001
-1535769995
1401428135
595965489
-669677778
1380707723
1158505791
-1102788710
-1551324086
-1515465043
-1492570477
712809625
-1702523170
-589519964
1932155703
-1923822547
-1616509970
662095745
-840768766
-33246598
-2140498543
-1659509024
273668098
245004455
20952839
1657404529
-2115728721
340801289
-677796336
-958938700
-1809367710
655267200
1692175739
-1659871229
-1530848505
-1613853151
34323708
872721877
-536189679
1954690581
815008322
-992445376
-1554576210
944156864
-315445431
-121718593
-237556932
773828901
540752364
-1066440907
606211578
-710988408
-7053123
1064613937
-658913022
-1713231532
-2081631975
2000469875
1849722230
-294274753
-2128197002
-256799057
-2047344903
-1455053397
-1022977282
653375632
2042029153
-286765233
-668774047
1994358783
-1962471510
-1783514602
519452646
-438487132
1155189037
-1506680250
-1319768892
40998316
-176780784
593543141
40840111
1274478541
-569380352
-1141072809
1343265972
254088071
1081730077
-2017092021
1659124809
477359787
-1941897418
-1198805032
-816926560
-1890780128
-1021647562
-827186462
-614588357
1911900388
-1547827747
-1390495806
314006980
240756049
425648306
-4199898
822705438
1604654753
-529862089
338733108
-2088950345
1343118516
-974602146
868079605
-485083617
835817488
-1855473092
326389488
2052295902
1847008296
-1327374597
1076109333
1086458497
2027526624
2107400213
-474979363
1693786358
972050000
942912191
-1664033106
1101562905
-780381752
735233186
-992138877
1257492366
-1252875501
1012680656
-1366343476
95565264
-304239872
608717301
-1893360238
1389202570
-946539491
-194540852
-1356120866
1933396517
-1160635707
-723434027
-1548863141
1300187298
-222938787
1524065092
34855738
-480681560
-1656531750
-60275652
-1169997227
470824928
-1358852731
-1266377155
-489812329
758169984
-1413474302
-461170215
-883905894
-137402330
1082016398
163752109
12197009
-1426533914
2022247047
1028114063
533037415
1128114086
1302201905
1766857220
-907176408
67366056
2024580790
547039220
1657074592
-1898071192
987436654
1943932576
-584851391
-1597080665
1426339681
-1631355949
1799806025
-362486329
1396213257
-29863337
1493650467
-1356765351
2049172571
953725610
1443489038
1879424244
299274504
-1890034958
-2058043396
-2052860600
210751231
-654536147
1920546492
886002034
1963786550
518853292
-1600393382
125187728
-20431190
730113985
2003286469
1851434136
532521636
-1071549769
1939743666
1638966885
1727978813
-1216345342
1858266817
-1421840622
835766307
-743707209
-1450339107
501127307
1518797724
-1203572675
-912316697
1896953696
755883978
-210720187
-760262250
231856092
-2058152399
-2065560841
406832280
1875490902
-272492682
155225453
1696708605
107402438
1813049705
1170718820
-201561131
-1073899621
-890826427
-377547472
97091095
-1206631478
-944282059
-741529104
-1020904764
1311927338
-38033382
1505297155
-509130165
895486974
-1315518837
-545200198
558785071
-1423633197
1828766749
-1569335730
-434643994
-527202932
1732149731
-360332524
-527411708
-168599877
1078738744
-1429334290
885048216
-1958148047
1170854331
808657157
-893284906
2053372887
740546971
596668340
1177267189
-1951610433
1013282324
1440826567
-2086087334
-356071051
-1814938056
1996462308
-867028490
1821052059
1579188722
-1635032503
798960875
-769169740
1512576839
158536375
-1935913611
-1501192641
1801074655
1756463277
-868468217
-120841464
748368580
-698044455
387140020
-2113231431
593426024
-257676085
2062567376
-96793417
1349891820
-1665863701
1993035223
-622411221
-284805985
-1398539347
1471010700
960481118
2114414276
-1674565118
-1245350555
-7571127
-43807081
461298961
-670777050
-1280634260
571143826
1570670374
1422686411
1332409822
1004331500
-1986707990
424731562
-188278875
1907454049
501796052
-1509038631
-1930553785
-1422427592
594606815
-153197108
-1967531616
436578434
1008465789
1332865091
285330166
1936608671
-1470618933
992314978
-263194038
-140918266
2035655941
401842721
791856368
-1067235004
847612219
-1048576794
-773205663
800113476
-253538492
-1988357009
583431248
-507662895
-705615629
-403052043
-242953478
945175129
1847481993
-553543794
-832284990
1619491828
1238521449
1126193106
-1290058244
-652873309
751754258
753787841
1898616328
-1118048036
1816511048
535775972
-2016130397
-230312890
538930324
-1341347407
893908601
1379472064
851528687
37839411
62796029
-451730777
-1821672775
-1249592598
628430205
1665551704
-2059426832
-127727633
1728913264
-892889357
1467132317
-1667382693
-1478035438
-1037951390
-1790067055
1319842281
-921171662
1173625241
-1246042287
156536026
378857802
-2021076450
2103711310
-398740968
-527567664
-1669896756
321607513
2097144222
1844160715
1332105171
1479917141
1145771798
-1717726552
-175112702
-2111173331
814213827
1413998925
329578056
-1965079288
26877089
1208558446
191647863
-2084137285
972172746
-304996576
978028619
-1340119425
-2080986086
1214295723
1542122411
-558147869
-1119611882
160800419
-1413732050
1845726979
971926793
1356630329
-394476832
-1034964998
654181231
904727246
-836343483
-2102252140
-485300841
-2020463671
-514096483
1650785864
884016771
865997737
327049833
-2143496603
561064722
-1325573795
746976557
-650616182
-563018400
272532690
1602937976
44315994
-1826676115
1863816654
-1791723743
1654873200
170233340
-373513220
-337858094
-1502097263
-1426042691
-1770525625
-1799914550
-203082464
1341861037
-31137942
2009123806
-1447322922
-2111554627
339019208
301081024
-901826127
-42511183
872336504
-2105553021
-335718867
-446670261
-1132228700
685954910
-907164239
-219096920
-1193576941
108814767
-171719092
-184052503
-1622478333
132910915
1850219936
-311495916
-1393624261
-1409111084
-893275362
-958310852
757749345
885982418
-1693378189
1295048416
332365192
-1294276506
-1921598655
-1664996463
-1935147507
394956979
-700276974
1868562390
1806917539
-504299682
1713895049
1818752339
-58398549
2106592592
1356721370
1068407591
1573442504
-1532808518
-1302697861
-1485068394
91146930
-469742759
-1400196069
-1125834776
-209667509
495573754
1027162835
1826265744
-1970646033
-1142778304
-1693514854
-912261233
-1645817841
1590309797
613545982
-1903596774
2106574336
-2021144386
1273627153
-926935430
627125520
675690434
424680864
569535283
410245850
-1534365364
463173803
860857448
1232147163
-2076471713
-576512240
-1571708291
64420676
-769325397
526527880
-1948396291
1901005585
1529054990
1043840983
124804798
-1095449254
129707100
-142930369
-778905533
1333548520
-1612306845
1194290741
-1793960863
-250748150
-68483287
-919917993
-612463836
-1012684631
95568503
549414300
-1850323214
277229722
-797597286
1629388236
-756830223
-1755104205
1225568104
-761159373
-2054393434
-483314912
-1278910335
1172671377
1501673182
-338023561
-169313322
683777620
482609105
-100212984
-318929041
-241448952
-954263933
1326653946
1020935528
382660366
1251140973
834317971
-1278882500
-2130652277
1339438173
2040945238
-642224827
1134533795
-728213607
-1511061422
1766064259
-443644697
-756622006
-1507005256
1178260636
-661890549
8234264
1207891375
1140177955
257278940
-2012328431
1298099556
1936394524
1278248560
-1208607026
2010655076
1146891199
-1834208354
-1079522344
-755377363
217577852
-1556611152
427868231
-1835051519
1420550207
83144023
1880607916
1488903677
-641824267
-1926970145
378363952
1746457706
-906841011
-1425241437
1497608189
2117358931
622411970
-701077310
1910993116
-317744553
426098905
455589906
488113950
1291007680
1019806375
-488811436
730353856
1312063699
2026463638
589678505
-899715639
-224084887
-142024857
1281612100
691219191
-1137714498
1294289274
-1683399839
-43257190
856089480
-392237491
1102517366
-1250138178
-421569717
-1086937278
-813891673
-397078641
-1382925589
1560033956
41525374
1092529401
586828930
-1991091733
-972136998
1254896270
731578739
2126364735
-1513482200
-1396740435
-1567222337
380187962
252341969
-1614162465
755471511
69236722
1634167027
1132793732
-29027791
1478514230
-1536920238
-1919604562
-755618081
-1623559146
-1323502192
2032177484
-1983269028
1194297256
391235740
-219658358
418117225
-66384631
295733352
1881986424
-1801974888
-344475998
-2080084258
-1036843799
107436902
2058624428
2102138388
1208315293
-1012962161
-603752715
-1221687363
977158562
602916510
-68268061
2086490082
863435766
655795651
-1587308615
-2020047150
-240003727
133994472
101349657
1705313879
1676354529
-1941678331
303679433
-1521205718
-1723922570
1095595187
1091700409
1607490472
-420345248
-797070593
-1090303420
123123908
1316066998
1032709761
-925336906
-826948033
-1370790247
-1479189076
-910836978
-1350376169
-680963431
207505766
470808580
458220348
483467863
1597313754
184542028
-1267789943
637420394
136055437
2142428956
810555633
-1662678394
-1629815633
1140891116
1601121529
252797659
2130917043
-2041283972
-1737291419
-146337862
393597473
814074907
-1263667914
957080702
1887656106
187349797
-419375917
1533777577
1364792700
-1247454772
-362885755
-489746868
1407297496
1491272987
-165467096
1288001708
-1971082527
331502136
726827807
1251385634
-1501395275
1687423977
-1845808248
-225225661
-1384988991
-143653799
-2139564624
714068287
-1317777072
-44122342
1520514249
-1709224562
-268764059
-2132461715
-468135462
-148451640
-1894417461
-1852815679
41427446
-1786028332
-1767762838
-571379847
1355414448
1229774405
-84934437
-1302917134
-1853954099
59840768
-1372417219
-559529532
360204603
624492833
-551280567
-815994554
25792578
1993618463
1250166691
19315031
-688067336
-1671090643
-469996173
-1143460005
1519138042
-441790493
-21923532
-850474108
1863708760
-1614144995
2139434443
1860569426
1902232017
-981646301
-801624357
-47915940
1204198975
-1248096247
608241495
423605584
-1900509356
-1222672039
-608647848
-616082633
-378880634
-1408804370
928317232
446489853
-1894867640
-1278869214
1062507966
1959280432
822516602
1354283307
1741015043
-1722471928
2145916193
1014515394
-1545507851
-1205269593
194897498
-1423806715
-643800941
2131915424
1504246923
-1474105443
-345141959
1600668861
-1566877732
902911267
1495794228
1705416188
951922661
1319850943
550375065
-1890358309
-1668075608
424248850
1935892306
-1890193195
1677196481
-106514859
-1053721735
1787747371
1961524700
2033194434
-492621336
1579749863
-2125097882
-1248393678
-571421680
1929756445
-198361722
2059622919
920394250
-568887692
-1786229170
-657510837
1645784043
2025066724
-2112012499
-907820263
49138779
-568502592
-839140696
-681511365
-60485528
16561399
1640227657
137315348
556896407
-997293418
-1606974249
1169584832
-878108868
-2046977392
-418339642
-1074705543
-756412405
-1019720255
2093753841
1035535932
-253926162
-1449922256
1557033862
719932331
-1754369000
1344572564
791897920
883421492
-1756472487
2080533785
-1594237220
1529467763
-1725246285
-804282269
122598597
838890197
-660258770
1114348498
1958875153
445789821
2010117864
803443720
342704048
1108965738
533019503
-1114486617
482252002
598001113
139221843
-1026930593
218362089
-246095129
1387714037
-846073561
891550208
750491770
1550359717
447262921
-108975221
-1761063582
421249004
1937852836
-1929300593
-1663179846
86056485
-1189797971
1541824355
964654996
165996370
-1640967754
1926226343
-1481120812
202836524
1729798899
1494313845
-558223012
1749343867
-478709575
467748566
-59288471
-1850564440
-1168412537
1541394551
801627196
1561891472
1136611914
-1217251684
697202940
1456526746
-832281892
-980044971
1860336602
1195397643
1506040525
1299166702
1436530038
-1172947048
-2126281370
-2110607445
-492087680
-761060548
-457749526
-1070172236
-200034654
-633252277
-1833717473
-1029801394
53159325
47606471
1865842956
668411724
-1440994638
-1609170702
-579913469
-1311288380
-411576766
1134813732
-238097439
1151959812
-1356527176
1807512798
-2105825644
-1249097018
-1390290522
-555229666
-1275651875
-164084061
-1846120914
44917748
1182828118
-1379053883
-724892253
-327031467
1521894326
2060445153
1913191791
612727598
-1854192556
-1296362909
-645331658
-296642884
141130729
-1153820950
1791942715
-564514534
2036471961
39894518
-1695196926
-814096357
-1386686156
225455327
619924279
1298785369
8913848
740389384
-1945311282
-345734002
755941402
-1471266220
1070765931
54610465
953408325
174299609
-79618301
373289732
-928827806
2039559123
-1951601982
-1498403652
1293706842
-966521381
844931887
1576103104
1382893464
782854744
-615157619
-1104709113
-1975809517
-178584011
-1625452412
1605729244
197949835
137131476
-1973411328
-916807180
1638565394
-648225470
-1347990695
-1679246911
-1308864307
2129622955
-1290789196
-247577336
129581307
-207576561
-1876041560
649258417
723772727
-652976843
1971885348
-1631702307
-1078811399
1628863200
-2122516849
1905150782
2031322722
-1936463296
-1610466512
969193634
545262648
-310913109
305941711
-1360693041
325218350
-1274113140
2114410140
728579990
-1667383959
1681618075
521391440
2118207010
-1898016961
-370267826
-1829218926
-8635504
1618114625
1779903630
537996443
616639172
-2071964293
-1792912978
-1973749988
712403322
710676985
351902616
-202302882
-1831344997
-28008819
302109513
-1229585493
-1963893295
402858447
-1952083586
204341740
-578392483
1292805221
689614767
234591635
905405223
-2067284604
827937852
-1762239814
-1634777578
221512630
-184873498
-1329335924
2140711074
-44481059
1160491648
107776227
-463731802
1326764151
-1354959643
-1344606413
2047066234
-53787869
1745413676
517098917
-141607103
1224850019
-597764582
-236850810
1455386238
-1615244894
796477143
-2021537822
1098696685
-1217248903
-181213211
-787976340
786417296
-1169416659
-962868147
-1261042528
201468423
319617660
-68202470
1193085995
-1202676956
-969837928
-1577164533
-479912054
-1468430914
281273203
1646861955
1148796912
1469004741
-304524739
1983775940
-953289876
-926894697
1953941546
1145313116
478777419
-831683695
311043704
-191316258
-2086970694
2056176871
449689264
1176587733
-923510608
-2118633544
186514219
1272668406
2071920650
1116845660
1128104919
1276546708
580985590
-254102016
-2122659013
257235288
-1973043563
1242471029
-1888985160
-495412688
371363804
-2082868412
-988291823
-256191097
1122472634
1862137349
-515081684
1698836407
1195691903
1161873904
-1591595239
-1390119749
-539682180
1272871092
1039316819
-526260439
-1916622362
1993840775
-988679098
-1467102626
-1335581185
-105380994
512717841
846781434
862132087
826355742
-1765597044
-159027058
-373237746
1678311218
642210444
739518356
-503223938
1742148318
1432552805
-101487969
-224733544
-2087189772
118113968
1386949587
-1102970195
-1151401339
1287978573
1495373718
1872890671
-1167865157
2083928747
1684843911
1106616214
2138300134
2029006150
-1099959122
-1845267576
-668238381
-1510710415
-148586763
124596019
935056484
1643661141
-1050759209
1800569341
71910749
-1132319431
1556445782
-582993057
-1689920901
678654211
1591216690
1417514510
-421973302
114845693
2036108375
675799387
-576159176
-1289803044
-1696331114
-944778021
-261720476
1013087230
1564446360
-808428982
-1766058821
-1366929933
1093664783
1732446636
-1936136762
-38293953
1165570605
-1371335756
587858364
-1749411747
1024709721
1310881386
1637667422
-595036923
465648160
-959752185
-1068786172
1534085553
-1392562583
809610275
2067738610
2133974109
-1366735380
1320650513
-91082257
723013519
-1468504859
1141425033
1710754584
-928449898
-1595380732
-275194232
938629105
163152405
-1424539481
1742220659
-883077188
-1850706749
-2123389878
-2057055614
1372367629
984379499
-1171943619
2030441307
381149086
1820988218
-1909390696
34797053
873317727
746667321
-1513126548
1542932447
95746257
546727447
1803796795
244216664
1811910292
-1297806548
973992361
-952776895
-831656898
127171002
2052004722
1994003672
1770379885
1620605301
-827048290
2108082151
-1321196513
980654916
-1981417485
1842076965
-153069760
-1580650423
1766606251
1178753755
1647278724
-2014761697
1488806759
986525642
340511863
-1184858782
-1901465245
-1712415669
-1295196207
-2093184141
-1232610582
-228030024
-165893874
765001852
-178212853
-1302301686
1255887166
-1778712399
561997452
1889913283
1563222553
1114466265
-2054900194
1596188174
187506518
-477771252
1743291346
-361297629
-491314884
263339198
1969361099
-936512784
-344750984
-106157061
773316661
297272309
435766065
1861009396
-569145227
261752943
-1057322151
-1111255367
948233121
-176025160
-1690819002
1970853447
-702328014
-1770716691
1636517248
-1041245499
11733752
2127998417
620677340
1875903754
-73427123
-2101888784
49172937
848129379
1794904717
-1478324217
28489705
1526955666
1514978757
114501026
-1933004061
-672154344
1787097258
1381717255
-925381257
-1447346506
-975203125
-714076334
-808651310
1021679153
-1597430
-273041695
1688026915
-1169410218
325665352
507792625
981117037
-424306883
1180416607
72504713
-41026402
-1011381039
408880725
1797232022
-1327095839
-1350257265
845669069
-326168745
259939888
665117325
-119026240
-1231953669
-1572696276
-1067920963
1013317741
835381639
1947280176
128563058
442078350
533551101
1411935651
1546214435
1885620427
714246330
-1603420019
-1267740049
34642035
-1314532065
-1596838548
-1448081055
1143806569
-1739900557
-1392378040
227327732
-2079696036
-858786552
315179525
-303327527
595568442
1921157275
-9901321
823941495
-403802651
-406735104
1572697787
898015026
-641503449
375942142
-1747906492
-361731089
376388067
-2133414537
-1316973260
1066696408
-541029746
-1623852340
343673708
661084764
1949050076
1369030271
1231051750
-1739175815
455525565
1115862553
1999726273
1547427645
-897572214
206992461
-413612899
922339721
-856848773
701129053
-1715549911
635426840
-2115657891
794025404
-1613194503
-1652252993
1121357952
1755671284
132084892
-1422646794
2094689013
-1017446711
2014470893
1851611286
1604158969
1568007326
-1507519319
900695523
359492267
761975064
-569143486
-1490767923
882788101
9112577
649846002
977712498
450894857
-1782852498
-283375598
886098407
-1224991942
1677550370
-836503637
-1817749704
805693261
-931844300
-705691315
1631358380
294890528
-322610960
1933198367
-15195315
-1773452821
-558539013
1209934135
-1365440602
876728244
-1680965191
-148216533
93327310
1150198024
1892710642
1316222696
294575781
139010791
336158643
-1423695935
1524010333
607468543
-1931085198
303743178
514709564
551580701
-390218891
988678503
1690227615
1915068128
791685491
1561756447
-1394053823
-701235793
631213179
-1129347403
214973885
-1936585492
-2085681900
-635343239
-1576964527
2019782761
-261590619
2005670363
921548516
-373509349
-888093161
-451045824
452048969
-1354314228
-1711818312
-873856744
936261317
-1893750122
1459220322
-359205072
-434374450
721687501
1933245403
1769874756
1851280917
597871421
-1274089857
-368063016
1367638726
-2134919980
1080115228
-1468573625
-1288518898
-1563865567
-1033810916
-1408156389
-1551944995
1844569279
857389033
1818420127
-1440989715
-905887733
790785164
-1573239629
814048258
-1003834852
-353958249
1889822431
551290226
-1803631628
2092818501
885458857
-450497561
-296816398
414456287
1067124266
-1881289885
2102207883
-2000862112
1984586462
1195464580
1469576505
156209756
1590552764
-2134210296
-897598542
1226289949
-745286778
1711521684
-69198499
-2006139890
1807353697
397437872
-676553983
1288619100
1526443432
-330347242
268840127
1145116377
-31765764
999018796
823859266
1710956068
-1550867809
-1920444979
7435828
402222855
634059522
-482126769
1414535923
-978676449
836343708
1358280897
-83831164
1770620354
1133345788
-597104268
367148999
-1137582820
1966787617
-735624516
-655458580
362301851
-848732663
-112063753
-4207835
1121175949
504713351
2031362766
-2072866915
982163206
1214364505
-195496518
1984981927
1843404294
-1707225991
-1729925430
-449936838
-1846626085
1655563955
2119759266
370986141
-391385404
-93350537
1083226054
-173317026
-305528617
-1563923984
-558382568
-2031748984
-1492807388
1623004500
-1327583585
-478879212
-578056167
-1863363459
1133374089
-195654753
168172583
1563852985
-683026317
43720797
1956984741
-1712334371
1623216870
2008528461
-798852875
1262542240
971854629
-324704338
-1425205020
727138341
1159512101
22286257
1285423958
-682141223
1552656860
1514118767
-701903326
-1302126977
1556837566
-1150142436
-2050966982
1378939272
2033039748
640455549
1189815055
944434087
1890049326
1947290519
426967091
1535403429
-2096519861
1866930344
806444351
1337777265
307383416
1439769690
-257889290
-1142652294
-828122331
-23335626
-1780149078
-391638463
1292683422
464547158
436676830
-93407703
1717315657
-303663010
786537516
1756240273
-1548425428
-158694228
1749772137
1480980260
114875826
167400398
-887883258
399882351
1550629294
-1904267724
-1014866503
1628699315
-83753824
-1813797338
238055515
-1973875460
-624637386
-441575945
2017810451
755678066
-1820417260
-758624901
111187380
833158126
1366894551
1693459125
817453411
-970960945
-1041887145
1607719381
1913388413
-1476399346
1695777580
108566624
-1372992585
-545320816
1947687283
884496304
1310552197
-1692539973
1896110802
1703414431
-870793024
862195531
-1469532744
1284369023
-1434012286
1946667366
17119209
1973100364
-806960556
1759894765
-677311687
370882340
-1887114869
-85708780
-1193936233
-960552713
-1972096274
1482530868
1038975821
231775866
845637788
1062160095
1420244613
-2013896352
1532902956
-496206795
-1069207794
-1795143732
-1613019626
-20960651
-1530683552
-338269184
-1212589744
1389840086
-1477657635
-2095252646
2046645564
-1680243817
1732937049
784992385
1886081984
1974636373
839661532
-49689381
1718927798
2059367836
-1425186394
1101073730
-1769539705
446231743
-41359758
-708536842
1326987282
1070390507
-152931585
106430932
-2041890351
-1092236166
-1248516917
452280520
-1512071618
-12460668
-922850783
541167999
1403517811
2100172988
-207069610
1999364705
1931762704
-440024712
572991054
-1812214338
-1922410144
762433297
936448325
-1026054842
326251454
1121331052
-1194229301
-690274114
242388277
-692097319
43180816
1950385137
812296806
662536475
545009249
2025181156
1586847150
809756615
-1883061006
-1643261108
-1367539577
-51715631
-1445355043
1178037828
-150266066
-184496029
1846749290
-752640710
-9127290
-1882907408
10162833
-1658151126
-1735506884
983755913
859980732
-1780430065
-2011121365
240333935
-1813085232
-1352742763
-1014268416
-785185816
-652450194
-267902958
-1919622623
1624512342
-1493048715
-1676257865
1292201162
-291829628
-473670197
1876820994
1825069177
346009667
2132619613
-1691965066
-49422196
238652725
1307830627
239410574
-1248705241
-873774104
-2061122072
-265035538
502704475
-100824026
1546010505
1893973212
541536132
-984932470
1486656636
-5085715
-442763278
1740930390
-471948844
-1835264509
997778890
-1756653692
-1033270014
-1432858250
-1402319314
1928641818
1216151966
467749776
496694683
-1380231742
772147047
149462591
-134086765
2140029593
1800582280
-1682749179
1552790651
1870723143
-807911395
-1232983246
2040152517
-1054103985
283719924
1632333141
189913169
890634151
-405674857
685542896
1116065040
-1246922614
-911406454
-305920662
-2073649174
1627458957
-1616662576
-274942647
-1686434591
1619650544
1080985268
-733702496
1435798390
-51809482
-602401083
1428904901
495050827
-117786632
-311762655
1719466311
-1205426935
924717045
-110689034
-1883813346
-441914749
176392044
-1865471930
-1166458076
-1630250725
-39223379
-762009367
-1773311548
-18582684
-1131780371
-2081990184
1847099888
-1998725367
-1118987942
-1540534105
-1192188072
1740167148
318553967
-462715053
196101592
-132304494
-67093112
1391482429
1306240305
1804765885
2134542520
-644019594
447151099
-1643276454
532903130
1597774909
559300058
1642964125
96587750
-1222260283
-1240524561
302758762
871554693
1447893562
-657926510
1202652406
-1839952410
-1913942778
-91417795
693130670
-396333358
-492701361
620200394
290521687
-778908163
-817274428
-1139659295
-681090186
1457159583
-1256800103
1921970603
113617649
205726787
56692687
-1154084149
-735711243
1425351903
1619595704
-1016251763
-198142694
230913059
930520506
20528480
576744645
959508245
-367561389
2119198081
2094677966
341575389
-1249385124
553268473
-119301534
64542173
1078835089
1305793225
1744765737
661582340
-896386992
-630745246
2104623274
-852389788
63984800
-1695716262
1364955374
-188887551
-583527307
87618397
935851875
869544427
207156529
-901797791
-1046936317
-2092974962
-625416082
-1225231587
552091317
1196300359
-585762054
655186875
1425704435
-1623081157
208463906
1336366795
-1187829844
341846628
-876667597
1368808571
1089369450
-523543060
-1137249987
2005352197
-1643492169
-1988663619
-168749798
438039656
996487357
-1836999336
-1432453202
533874522
-1375544788
-482819610
1084381807
-319806596
-2129698464
-1937619572
1032040999
1198256335
-387422526
842683651
-2050822152
1463464550
2045107565
1274116199
2057264800
-1680548771
-552444907
-733750194
-1000783874
-1218570999
1167923236
758355996
1430337237
233526640
-1311903963
-323975788
-1615984434
-551150341
1273373285
-1274184270
-1828848445
423799913
1558096087
13373113
-1168549574
1227521031
-962643144
975503239
-1891645649
-870620899
1062698610
-565890001
-2109563626
-2045831509
508948549
832292809
1911182879
-1790567083
-1605469660
-619745405
-756696645
-1316215141
-608383396
1723759356
25524062
2088468300
976024443
1330513361
1802451590
308817212
-487153169
1359097463
362773244
-1326271436
-1382131731
-484284854
-1769894566
-2083670487
-1478932589
-1865797914
-765872180
1228989105
459244368
-344467275
-1984606438
-374937166
210373763
749737673
1112612837
-1496619684
175155298
-1708753940
-215570384
-1125585064
-1508532451
-28822284
-1739266782
777442625
778815810
923243610
-475940599
-1342627757
887459682
60572429
1587359138
-293804959
-1744715787
-254465404
-1002432873
-2036987380
959799162
-136942574
494131272
1544751153
1474287330
367982973
1317623502
2146320547
-1377229778
-1428774192
-1887350468
-2083785703
-1568673450
-1369526928
-1905742553
483328362
510113133
212617324
1311733352
-274865161
296043521
-2118815207
-846620897
-1626036889
2119855815
-953277730
-53179397
95925913
-1232626313
-1935879860
-403859271
1522983894
1685356533
-1926585487
1570259178
-703670202
1307524785
-885726867
-238221064
-729095003
-1952199345
-68518587
1732559722
584056118
230900617
110740471
1192554086
-1269488905
-934453164
150965197
1735779703
-281236459
835492673
86668278
353627024
-964354142
-243832794
2073692498
2027442513
129996932
-1548775171
376104076
791165832
-1596660816
-1744647669
-572648083
426429946
-985543272
-664935356
1956343663
-2021605790
63328994
-933871123
-1477211247
2029228985
-989157287
1132687747
1600099177
-180152905
-1132966360
2099057371
600451455
740012185
1840554565
-1884329334
604898007
162058533
-1643272662
-604289146
-1379138097
1289911530
-520033334
540811021
-2122055125
-1780110644
621796802
-816217403
-2080876946
-1252319297
1771296463
1077368100
-157936021
736678866
2054667392
313155601
1243645722
-303684753
-1964764884
-942853685
-1820851281
1414222049
-683298523
1355506697
-952000536
-1671882219
-1729712339
-268979869
-675931226
1811768996
-1126955992
-2040300304
624163775
-1111076336
608306707
-2106281937
-6693870
478484045
290249268
1952518954
690704091
-1193895293
-1760471405
-1841003816
-451683001
702523922
-219281752
-1862686269
1891695946
1659312086
360925013
1865621226
1099239600
-514305621
306709
-1882386712
-1132281486
1717381171
350039926
-1792158892
-1358868662
-857354538
-456476476
1275993195
-1237343607
350377994
581775622
-295202580
1088763944
1860252116
999298350
-1714223037
1854749468
-1803917683
87368587
-577912087
-321298707
-1306024471
786025090
1173308682
37703561
-2103092683
-1252503940
730838887
1184680533
1794723295
-664741086
1442378365
1976284292
-1660967621
-1315572793
582653927
1110491820
-1121505148
186316582
1817959936
-640383594
-1156425184
-790975924
-684985908
-918556587
2086810919
297205463
245109527
961719193
1766158373
187861088
-623063330
-237319612
-1547882465
-298363595
1848245230
-1491422403
-1054468140
-1515839925
1640455627
-1914481532
-776732860
-762051982
1047138770
-38407289
-1351409803
-842252086
686369441
-1681772877
1313453684
-577853835
349314486
-1983249331
-1264490599
-119889011
1227089750
-633408895
-2129667057
-1574814888
-901904209
-460815173
1355442068
1228882874
2101265472
1653989941
-450316932
-1556568085
1457405048
-1193201200
-1204370950
-720592279
1217026205
-1255872728
2039915426
-1198513618
-1402891281
191909090
569829673
-423440603
-639034611
373940295
1684705135
1157259738
607968150
-496807402
-29633601
960447089
2101242386
1917599893
-6068651
1096786649
842129939
-674365719
-1503543008
-1092777919
-343530345
1080819111
-825186616
1664055242
762845360
908699818
-1528885775
-1156400515
-803810714
107990566
-322306879
271150206
757646300
-1141316867
-2021058400
-720516222
1741708464
793557073
1494085182
1688696958
651213736
147420761
1256273369
1361485984
892950154
-524226440
748263359
1288978818
-1203127222
51291787
-782519022
-836371299
1657591146
1560020866
642480331
-1804128773
1211975325
999147825
-2049772288
-1162855888
-1829054034
1185835368
790843497
-599767158
1928532128
1884761152
1016629280
912053895
-1952626923
-820368457
1861290408
-1765937785
189597171
-695907201
-1563006673
960809922
1625517380
1862216722
1246017559
-1973004421
1376966749
-1086563319
271728562
-1408124043
-2114576318
1283227310
716285005
-648091738
1743724616
-2119952177
1524937839
-1848121046
1339449596
-650040107
1119250530
988499322
1757416771
1356198676
1656149490
-2075851555
-1254582846
-2052701341
-1763959692
-441550819
287155839
-906394641
1670876426
-1980906114
-1939975480
-1634979508
1977520932
-1524147989
1228381011
-1811328052
-994369207
-1111207054
2117120678
-1927973356
837789206
-1206684174
1919722425
1610215659
91671943
1442939667
1813855961
-1197957035
1567068789
1621183605
-549621554
-180529696
-1656069025
1477107499
1685547071
1013161021
91514220
-2103671958
1870474581
-1143169007
550110384
-1373666435
-1755279457
2083148301
1704622254
1191046652
-454980043
1654789692
-1051075043
1658177340
-1065837025
1664783515
1461190382
2139708937
643068663
-720535826
1240335758
2108929938
-2544180
-1009819695
1333633128
1885554340
1386813001
-1307785460
255875501
1533829659
723337750
-585275604
437135191
-1194840428
899075709
-642582450
-433162390
1670115175
897028176
-2014120899
-1749599108
1330639572
1813732874
1969717183
389135992
-1399026309
1813600308
-351988437
-1179307106
-379135727
1202115594
323470399
1914922445
1997417040
-362034082
-515630288
-1691097084
-1327074769
1236466875
179637505
431923238
1718287955
-673314100
1842440472
377399549
-570929980
-475504130
1699264525
1519571072
128116452
-1219910300
-1301245499
1922119256
-1498646628
20110299
-190267201
-447230304
-2106093353
1311750766
-561133907
-837038868
-118631373
-983060229
318150214
282475404
1263760118
1884331286
1983092314
-1119075566
-1631700674
-849393875
-925744602
1540744720
1242929276
1247809003
562690793
669922597
-1075550942
1025795041
-1188307274
1136934715
832322459
-1663564957
-289884020
-709606903
796246139
-702874448
1079860643
-1459298593
-1290260489
-1238629803
-1857614840
1052530594
-1763315561
1480628178
-1454989716
1713248276
-814539479
-505477507
-1286428361
648089432
1535523321
2045263014
946197731
1932762549
-934115010
1883110139
-566752888
1084889753
245281494
-741084114
304496562
-343853343
427930422
1891680980
-645526918
-1678917801
1401636251
969791888
-1361105196
-1899527301
1925987717
-1219243664
-1604920284
-562731898
1787200357
438483606
-1539483113
-455290709
-510416748
-888384742
912801712
1723281055
-99858809
-1465890769
152078241
-36438692
950639937
-351738492
-1215490596
1123462176
1140729096
-872884500
-1648917912
-445944133
1278805851
1820385344
-179159688
-1906404854
-1359760606
-22106237
816079032
1152783550
-959971289
1396976967
-672087574
736462946
1868600772
-1763119280
1806899889
1496350363
865896670
741192054
-2132321875
122685104
662332689
852752591
1414295751
1555300172
1510872364
-548780787
-556452659
-52346749
-2012717345
1500476451
1301226048
-1241914862
747496883
1706441774
-76539028
1217208810
1468459321
-1175724141
1492743097
-845107473
1567634054
225673060
-844112831
-440574980
-934746914
-705056761
-1488124510
803569450
583017902
1002058777
-1014428908
-1728347822
-1316958273
1303118223
1218902717
-1216126513
-777476695
1820718366
-2016342205
1964126856
308000645
1976621020
-268013917
-630534099
-1053036571
-2073978073
-1037729215
-1921557825
1100479496
1541467845
1270561855
-717016490
1403257674
1739822412
-1343169007
806452254
1329717721
-588703036
1769411665
1592292258
470145709
822923658
2129034191
1890192460
1769993401
-15779465
-100998164
-1051285716
-694061218
1312568640
1116725799
144630008
-2003224032
1335144991
228231928
-1313489837
1341701019
1109960115
935683036
-1918587822
1100952503
-1585936860
269542065
91702075
1728517402
-944529270
-903082429
-894662257
1650831838
723186063
1600001062
1857569098
231995267
-1742314414
2031282117
-1774282392
-458066393
-1417372786
-693485893
-1101458005
-1964366092
636201211
1246330465
-639914341
-640768551
-231516429
191262375
-964858418
1165873787
848816217
-221657561
-1640494487
719588462
-561089866
-937041033
-597276186
357269151
1166161572
1045383102
-664721129
1842359829
-1369138577
-2048285047
618140009
1719255000
-1368413448
-2009751841
1679859309
-1722340816
1024804572
1104703890
1249818516
-2130197230
-300722218
1228425431
271450682
383806935
-1488470431
312272153
-100536347
-359484881
342152097
-689061111
-519967539
-1960364460
-1588484733
1306791673
-2084867425
679201410
-485535454
1930951018
-1218706563
-1299651675
-1330700436
-474595101
1329680713
532245332
1216038917
-1306262269
1473123619
-656729346
1663991403
-760989991
1630952239
-287517086
372551002
292764275
1759397531
-940328636
-1867414415
1023577524
269652448
1712770141
-1414546412
1330088042
1569869639
-2092132974
-1364839532
-1263695456
685092270
809826153
-1397863027
-1217583569
1786103179
-898821192
1050226319
-938529637
819311153
1465001374
-1060650496
553357851
-1821541550
654542519
1803790656
-1201562375
639341252
225661834
-942311154
-892870628
-1729500537
1054368582
-71898839
-2040013853
469755655
-1945401682
-448406982
-1654499277
189444509
1023754832
-678996495
806800339
1442426715
1749055484
1117252973
-1699126026
327491592
1763292020
-2028398112
250119961
248588649
-192278944
1870758770
1824248335
-1872768318
1847058308
871387750
-1009514919
-290933604
633776436
-729682309
362044091
-2793273
1718811398
-316223340
52631307
1317914274
-107070775
-1025291622
-1118271413
1282414489
2105116854
661219745
-543120902
-863768594
-1958858011
1265391177
2051334310
-21968964
-640324606
-1273047194
-371637818
1597763641
-625460928
725932771
-1176476474
-2100125381
-1878275188
-1252382493
-1788335774
216587005
-896681978
-858872536
-1566482634
729686050
-1893284948
1719321272
-611689834
-1528476679
-30263720
-1871376963
1592623771
1513949441
-722278164
-342102100
-9294723
1612360624
328106699
1337266602
-1014015960
-1094617744
-1166370166
-1137311446
-1374346744
408716265
684633575
1390410458
754646568
-296619899
-727112455
-1483538497
1886261370
-618011600
-1090202455
-1067804514
-1073990024
-1393777825
-1203784608
-470226018
-1938975253
-125381036
-781534463
-497350614
1940374793
569610655
-343533799
330009884
-32317499
1390404327
1749825109
2120682775
1806311011
-629938710
1935757364
-1389898445
661045578
-1591106111
98854908
-535496224
860710429
-346403224
-1262880271
-1103442429
861084171
-2001833346
179816388
651241573
1523629414
-1104778936
-698582966
-1814684851
-326071182
-264500997
-1774911891
-592838038
-773136001
317669690
1790770023
1791232759
-148601798
-1297917475
2007404588
-630941159
462559807
-1966417421
-330739161
-274909814
-265712399
-490972406
2059360041
56349308
543389838
-1645556563
-2110616418
-22958409
-186910595
660597805
-1169437183
1911298052
-163355414
956298404
-1764200815
-967326258
1998902676
1376373558
-1429067196
1131260165
1829862885
1572285338
71348732
705844805
320681538
924096728
1043023608
1358917175
-1853241692
174134867
-29091444
62957623
1313064551
-87954166
-664903916
-928750793
-1599265439
1561788698
1834701606
-1364598558
-966872522
2055240583
-850814970
-931819773
390803947
1592708155
540387934
385221416
1531174072
908216397
-975086546
-739603326
-1568189407
605022343
360942337
1680244751
1275160135
552922146
-1156545184
964338426
-1217187205
