-992707501
1563128165
-1950604941
7671561
-134528239
271289455
-985725169
1393757862
-842123647
-1466163131
-189200573
-2045014680
697210925
-1160252337
1296235350
1940645316
-252978178
-736799261
-1510479337
-1524718332
1926843285
-1940356648
-1787366438
-820469518
344980476
-1641376936
-389449023
1348809936
-49809027
-187692038
2035092284
1059379594
-159527470
-1982379760
-2127247150
-397374162
-1085815682
797473340
221143840
-1094206053
-913272455
-1136267959
-1208821982
1749396088
449003026
1015333687
-1437892431
-352947608
-506560495
-84712809
-610779060
1966292859
623107867
31734553
-1133790950
91244263
-390509478
-1150767517
178187055
-2116120585
-1751510948
535900707
1284353550
-252791230
-1375849669
1661271911
-599666834
1291918112
1454228222
-1007361237
191552064
1633892954
1256692799
1787954227
-1973630479
-1266608608
223975693
1865069083
791686636
1714220607
-114144749
379359660
-1832746654
944682642
1681038841
946649712
-805455027
-2022702919
-1339548918
-624191097
1656380081
-1901048567
-207712490
-2005684804
-1895861468
-352782653
1428314521
1269788882
-2087158383
1527197575
777696284
-1312554460
1009840440
1482014218
248880347
-1211931028
-341710600
1868002310
668288935
245526754
-551659312
2131660658
352925965
496740744
-1968269405
1866483
1209757624
-2136357692
-13352645
-1792499311
681328659
981041198
-432294769
-650884691
-1252145614
1188821163
1215345224
1063037746
-1174793742
-641741382
-1663049855
-236210933
2035118430
541632013
-1316540210
-1213516332
-1503625900
1661069659
-179076737
-1250599981
785632359
-1700609164
415882022
1379450921
1587113991
-509164395
830419285
-195727036
1390845919
1029681917
-446065236
-744771433
1007302526
1717199296
977414162
-1165207667
695921209
-80109350
-1696643263
-2029643846
-1019588274
-1345873274
1558365576
898239059
-2049427380
-181456432
1955603916
-1510653216
-1791767630
2102670953
1062937807
1815370031
-1412526634
593134010
268374708
1850809995
-614517240
-874950341
-453787454
-896929234
-309273097
-382111228
-467859609
925198579
196944210
-2121133661
-1730271104
1772895311
-1607068750
-197048272
-997551657
-279006078
-39898954
-1145393249
-658390035
-1940258295
2132978287
81239125
-136552200
-1254802858
1765980671
93965053
-445863890
-14357566
-1663248772
1795856283
2016731460
-1607500606
384759321
1039012320
1947892785
-353645992
-1911734905
295862976
-842733257
1793505741
880329112
-721799359
386100515
795062684
-1850851546
-345594730
-1828358702
1693920689
-2108822222
1521039724
1478832887
-1967529261
397135183
2007986306
448558876
-121232035
1265245760
159709311
762848486
-1432844492
762696928
-593492737
-534860644
470278388
1708605250
410590446
1644322281
-1038599572
105330200
-962528743
1637913057
892290636
-879001512
580668930
-881135295
1734894876
186862876
-705265677
-951559430
1529963376
-1237915703
-512116651
-1469108496
1261987674
-1664349581
-460599999
1033044222
1481031967
-1995279744
-879434665
1327233085
-752118996
-130901110
-682762802
1044274822
-2087418550
1099089034
-433988404
1768760372
-1075710192
2082775858
-5275400
411720750
1491559833
-1790940775
1043047756
1456796708
-832571273
-449314275
1261484079
-356307689
-1326814745
1652008324
178454722
-252864481
-1277247931
-214487196
-1610390150
-416900248
-1618772286
-1764633403
1846511598
-602487939
-363893933
1368400132
-819508751
779510984
1228920812
1025137913
735907811
-1048489639
-2095372050
-1970813860
1972851780
-1026971930
1945772765
-211735196
1786732681
1281030418
-1662385835
1127483056
-10338510
359619570
841255230
-1514352790
-924435684
-2012474676
679119422
-58823255
-1060601837
2062804769
-882867345
202245911
-1560563541
1236888557
1607753553
464601043
-1028029105
1620816172
-263292158
325518232
1579600026
-1552143456
-1302369108
189873438
1900692709
1994708177
1522482493
234364864
-66291936
-66992299
-274069155
-616175778
-738256155
618781521
917585308
1050948228
-16194614
1233520447
703062507
-443393333
1493366774
-2139125519
331589710
396259199
-518324234
458824404
544453326
-1558137214
-2052726831
-1207453319
-1442233165
1303631727
-79925927
-1855734447
31314674
174200065
264026051
1366510776
1885677540
-1272825674
-1067469702
492530228
-61764039
-2017127249
-54762193
-463658243
-572836053
-1356939302
-1668363468
-308764224
1650151413
-565907374
1688878090
-72865377
847149702
-311551995
-1646007496
767638908
559521138
76752790
1614527838
-1674938505
-806928600
61873029
1247197321
-575089484
-433921942
1637726093
2059380167
-2047903391
2086341113
1983976525
-1432897538
-611766025
-1817575025
-1586240726
-1180021767
-1511838017
1729124881
-1194161037
-1619782205
-516631913
-1632906492
-1177842747
-320909512
1442346485
1731738433
-1390563664
209435608
-1549433556
2024753892
-1683416678
-2079156770
-98801426
-1162368886
877737699
1071888528
-198638575
1944227258
2112615497
-1764058152
1082706326
2092613283
2031940238
1155462420
-1037193498
1889454343
-1564374184
642650410
-867729827
663469687
-1300442793
2061974494
523324940
882695616
-129962324
-532232089
1492721338
-1202200667
1101366665
-508522690
-216799444
-2094736691
-89065708
-710675143
1999671206
1993077503
934589584
113299416
-482303567
-322812020
-851771714
-1507476769
-654987235
-172829429
-2113489024
1726329636
190757705
-733528501
-1811142208
-1648620886
-968813151
-1660964731
911469455
1661143533
-1971549081
1445484241
-1188610416
543347327
-1182607178
-252833573
-1174957417
-1661774125
-1813603132
-1770299178
-345436532
-1964672168
1418096999
-719207249
-905821291
-1368083255
-1491286054
2032332422
1434545780
1612953539
-700079168
1039175769
-1141249235
-1319367273
-828935832
-286216446
-1058881813
867279457
-92505007
490713187
-1452712925
-41377703
1229900273
-775382818
384435449
1139616872
-1273996110
-610325493
-1700696093
-699279362
-818535620
-1055988572
-121531765
518183970
-2086922247
1502410692
793622266
2120839626
-1256368939
-1897212080
-188727566
-23340180
1135812421
1208608693
-1245791846
1315697620
-1867894645
-1775739693
910634848
-1028696520
615366199
-1561693640
470534170
-140938359
-1587804432
-1077775727
1801465710
-1909380853
974153588
982336092
-1469162636
292596775
801848284
375415266
27171225
441966463
1809846564
-2048812444
-260504122
1848010051
1217850091
-2058368364
-905654336
-1082916158
-696934026
1760003654
420213457
1999841603
-1263363078
-943358617
-1980742744
252885014
-1549636838
924048941
53016701
7424997
-721025106
-1670437232
-45215880
-1687834801
808958405
-62777096
-1408682157
-1786429257
328264685
144689207
1419386429
826958168
-515674447
35516088
-1323939071
1116357020
-259723166
-710867719
1198187623
1535811246
1687399706
-1691432138
-1700197670
1044202829
1309121277
2045983334
1787537482
2133880291
945002178
2012156010
1253038675
-1457502763
-2121378703
1334209412
-1763222881
1107769884
1037244525
765012229
-1365341816
-900737260
-570000203
1328937802
-725221632
899961236
-875837850
563374824
-1639332428
-804975298
-566521980
-1995360474
1830724719
-225397737
750045433
-1079260757
-1550837316
519943001
-752002852
943370616
2030038479
-395431544
-1242048265
-1132963561
1089633957
-1455107646
-28821117
-1603769324
-2058278294
691132507
-1390851019
682205100
796818458
-1709865815
1269922685
-632368444
-1485963671
1590539291
2437644
1159051548
-156509977
-506322288
1964619415
1400931780
-1386308769
-337388571
1861451739
1522223310
856677248
-766922032
835142880
227341380
-357660481
-245575445
588598656
1428110428
-620225925
147174419
1019922218
-1754806550
-2128348063
-1812255501
-595779101
-2135925227
-759243503
1486500571
1720695182
1399003725
-354827519
1715904726
-919318676
-1709525124
724241314
1177694202
-1690626075
-616134277
-109201216
1281901313
-693149560
1320469447
2045620270
-405645544
-1014361521
994904180
1958072737
-1999491593
-879520729
1768976993
-768669988
-1366555343
-1440558672
1276350124
-1199603
-506695988
-1057002943
721025384
148708982
-1357209836
-1685500882
-1430089331
-166799536
-113163348
-1566031796
-1225885649
418253035
2141534181
1261054389
-1375973645
2011516953
23243346
895417800
324299197
-1366844467
-1533114469
-1540507533
1029302190
3343614
-234668399
-1009921868
-222304435
439271633
-734187133
-1861947044
-1602139645
1857261814
1136421071
-108987883
1691138764
794842705
222714555
1893895335
840821803
-1584223779
-12854139
-1534285194
-1814544034
-600465459
-1692102472
-426629554
1648776915
1662458099
-1605212480
241299043
-366666278
-1711913371
-1501233216
-396397934
-1692893285
-1484504227
-442626909
1554295533
1406319433
817490273
-554370703
2097119862
1771500439
-713801053
652835299
-216749527
-699228309
-1434763606
523881272
1571690559
-1005530671
422350128
899333961
534493105
1631948082
-1136737458
-1419975461
-906949638
1721669060
-1850790186
466313524
1943194913
-1880459452
1580137471
-861516048
900972534
92123619
2089455943
1206105620
143675035
227099261
-976206443
486502755
514630981
-2074805744
1672074397
-741108496
-1638836412
1921210475
2007905672
-931649036
1111412800
2024529445
-1230522413
-1606265887
-334490172
-1158411824
-1339782538
1760047798
-1589011200
-48335761
661000521
-313518443
-1269221174
-351616732
-182080349
-454633326
999842790
1108890669
-1746151612
-205361971
833776518
277415185
1025556084
-393018942
820264467
1478508565
1707849835
-1028243233
899932717
-1811002635
-1184285453
602244182
26860016
1727963344
1704281163
1328617012
-440994183
-1206150813
-54382514
2005388466
-36347992
-464990342
-283991084
875272139
1509676070
922286754
-386995112
-1637297138
-1924766295
1662726179
-246095397
451901109
-2132265610
736542508
-2006228729
-1349884171
-554830553
1175198800
600884118
618829975
-1801375826
-683372495
-1146225932
146848711
-1142382951
-207512198
269365539
-115763669
503451543
1486377490
1804932062
-799123145
-1397318086
752088973
-575918591
1229687231
-101562882
748607206
-991825113
1090931917
1555304585
-865664149
-2135203436
-1157550668
366765108
416309496
-622633387
1612624228
733165257
-2061215385
682700709
588860160
-1604835186
822277446
-240010861
-1801615955
703253378
742411211
-1804246816
-352553043
995728102
-820740604
-1700874195
-785788245
1319790334
-1133268654
1045191509
1209673047
1433876760
-1480147689
-1078289129
-1446305227
-1769540659
-2053865554
681569016
-1484193870
806957958
-1556672869
-1248785561
-1163836040
-638504127
-340314621
1927846433
1357159170
1084471701
-1029964962
1820288727
979266418
-1721216525
-1339877526
-1002857971
-859671902
-1964091858
674405218
-448347068
1887274872
-1329951684
-39635601
120666971
207107966
1268407358
1233504351
515598897
208603057
-553262403
1493060244
-380635505
-1456640360
-921017546
1870209086
-860626619
137747352
1433067224
631203020
234357906
-722313338
1786565515
-356395105
1251579080
-701576579
178480948
-1514577920
-342390992
-1160359182
1129022263
-826844076
1715274538
385620485
1710203965
1013919886
-675331687
620175641
470966838
-1750743068
-774930819
-103840602
-267717471
1070267844
-584589088
834932813
-1621149942
-586407415
1176796406
-1232306132
488305108
-678556567
-1796746113
-965868685
-1152619720
326136626
-1600358032
1182585911
-288717683
1025734965
1650177745
884930694
2011752393
1823713026
-1839504408
-1651408710
570624327
809485141
528696727
1005770514
2064581066
420429519
-928210430
728364158
-671775551
-1695078680
2111105652
627805881
847017676
-2044275676
-793337981
1486590877
778430590
794085252
499766129
1062897074
624785764
-1126732993
1524625109
166956551
124413766
1069329073
-1515938951
1622759237
1035783596
-1448176237
-326633082
-257096192
1427167651
849511020
-298548514
1932255824
-167053888
-281844665
-2131410743
-1814722912
-1717816731
-1184938074
-1298712622
950380485
808349250
-596956490
345714163
-1940272558
-246676705
1630512323
238759663
-1544783575
747567831
1162088685
-1743162625
1651822933
-421523289
749023260
2057604016
609384215
-2133982552
1171224113
1385626379
-663009218
-2008418406
-1558940035
-323577610
910254011
698219746
1819681654
1297771225
876428916
-1388388139
717870503
662950275
1668361560
-764744394
1653624296
-54382257
1165503667
630932989
-1844500785
1491499138
-1629223741
904261722
-301242010
-50452489
2098416522
-1848982024
1649162525
-1704738307
-1845398555
180738181
302500610
1663878015
1713387997
-73004686
-137618385
-14972058
23789628
1213127159
664279938
-708979654
920253283
-495405223
1609644691
1841734671
-379320998
-1368176785
51157474
1497159326
-48490712
1361148258
-1360903088
-1543133775
1390863205
1704943283
-1653330480
-2132487228
520912397
-1048702846
-721819298
1719819497
734100886
981607692
1161644591
2090848748
-2047794877
76904821
-75275223
262521270
-1655502662
1919243207
203464597
1347671286
-831762220
590487866
395170834
1692696573
1992632756
1961252021
62889676
1520398057
1184447002
786311572
-1327470610
-656142331
1088054265
-1876799829
-576664748
862445680
1472380486
1198767499
-765896571
653942523
2058082322
-324582909
-1368138272
-723859113
917412058
-1380747799
-1203653868
-2100689040
1341149725
1589392666
-406341931
-205166317
1521931823
-1751986754
408941516
1828526550
-760829875
584216784
379330766
1717792568
1227594224
-1623939363
-825003952
-1671400186
1664969062
-1154364149
-1736875238
2064079872
-1212729955
297655900
1375900219
1356967612
2073156418
355601716
1140302908
708735179
-440496374
393736472
-1893342824
-734950375
-2107618994
-728544072
-186639254
575811737
1375196893
-1426870226
-1204166808
-502461919
-1509973235
600275848
122820623
-1001820014
-1632530669
-1726085757
459386912
812578363
-25007468
-1338053991
278252106
1288370302
-1937514117
1350092862
1392809512
1445729972
1620505356
-1979062171
-1886982291
-1920748723
1885750841
434741577
-47170467
-591666372
1539370804
1986096489
-507428994
-839749743
1868790341
1909522387
-1341534065
1613745511
-674869283
-454502235
-2047299399
-1531236353
392545770
-1671750192
274198020
1050351917
-1503038868
532331551
-1759016436
-589034510
-1579838649
1010635895
-965781517
2121090410
667590491
2123544928
2004632985
-996302872
1241797841
-1487929149
-1928559606
1098974303
-787818313
1571188213
-718191816
-1787228669
-1499612209
-256100365
-1125911319
1356973103
-32900957
1493135343
-1900524814
2985608
-493273379
614894603
-2030869339
193578851
-128311339
-714581405
2128863111
1213173859
124121194
-40787887
-2032287930
1218104678
-2034076652
809429483
-453484311
-962893406
1196074297
1877298640
1977347400
-1949086966
-1444204864
129837348
-271647041
448108534
1546939108
-1001515048
-1911788002
1094857474
1678572362
-309613266
-294356253
-813526731
-1670558124
-1645825924
-1658076502
-1820635546
-1967282761
2108613167
-873612316
-1216863270
1542812234
895323410
-587225145
-707910350
-1422649055
1143039952
-955502715
-796235901
-1904708134
1183353527
1727996096
1782675142
-90329546
330137022
-897843908
295058802
1662593771
-1441226039
-2147397163
-2125118873
626969015
1893171242
1685457076
493576462
-1064461128
1499443051
134032061
265117629
-1856451846
2079028298
549438539
2044201055
491087441
-1504034812
287564063
-586766509
1351567977
1434428630
-220015723
-1822944107
747919643
-965771840
14695192
-1701270757
-1832474623
1358843531
1908833751
-2008427903
1058763596
1788420109
-1534809672
-1941569817
-571086380
1762155692
-518721396
1892305689
32122480
65368352
1387410308
1702695153
-1230640505
1371747708
1746293220
-1701108743
2098327015
2139447918
-1983762698
-1477733804
-1432889387
895719109
1626055488
-88862755
-811190940
-1176981197
2059193592
-52007024
-515047158
-1618509228
1582527415
-396243160
744656751
-1540744466
-1750699155
-1180149494
1867117960
1546730106
1633837717
269795425
124861412
487432675
-1959925847
-56042615
-1439763643
393563789
-1143377450
1849753776
990641778
-946675304
-150648589
-1735522118
-1526749877
1529722725
1191454895
217193573
636568862
-1044548776
-177218806
1333440430
-852217288
541328351
-364345850
821317490
1810341565
-151690573
-1580293987
-1212471977
1517132475
-1989896867
-405617931
-1649060372
231309693
-278810116
-617232942
-2129486578
-471373795
-2060653499
151446859
-1723937650
64184668
1767829194
190110400
-1205137136
-134174027
103220350
-1885199862
1676419381
1647187631
-1098656137
-79962636
334084860
58083443
925090294
-1011478550
-373419163
1424987293
300288676
-1496901904
1319771223
791190358
-1832489698
300394965
-1922186046
-301207646
-1986996813
-1900298073
195139336
478568438
223559532
-258203287
262232472
-722422771
1633681228
1088390147
-823290404
-1846086661
-1877803048
771588473
-1092343467
1690602625
2041622744
-1399537056
487474435
970843299
-572674209
-603905908
1329889033
-1417332616
546990601
1640345614
-321922415
-1877881536
-1734457980
-891690147
-222762515
159240891
950142288
120078034
887385854
-85949000
-2015265590
1702907737
-1917903399
-439392277
-1944531866
740612197
-2068814426
-704995068
1891741499
-818254556
761684939
168156412
278502596
434759924
1175151946
-421512271
-943602972
1414363924
938973799
-1141693004
441850922
1853241758
2079842446
1269373538
1164518998
-1690079308
674023026
-1706374351
52821276
463739641
-1869402503
1984043083
-290267865
-2022814653
160052054
-1783119264
-1786096800
-612409458
180368119
796517816
1923193967
1754480435
1395336098
493261447
-1609107327
1248863832
-766601382
-294185340
-695535797
-421030230
844370311
-1153578052
1911816271
-1627097783
-6253867
175210658
1256954718
365527812
-807633060
-381760149
-1519829667
1717740486
303121152
1841883800
-1428775605
987670863
-1647159270
-557261613
-1985620606
-1011968730
-828533673
2060651007
-1739467460
578979277
1157160928
1907919754
-1321867687
1877721910
-158221637
-1006972412
1613843294
1303289462
1543844976
-325227019
-1495778880
522590392
2084387311
302715370
-800869277
-523860621
-1397072464
-394255919
-1901720996
-18113569
-638616036
-188849274
-220070402
-34493532
1833365035
-839736147
-2051090412
-1184831276
-1245772723
-1024562750
859040618
552403739
2122724238
-1637549459
-420852590
-948274123
182260468
-2130944230
-977550876
629043615
1913059115
200811465
920793030
-467350127
-1485307293
-1655901150
1358628140
-587984086
-721826183
-1287035701
1597402210
560282093
-328329900
-739148290
-1170062327
2052672619
-9897071
2146425685
184362078
2008923714
1649598818
-740789016
-1426197310
-1471435451
1901845939
-509188711
1824576885
-1487044100
-443988082
1897874093
-619552347
-828791986
-1714949697
2103171231
1902022055
-370658948
-512492358
1230987568
1830331779
-384500655
-1116642627
1923319490
1741041590
1121855639
1358864945
-1072641818
-1316046798
1413691597
-1776473515
591402547
1909376937
871329046
16870941
576434009
1984727818
534097523
750174551
-1480415371
-1500450997
969111860
-549362672
-1829530202
-1613744791
-904693077
1665884213
-1049080865
-1426505044
-1124084189
-150004356
399877886
707997999
-1029749488
-1644376188
656395293
-1450908513
311920263
449192507
-989567192
-673536190
-1237134865
-62011265
2132917936
-27651269
-1112719111
531550471
-2003128067
-1003172853
1890215117
-1637227132
927264361
-1590768549
1687321221
317443
-1915747093
-921351176
339342046
-2075450732
-1357311758
1387233822
-777174740
757349680
-2050480269
629327864
-2090457714
-1361121833
-678310587
-682107033
-397482397
-635504903
1715998636
487023106
440085756
1301071894
2139886130
368024669
-1396344430
222106792
1470768573
1456888206
1106993786
-322931392
37207262
-1004707092
1580339863
-718702866
-1666461338
-1671907302
-67126513
-866534171
-241201345
1740751683
669903936
348985439
938367096
921898406
1011091957
-1088177474
-1530300767
-670287787
529026772
-149232141
-196801192
-1793704648
-817294565
917880611
1177100835
360463448
463948427
1112418183
1042992512
250435930
-1841926749
1767882643
475982139
1145072968
1867858449
1885173850
-302460930
-1690660713
-144296347
-771467472
1283260974
-794443419
-1132116729
-1465626736
-1145519116
87370241
751080043
-1543350464
1112344729
1233701808
-539477374
1963268275
-1767096554
-1132818002
-1129512589
797960109
1078973419
1224413298
1861016458
1392892972
-2082243537
-1469811402
758087792
-1658243194
1450286568
-678532682
1640267164
262764494
-125998692
-2141851593
-186156023
-655049348
598505767
318274506
1191619881
856123212
-580188209
181520593
399414041
20908134
1410537365
-2063582782
-768763883
-1629217602
-1949296691
1298906155
-508221139
762322877
-1040326415
-2081981963
-1444591559
-372512479
442177969
669440748
2135607561
-316902367
2119457101
700619390
472362465
-294488877
1160682279
219346370
-1444915420
1897095122
-919808109
-328190532
-991987122
2102970395
322295281
-1942283809
894309415
-359844041
826051582
-1541216558
1125894709
486269855
486448742
641146230
312962929
1322969435
-1512974691
-626057688
-803299266
1259202795
41066990
2037529667
1168550294
1480142955
1146285523
-1844509208
-355455098
-1082404111
772404615
679003137
1576683227
1319719481
259708122
1288599170
1365308957
-935215484
2102457411
-18951951
1088311740
-571379524
-1949392325
122747688
841262985
-212876580
-941920824
-1064166823
1923837287
2517646
1912936023
-47978925
-739252415
-503227883
-2030099250
-1075261693
-1689929666
-832484500
1163559393
-1982958020
-175975629
1340692911
300916133
-822115910
-1282048423
-612217670
-1593115550
819071331
-892707265
217348879
-82494292
1631069648
628341762
-1759287812
2104289972
-590585076
-838698310
-383486979
481932507
-1175708773
716468279
421293406
-2107255416
-1309802563
-1845291796
1449500452
-865876422
-710718221
-482820309
-1606760402
-1171025952
1681291714
1648483730
-750701418
2105298024
1398954422
-315431739
17738588
-1664897643
-567738967
-1001200548
124654149
-719938283
65131589
-972687585
1005579264
2031307218
686476998
-571342224
-645786485
-772393336
-322925052
-580159224
1939627988
-1219420777
-218244176
1507792102
-1421476189
892059161
2114122717
264813699
-2012099146
1270605367
-955686206
-1525217463
1483600685
-924627272
1886485182
803083590
-1417318872
-143189030
6465179
1161014812
-1984398162
2084444005
1135090710
1664736060
1637546960
-1580206084
-817384801
-1745063597
1823876622
-1940829771
-1696013732
1478049027
2067616760
699190252
721301363
-2089695530
-423910632
463755348
-939293304
-962534801
-876959985
-1944017074
1682458500
2094890242
-406812419
-1429699203
-1411115112
1117216517
-2046412506
576540313
652319617
-726543065
-1741908271
-572276348
-1264926451
504067201
1799467635
108888474
485902045
1682009611
-1160409587
-599205556
686722411
9446736
904921041
1675727344
331740238
-1852178843
-1028678901
1618408657
567101373
-503802089
-143408321
-1793570419
1961165393
487317347
-906867315
1075471776
-1976932594
1253950762
1874547805
1989026107
600684451
1395156772
-827055817
-857160358
1042221808
393741077
-1053011726
1115473685
1404274633
222368575
1463719440
-260938699
-363001863
-2146021609
1168162152
-1613433591
-1245026423
1639023419
-425928443
1313015674
-1656290238
-826444638
-1312311986
1260164957
1953771887
75383573
2015820902
149682184
322937831
91815645
704359381
-444906713
-872015287
538076605
-1895055257
-3055408
-1476278903
-1389888734
1635794004
57605332
-1239927381
-584716392
1159392161
2094333271
2132004559
726633344
1658424005
-1981591902
143723116
-401141505
710030222
1379407927
-441972512
1203587385
678376517
-979063003
-1646315737
20983999
-1259424496
1515116958
679218410
-31230139
-1083388009
1852454854
-1743575364
219465368
2013592810
601810381
411648159
1394148558
1224867234
-202396865
-1798646580
672073150
1424072774
1464028058
1100505779
-1490591822
-798750225
148491296
-1272864192
-105359525
1639212333
162513646
1711941471
-305129723
-1775035604
1549730638
-1458161214
-514415349
1313340178
-986891448
728163553
1102335372
606401451
-655468930
-1508342718
-1643613346
-1513602232
-2060862919
59199482
-1974993854
907493859
-1957777730
-592335502
-1017525159
1792616839
1219856870
1181239406
1253770455
1206616302
-1963954451
1937258571
-1566836235
830475371
617068425
553366919
1023546412
1640917258
-647275970
1237459846
1351225503
144815605
-232529424
1971876499
254366936
-1899171815
878889657
-1664672220
369379767
991355912
-876914691
174803810
1952117158
1138285088
1112160186
-1507537945
-370397679
781803757
-1817999580
1816856776
-1102878699
-543237685
1472466032
-1745413674
-1989439370
1829481423
-1644447248
-1190032095
1589488342
1439711464
1351929439
-285826371
1664112676
853356864
1918641790
557580488
82908242
180502759
-1671130145
-280026198
-781771958
-1282600013
1302875392
1297354398
-2075449054
-561726623
-1396127078
1159725170
226396557
-1551006721
-1352751557
-39571318
1459563157
1758634638
1733316114
769185834
-537024890
2097785314
-960519671
712575987
1492482349
1904077261
462147097
1139026350
1308021826
1666194556
90568152
-1551770040
1263847202
-1019673056
-1035172522
38930461
1826729408
2128866000
1982479146
-1390282376
-871425315
-1864368467
-124567609
1517608794
350597495
712389702
-1200890349
1657098362
-1340300930
-945615554
1038725434
1101154445
1625275341
1330270508
-1457955906
-1249242169
441340247
-759902526
2065701842
-242618720
-894676575
-574190800
-737029912
-1227792933
1004690543
-2023881782
-1146534264
-1311472957
964737730
1697867240
-1044785053
2122903479
1732539137
714662157
1359922088
1711063273
-2023953291
1810593610
366852501
1698692450
10737146
-1013583900
1295484752
-963345335
-639613965
1333645364
1044047606
2052655715
-481740418
952925902
1568329204
560458717
-1442115352
579138789
541772950
384489033
97941347
125346285
-1783016739
-1204777242
2109140982
875849090
-819401068
774002980
-2099637836
-1079458936
-1476995419
1506460006
617608496
-1411467630
-743549016
-2076717047
-1369406161
-784546681
1512961468
-1642141532
-1013406049
-386516606
-98805862
1162402193
-1938986040
-1602704134
-916959514
1093722028
310560449
642397475
-370110008
-1918262694
-813273308
1259138195
769980859
1980197836
57077508
897756711
96230308
1434395013
-2118513889
11938598
1662471462
-1369587431
1797585488
102547367
840526644
-642489034
-1647566778
1423354160
1745352167
1079056104
1710702458
292127648
739628433
211611416
695359070
2024484942
1849842961
-2021897131
-335373358
-1286501519
145841512
-791273258
-724939045
-537029695
-818389364
-1691116353
1928154518
-304158626
1346769276
-1053181789
-1099716758
1819721969
1862684564
2010276938
-2004443524
332383248
-369738974
284384691
-1091056537
-571318297
-1472113352
-2058554276
164191788
1555269907
-1267098429
-1626653504
-1989567641
-260701231
-641070372
-1183287264
-121426748
1934924631
988020829
-1325943674
40293808
1118694273
350058679
817555718
-81095342
-1519345488
1832850947
-402124218
1776640700
-636399121
920541782
-65727679
984479837
2046908758
-1508793768
-306553273
1467376314
-602911053
-275729129
263760455
-1220196771
429394022
-1892811496
55457872
334041357
-571652469
-775831889
-1315148459
454068798
579693662
-1453203568
421970992
-1904773429
-14423077
-1852435547
-2084545559
-963820574
956843941
1407288097
1389209143
115797311
-595603672
16268756
1242823238
455905948
-518227711
831000513
-458682438
-1991872409
1279557532
803310317
-667900429
26488757
-142302178
-1287169415
146201490
-2093694602
-1106691194
1400320754
660208188
1209284842
1807247886
1616966632
1608432285
232282451
187314391
-1137324355
1903576240
-1122252052
-1268698684
776111806
1974300732
49490713
2129743269
816127607
1374751137
-659133473
-714112872
-618691006
1149968084
-1766050155
-539451221
2001608737
1505335463
1599882715
-1252859194
-945673011
-2000772019
-77010229
1300777415
-1209174514
936358173
-1482739346
-317299730
1028508237
1758463638
-2037360526
-646841732
-1591992985
-1810876766
327061529
895719318
1751933635
2048651295
-338545549
-634648978
-320310106
-30149222
-580127026
279851427
-1918788411
1890204765
1668000365
468583400
-199650789
-550340693
-1874155399
1493839588
746389501
-644246455
-22806732
986774617
2098653802
796584000
1626595444
-428962425
-777682009
397548257
-12909746
-1514853166
-659667189
-793442039
654961936
-1738107486
1417178391
2045847974
-1035774603
49239690
-1406006071
-839108999
-500950509
-1401704021
490044977
-1407181539
-1307413225
-232808614
2108281412
1908833351
-1885508811
1889654528
-636324881
-238538418
-1104108327
1892942402
873416303
350861806
-1802492254
269516385
-1160784673
-1810534840
192060688
2044219362
1121019666
-965683412
650653563
1836199025
-475459678
-1418025829
-374927802
-782909694
622331721
1882392711
-290049963
-1111193032
1236920687
-165119524
-1618873413
1378094346
578921987
-396418109
-1817340488
-607973981
-1808581491
-1129741020
1219474914
2062429834
341152900
1953301613
49764513
450245123
-285669668
-566920302
-717611809
1812762548
124021987
-1641611180
159619328
-1233043318
-192690099
-24286012
883495696
20374749
605083789
-541234166
1195640891
-644831023
-165727899
2004029282
-628541567
879725312
993699520
-1743376537
-1703337047
-1635063467
-220192321
537730452
356663414
-2117437382
-1274662127
-322278906
-528728296
1495664629
2129393287
885703046
593964517
-1779319729
1538923494
-1148966969
1355833160
-289170826
-1242879745
-1432874517
-1897247751
730435876
-970110723
-2136070837
-964434834
37052159
348208381
7708279
417269136
-1646920893
-2105589277
631743611
53281970
1028416669
-1075576981
851774564
1806927550
1631844954
1695863934
-51490558
1443567281
284476352
1290540230
-874724626
-586404024
1152928188
-1928131708
-823118642
420916219
-622860612
-1623664736
766814167
-1012214486
415609054
-1731037951
-1099449197
621443990
2113888842
-926841057
415099876
1225512722
472703963
-1308313387
-136065976
-1263592327
559046148
695059835
607643485
698547938
1464333297
-1215922380
-1835146329
787714066
-154694420
948921987
1418987153
-1981664206
-498905086
-803756252
-931114319
-157508415
-1573538330
2102890009
1018873424
-512491829
-330935020
510905602
-1424064984
-1382746022
380423225
1012997809
524533871
22272301
1005416145
612704509
-887016428
1361592999
-2036230127
1235908566
1425197128
1689146122
-877148152
-1599369830
-634843073
867356644
1370877696
1066960038
-703850697
1337131977
390761258
1431449134
736686265
529548097
-1323336583
350034513
609323294
-1161671420
-1465142579
944575847
527071828
-564987548
1106188884
-1403345251
-71636767
-1415516918
1993763373
-54959164
-441537240
-158448924
1924839757
-2090914203
540757227
1771790685
-1320485466
-950424040
-820213487
-1312985393
1215027589
332438549
1462076328
-322758347
-1501799621
581481483
1164952108
1662100773
-466316545
-651928016
453087241
61831164
-1925373165
-182688103
-602307234
1999671642
-1293079004
675042763
-521849341
-294869039
462309366
1364410001
1833258189
204332248
878464064
864228623
-694053104
-1736295419
-9355308
1965417239
234079332
-1337362053
-685006846
-1511952966
-648552788
792437664
-2137013186
836182050
-1075986860
1832696851
2089498112
946294687
71761625
-1935905827
-867491093
1155280127
739325837
1965049573
-725267151
-2017331423
-1612415844
-760589655
-1371201995
-570998068
1568304201
-1657486293
-331038863
936995772
1771195517
-1644746456
-986423911
-1398897922
1724578946
1377333391
-288359936
623857277
612613899
1771341360
-1850315205
1407790555
460398711
-667716172
1559922179
-52889467
614694230
433801421
445731679
293415169
-2020545237
2053444781
-1374740222
355395977
210539891
649128635
1112975089
-1187588643
-1624135450
-1069834108
-1628150424
-896825771
1206425340
-1993039121
1427786238
-461031371
-1324273742
-465483595
1020134151
-189585596
-473645171
1677613071
-954292935
1504996511
-2050005025
-1977109584
274499473
1119844042
1185953608
1482253045
-1751615113
1017147143
-1201420673
601647450
-1386367200
1822957547
-222995118
-1641733840
1290551347
-1886768851
-1055988757
-1949299316
1332704431
851627201
-343923628
1061508994
168238091
-402063068
1614422076
435841683
473381534
349467897
-1824293126
1254909027
-826975935
22167509
-1829283886
-530232402
416293682
-2087846826
-785392521
1867072124
-1894220230
38889338
-15554607
-884463724
-557743854
277750061
478983424
786651950
1889463298
-481664477
-790084961
402561771
-1560279093
-901596440
-1748556212
-886167287
622792391
1543516212
1500533864
-178015534
800818254
-2109519741
-1090019301
434022997
251141722
681172709
1462957978
660342616
133899629
905891602
1310761132
-1362320500
-1822789967
1086312129
-1189725847
915973634
172643425
852953145
-370638524
719958493
-1038528408
-777303513
-700961204
215796809
-1913119417
-670900046
-917482834
186133931
1151893819
1763863500
-1975052674
-581930471
615196574
164775627
315214262
84663564
1478962317
-996518601
1644794494
-542530476
-531874102
-2094184219
-489800787
-610372021
1889172452
620344644
134801295
-1271484595
998861460
862487542
-124212504
-1757285785
96057194
-592077150
1838109753
1041439054
-1988913239
-1077353976
-698031295
981118866
-202508690
188919381
-1066634042
1611754770
519622678
290498744
-1161451884
1569416114
-832086047
504660532
439465926
1344525387
1060963282
-1867524168
954460483
-1749229853
2036988634
-1130004628
-103226741
609059357
840130869
1399969613
1572413107
1072406002
1714687762
977332475
84321710
-748229215
-770032263
113407697
1083610573
-649777948
-736094871
-2054601162
1113276808
591322211
1312525632
-714851534
-1785993858
1952405869
-1931200417
-755689149
-92063046
-454935323
-795611891
-541983375
1484679479
1746089338
-1408146277
-323230304
-1309008219
1863635226
990001609
499505445
-268186259
147188136
607381864
669877914
967923699
2118428907
803322176
-1390449931
928099354
1879660490
-566777549
2074990039
-1458760948
-2138936138
733008546
-1671209183
-1227605702
-104952474
-2114856434
483303885
803812002
-616007734
-1968810238
1091457018
-214040753
-685504967
821188144
1296168008
328750118
-400899348
-210282022
70579302
589474782
-75907409
-1090618253
-1004623640
-703667120
1011457748
-959473275
1554751069
-881923088
-1322969493
1037541589
808539040
2058109851
1331773105
-515999804
1580140910
-1152427886
1501463237
70192375
-598509767
408156870
-1156574559
865763898
-563578565
-1604816043
884150599
-1310093151
1778584525
1825111892
512619066
1948093168
-1310251016
-201215282
-1838958033
370451004
-336308916
-243464179
651040516
1891324114
-328661776
1405460247
1995211505
1160712022
1738017274
105247099
1543890685
1500821551
1628226304
1836645965
-1803718478
-1599652574
-372258577
581644910
475172627
-1347841219
-666421478
-1985277680
1919896270
179370229
-397746026
-1564647304
-1702400595
1705704082
-1833564476
1713430278
-1065472686
64280778
-1639619282
-1331051406
-814789341
537933228
-1188452714
-2101505193
517204866
-103076929
1889769292
8126197
185232961
2022716267
1266723008
996796722
386679381
-1577813354
715364951
-1883259678
982737608
-1738435951
-114402431
164407367
-1650664716
-767453131
295664395
1593080795
122992621
2120432201
260487089
300298572
910892351
-249740762
1671005687
654663367
-1449561895
-879787363
1395236664
-1394533767
-1046883769
-1161211624
-779293185
1630999122
-1438494425
-25432833
724003732
-39199733
207132373
-798918308
-339950886
-1807892118
-724961432
-1662554943
-38220712
-1155560252
1975459298
1026923369
1132148628
-1116923453
1254213538
-392609892
-6031961
1139781225
1673413405
-504519592
992164110
-650878892
17933773
1662146093
11083453
-1066464701
-932123288
2132344424
440292473
39359960
-293306283
-1848423309
-258977689
-1895719521
-1361657509
-351563397
17886687
1537125198
-630478181
725152339
-239959163
2011403854
-1606245440
-651537512
-1006188902
-69745030
157484916
305226772
-820506737
761618214
-1222177771
2064214375
-1933978661
1619105378
-41942104
1296806628
-1786353395
1844231294
1596598029
771610296
1535993124
2137831377
511008884
1944329553
-535351266
-1253246794
363579663
1510260476
706190030
1813719511
1702219273
-496052272
573738738
-884465491
-114872138
-1591593526
2077437060
-1446456762
400512522
1696818489
-637081520
-1521790903
-1726310065
-2137415844
-1613529146
-1353706953
855217682
-292913336
534238737
28839667
1130274142
-1885232881
-1015738777
-698586492
1783679532
1571852062
2008971171
-615728104
-15242983
-1720344089
994319632
-342020021
-2122864807
1308538303
615846022
1400769449
-2136359701
-353969400
345227707
-638955151
1496974862
1761371282
2097673938
-86797668
-1520582669
1305409598
394213944
1988962588
1066032307
-1199864348
-377106000
1855546216
1889116802
1460029558
-565210453
1226794040
-256636379
99693925
1242114012
460896909
400429217
-574652861
-1937794036
1169290740
1067216948
1778190505
1932869162
-1798718710
1710126216
-1385496486
-52940122
-735175614
-1977819610
-849287256
1518355966
1487944421
-1597044440
-981218794
-211889000
740455514
-172012750
1122727230
1323621330
156606375
696433827
-991437836
-49248169
7216951
-261627642
-803797076
1305793972
466733789
1068688078
1889418264
748884778
-1300498920
-1749723582
1885286677
491217349
-1114302824
-1364543562
-1607694649
-792297555
-922759423
2032277755
-577841150
1425831099
962945518
-1403997672
1004408555
-1784613809
845664568
-1808774855
-309796897
-363886496
1967140215
-569924121
1671335570
1082055123
-277620280
-1490386055
609051003
590588432
984860624
1252112073
1196058479
1508987347
514125825
-1773962453
1866298252
238213439
-612267493
-70313317
-1281985704
-1479213768
91671030
740189493
-589331671
-1098205711
1822106749
884124649
-655268666
1308299971
-1600823043
-1979043218
-1968817074
-1799323840
1103952543
1854295158
1543550808
-915487352
2021692979
1568250404
-260308389
-851025446
-1935175634
-1082583110
1369124944
-1081017491
-196090122
1468134551
672462997
1745622657
24773980
-349084321
1650650900
-947629136
680014185
1919608187
-867591516
1024774281
762291036
530357188
-194966098
-375161506
741705971
1217975930
-1828985581
-1150518179
-1188923159
1274466938
-482029235
-1912873507
1387993792
526139824
-766964268
1628851706
724895424
322192585
36203202
-133789853
1158357566
1332726829
-1207317319
1942921073
-557515743
-1774808020
1543325444
991526780
-650580574
1680814199
417543164
-474341526
-909573294
-1250436399
-368971860
-934587000
-1281953183
-1580140283
1651120312
-1973661796
1605082652
-183136742
1105427322
1405290810
819130807
-1574106427
1780157293
695161686
1421152844
-513461986
-1888710962
-726777574
-725471965
1591345046
-1993809792
-1502147079
1192650291
-1384327384
132377647
-799551228
2110761705
1319850191
-1285306184
19501436
1520921895
-933661129
-411265848
-166162265
-381777266
869945782
-38078013
1812389095
-1532369920
1351420285
-210143002
1327268359
-1464702624
-681313782
1461380783
-1078334760
-584868453
-1583447071
1843837051
-365541380
-2052073748
895844474
212469873
991760385
732020571
-1316646275
1644852126
-113578831
1946605958
-1920875220
279328353
586918311
225906083
-1746129120
854534921
-895485915
-1604746556
1637452855
-513503556
1575689253
1137133661
1679819468
1604956314
-413804883
-600796157
-1402959831
1547038497
-1714085529
1878103926
1507694649
-2093176878
-501706896
-1521470751
-2137443199
-1104020203
-502438032
-2060712097
-933274031
-1338272167
313576170
1245621697
-788430794
-1825915265
-838041900
2120357262
-228951374
1787790456
-1931531926
976179274
1480214574
1498071596
-1708517058
-676836101
-388797393
-1409340003
535554451
1656965096
1999872456
773838924
-1930389524
584512163
-839615153
-1839415077
286580447
-1705863094
1743254867
-267101453
82045486
-1357004279
-1336932660
-1870974617
-1873561577
2041520098
1366288532
-577173863
1809169386
-1549616720
305693206
1028462364
-1674144292
-1265390488
-1581704892
-511614310
371258395
494794658
1008233422
651108088
650440994
-198107304
-1872124016
1783937463
-983137459
-643521044
-1410075061
1621101469
-760557137
1938530927
-709193577
-527064428
530940451
-1282083041
1333693464
-530037295
-1926998879
563735601
1867700464
-1908271048
-322396206
-908774703
-1183964556
477297918
-1637645595
-648506266
-999454943
269361808
1443029155
1771557402
771120080
-887433294
-2023065663
1413707929
-1714131415
924520171
-1282036620
-82400232
898988629
334246944
697554762
-672714600
226084855
-1741866881
-1361433288
142029419
1620910684
-39913314
1094948079
1132237559
1085972464
-475897629
-1616380558
558480825
153152755
1716122661
846858732
247482765
1871973741
-2018862957
359868094
-856298965
741657183
1567739605
-2092737576
-8882700
-229294534
210089840
1841000521
-156892178
-425380716
1238731374
624767768
-681941491
244863257
281503037
849804628
1032029108
-1131204161
-551906601
-592658071
4348026
-1953759171
-907824605
-1109247051
1549179696
-1768020291
-1984274790
-1461774246
1223643427
-1260905521
1938177837
1159668309
1809502622
1250261409
-1579966618
248369103
414514610
-693709715
645265101
114147251
458928184
-1737751502
1740702348
-1941832576
483764758
1151128998
638014805
-957867937
459570882
-1054386582
-2020114045
1190098551
1450591492
-1396035457
-782286465
753620352
-559280129
1027918072
-1561443739
1078095766
-1671531407
-824306191
201880806
-581418161
-2057462215
-1481744449
714213487
-203859441
402045465
-1356373656
530412683
1515528090
1067300797
-1575388075
-1543097211
1273306858
20359164
69989189
-829875887
-800409534
-1279116452
1420386437
1358255531
1139385474
-512416549
-320808099
-1910527872
-191440451
-40082196
762282189
284379533
1738056968
-246628161
-187870343
-1533903802
95292820
-1409553979
-1347180831
1077079288
-1732193025
-1174005389
178424276
897596465
-851007258
-1173674683
1982719014
1209097311
747329982
-12955899
1427258272
505652662
1046948580
-497789620
110908472
-1869036457
2105642993
429885513
-1058136191
-530389842
-361632941
-780015935
-1201754268
-2074295781
-2062212584
1479640918
-1160110064
-1035895853
294131981
-1356082677
-1157518034
1649562632
-324767993
-1322758649
-971282855
-1250509496
-2082600832
725878680
1021589197
-1417323998
1261781093
141480570
-1991363491
-1859464434
-488975827
-1091310503
-849319510
349021838
-228601555
-1786002539
2030866321
-1508092016
303907114
402449988
1495427557
115711510
-1037818833
2133745020
2144320350
-1146061288
-775941727
-1242695471
-1969814320
-511416152
-123491696
-1764667876
-510229601
313510743
-1938325681
-1732218498
-342088847
1750970839
-671532475
992324004
555374374
548494817
1566712837
-2136103861
-522384124
-81200808
1235834013
-868749562
-610454986
1433847470
849815083
-1487947713
2055502199
2081584007
1550105780
-931062661
1738168586
1639608731
-1153714376
174031841
556692461
305625568
-1776853503
-1638542340
-2115771827
624074215
2137645627
1486977471
1497632060
1209043846
-1719827767
2036699081
2079789472
-1614092618
485665365
1372824811
841670255
1609227711
-1950786903
-667162906
764510744
5659538
551909693
-223431304
2045926212
450067573
-73215728
-2114592359
1657872574
826026213
1653005754
374086914
2036921518
-1735001417
-909397054
-2002952722
-1620510963
299946111
333486636
1317223203
-809301164
1773187894
-1250809514
1625064499
-692796042
-506596842
-170589436
-1794139649
4043280
1717606600
-1076136007
-1141159044
666201567
1088070593
1053797704
529676985
1734819954
1613141737
-1932453207
-1118237152
-1019204064
-1915331971
-865243888
281014779
-1728596677
1298694709
1144662587
1490300474
-504714619
1534616232
699769867
-112274317
-1704793886
554670319
1040912726
600951337
377342031
697690249
-859906053
460632912
160337938
440832894
-284847050
-1495826160
1492736051
-1897885498
-1344747212
738765001
39194154
-88521494
570631914
1240024919
-579694375
-2052087573
328556833
-593906538
-2134501444
1006095203
-2034002987
1243433768
693590366
-1667909654
-934571840
-770938763
289023246
249516219
75100720
-1021843214
-522165294
1640306326
-689109215
-879647578
-624577380
-1440064793
194112647
-1151225878
1975261115
2122610727
-1035376662
-1509399440
1939037588
797617281
1466390328
1321825925
926698641
-1640596807
-484914730
-1742955878
2049159768
955168073
770316023
-2042331392
1133564992
1790285772
-1838709455
2075467250
-1584008448
-237727073
812144461
687778776
-2133273175
-1643729723
-281193890
964863434
-1167814699
2060230667
1039733012
-695417774
336918304
1738806124
228178001
1942083189
1145011159
932026294
-1119821571
108185844
-1018930961
702761581
1176488726
1568824783
1089359672
-1841544466
-527749622
493901834
1328963538
-499700265
789264968
1141186483
1399077343
-1329022298
477208596
-1522195934
417025914
1699790751
-2142720102
-1341951358
-1318074906
-1820117005
378267206
-673223024
1428010250
-161447906
-976519854
754019234
296774173
373978256
-958280288
455520235
-1450270307
-1493543281
1283103945
-1265812483
-1967395707
1475713883
1679402869
-1093392242
1265546430
1532889490
659487980
1968020606
1268618453
500943062
-140705811
1242275608
-1579288851
1160136620
-2088951618
713116312
823734007
-476374105
606971012
-358210836
-79920095
614481861
-1010561580
-2060348226
2119949708
1770083608
-1096484215
610328754
486934081
-1488074328
71011031
890894060
1795472484
-1103623785
1440196000
-1302198572
1420951466
-934011258
-1187271162
-112802019
-877702392
-225025737
-1411940800
-1446659582
929228204
769204595
355974065
-1070796334
-714483920
-524654546
1879955510
1344608687
1835928333
479279080
-1029286721
1196213905
-540983475
-1312034987
1055398176
-985049967
-1106879868
-1056984513
1213265193
-625879964
340600064
403373227
152084211
-1820537564
244572479
1009501243
530891388
-857614762
770013089
-2062824494
-1989282186
1982615080
813836638
399248765
501131867
831482
-991166791
-29204848
1583505861
717901599
663708789
-2077576689
1378668795
1636792804
693349512
-1807770288
-1341804850
-333035312
166094350
138674910
-467710042
-1994613203
1984938112
-347994209
173235671
1286216135
-1165136347
450999864
-821935303
-988085005
1590999495
-1241779025
931600374
-2144372014
-2047622230
1907667026
-1879364955
-1106358058
760551865
2108777431
1948349848
-899710075
396893954
-1313907772
-33319567
-2095436931
-1805388188
-1794155248
1263473915
-1295106377
1468130439
-1843228150
-1944378826
1106420239
958881035
-1654726278
-945028941
-733720829
2076651267
1918833669
659213602
617320891
1405387940
-1745523755
1771922985
-1729584312
85568057
-673344904
-1152151946
-786881488
1563414618
402981129
-2118411241
-113493206
1748254044
1227835021
706889992
-902603739
-2062900725
-886189922
587626765
1612315534
-524057194
-2143741363
727910594
-1959874094
-1787233078
963863876
-572655121
707564322
1206067331
-59023061
449679649
-2089042059
-31918242
1333224781
-637978507
-745771309
-804665677
-1805115270
889535414
1109392847
-91881790
1827630
-1294618198
-898122156
929969707
-1022760974
606480041
60395684
739371171
217005570
-1353130898
173443230
1496247524
360528431
106541873
-2034228417
-1986144795
-821849594
-1969352716
377278570
80130891
1241417010
1242321949
-2060135189
1002235167
-1407993570
153795140
-1470314311
-1432881472
1754180318
-727798706
1815295355
-695552742
-1105732785
50521786
1763383629
-1147603945
1534073212
-374604486
-86683197
1709160277
363564867
1616385157
1521955629
-1855278566
1409184824
843048299
991744028
-338865532
-370701624
-1010016983
691647781
1399114756
-1767715935
345337598
-481092380
1150014733
-91167919
1115941630
2023415875
-1805644793
518415917
1178168869
-1919768836
-565954679
1673518707
-1753301074
1750277211
1414125000
-354019150
598355877
1535847496
1449111369
610292329
-1259025733
-238580604
-1479909154
-1549259026
-506562727
-1932323277
-649654065
-1557293423
1940803574
2063905689
-2021145770
-971578367
517852845
1180165672
347865680
-1878260755
1704107529
-210163526
802147378
1721854702
-1315691741
1237299738
-1472856519
-1713240669
2112296175
346184648
145927653
667256605
-691358510
-1546800899
1106060711
-1823295106
1459125366
-321033748
1171814616
33797340
114316514
1763432266
41738989
-889446294
1512614596
-1362230768
1285252585
167764441
-853871599
1891337087
1414028306
-1910841605
-191202609
-603104924
1982918887
2010166698
-164855503
-1668334947
520795472
112561639
1341526756
1175662555
-219430121
-792761787
1220876199
-1485867864
591209367
-391013753
-1140884703
210429099
1793093042
989475976
-927171090
-1586726613
1413271303
-1418479781
318342138
-1266246959
2004284516
-1325712206
857535506
985615281
995788153
1609424003
-401670985
-1337823861
951265231
10888936
-61255114
-1103386547
-918668041
-1925392314
1010579957
862565596
406704134
1079913393
-1699186930
609554451
2118673984
-533237873
-881660895
-66037237
1131980562
-1432960901
1347421797
-133634660
2111508293
-460255637
-1057864192
-858637276
-2061032591
-1633628140
-114788455
-549480058
-206252625
1886521484
-955419862
-1328896907
-294251886
-608795855
-1687915494
2021058290
768059734
-442013239
-203792758
-967455982
778830682
-376989462
-1736079890
-406380539
-264937781
-305375588
159566048
969829203
-1911783262
130567996
1747457584
-577402265
-732163633
-519111518
-567169217
1303996497
1186470838
-326837370
-1244611700
428198855
-149137446
-1720511713
-2066284145
-904822420
1335051991
255554316
-1801135931
1820091988
-708623723
246672247
-46421748
-257616185
-838991942
1023337335
1026067248
79971653
-62770592
-1188556362
-954212667
548928970
208030216
-1205617837
1918626102
1604933971
312375501
1682472201
-1319251426
-1470405216
973044188
876216976
1020367062
-1810217670
-356332765
-876785597
-1555390642
-567424073
1026051656
-1789558014
597198368
-903669188
1797031132
403843673
-338717214
-2106261438
-1853236272
2011603169
1813209531
-1689049955
-1783711193
309593830
-688533704
-1832633670
-2110175508
749060938
857132896
-933246936
1988434534
-1323651416
-404876027
799030873
258363019
39013563
1659460700
680946856
2008064689
1883224065
442439632
-271348067
1986045579
1833837467
-1560373742
-135300496
1949835346
-976939145
-54266508
23376843
-1577180606
-616379728
1602713719
-1328257324
-425295033
-538099660
1197805474
-1000304790
-1062490376
-948631129
-265147244
1860882606
-1155465020
-909716346
-720031140
535478468
-592241046
-228186737
-1229777144
1886825690
-1607531090
36562528
-2070082949
-1371137688
-1702903479
1977198942
-957270396
-1406827847
748550432
-1937455144
-1732318165
13050283
803983801
-864371093
1274008141
-1722500942
-735392022
-2071565401
-1585649302
-1461539550
1054911954
-895216398
1708095677
958722221
1876650509
1221875116
-694470516
1741324073
2094260771
-200516461
-1367323199
653030550
305254208
1646402409
278457018
-498466977
-135592918
-1873195820
-335566500
-153439520
-89970834
1730180228
983102062
2060779048
1506827485
1591426458
-1204091357
1910426367
-1090743754
1065999176
754285048
2147125546
-1081973980
-806137932
267534272
1310927341
748669034
1391639841
1568115196
-1314009136
-1666709924
954606928
-885841552
-609208666
-155087216
1648311076
-1217593358
1008146378
-1473001259
-1927468412
-79149948
-1123545429
34862948
81820292
991351973
-1428242037
-10507691
-971477562
188038883
734876291
25589332
87786782
-1188449611
69491914
-2092178796
1234372724
1226449287
2043085366
587579907
568048110
475716885
781438209
-188060738
1268520782
806897404
1993566672
-1100642618
189975960
942892429
38436337
2032229620
1621508855
1670541796
614211044
1407052074
-790078752
27505465
-394352612
30282955
835704951
-840811659
-1457715194
-1429809044
1350239026
1796299016
-1172658870
-2003618869
-1947897412
-1109601799
-1051688112
-1938083585
-1472913637
-623297475
-1581361915
811296497
-807326188
801179469
227707102
1787670282
452394701
1484786418
567841052
582681133
568883892
-1486311582
1905060946
985247975
1385740959
436929168
63615524
1897556709
-1844810956
584535744
1774102608
-163984986
1835373451
272303705
-515365902
1473466992
-532635119
-1249896194
-1460651261
1970152328
-831331409
1839465951
761530914
13287580
1802815786
1306345291
-2010705257
-738413948
984915660
-371543159
520025236
1246883369
1368169028
3313384
-739636804
617952965
1727095498
-1355642091
-1568234519
643297100
-994150522
-225091668
1240003626
12783401
-1124591566
1992697872
-2059805174
-583651795
548443133
-1349266817
-1436992745
1702288324
-927391054
1405348960
1617056418
-559827607
1478798361
907370463
-1734768190
1848766555
1881481629
339277499
1731628959
-762623344
-365801938
-1773226402
-1494316564
-1434609942
-755810199
-355178195
508954037
1257789608
-1403931915
1289939233
-781537190
983048734
1907431215
1247608726
806427866
-820073816
1555637768
-695472541
1548949845
1686228956
96344878
2027091498
82794699
-145951234
516882025
669281776
-2104265431
131300280
1175756615
1702379503
-2077913722
-127257334
-1179506948
-835919958
-1592589143
835264895
-1358797694
-1170666174
1676551118
1293275553
-1357170936
2133195272
-1812159063
371863470
1160952457
-164715950
-1107989077
565354378
119020218
-950374254
-884215933
-587617800
917254184
-1674150492
810289895
-941185276
-77313119
1467089510
875650963
135797699
782488531
634900109
-1349427823
-1118191809
-2090886861
711448758
1965004219
-1354671445
726139936
2012298171
1397231230
-1061357346
535134535
1606301000
580100320
1947212030
-1494953912
199817645
-779705917
124049531
747051161
772370676
-2098570390
-621721537
-268179285
-581357258
326507324
-452959965
1776911178
-1016313302
802478024
-1456387164
-1637212343
1903343102
1213248265
506916566
1800076637
1121944426
1681775850
59570840
756316233
-91222783
550672908
-1372135160
259027771
1314836937
229798597
1274049337
-476657034
-1347239154
1766772332
-25225949
863873584
-1219159182
-929071405
676183259
1669197756
-320531639
215613460
1869426947
1551497451
-1964509
-956927856
-1347077501
1620542896
-1766203991
-1472363212
-1755660936
713265154
1355994540
1091239422
1981410668
1161903622
-2006651526
933519039
-850194232
116609644
1768462964
2025582626
309036934
-970866920
-1994027043
372526316
1806436650
-1527562747
-683298828
-2026307707
-974107150
-1293085594
1660779075
2063922102
-1240754357
-1706466291
1981582137
636993715
520670087
-1542017264
971899126
-618197156
1973688525
-1940295255
-805709466
1672061119
-859352240
2140337758
808820113
481147105
766608067
731826273
2017717808
-1102777923
1543852812
822765625
-1186478718
1391180429
1098996791
2116101793
-456555936
1802700615
1105229229
1545619887
-1166471025
-799607702
-2070968155
-945430472
-1720073643
-1326095623
1791595993
1101981554
-1114001586
-1228681017
1954669181
-1264605477
-1264604033
248770805
-2138079124
-1961138598
116928939
-756365127
-871586396
1260315299
180010981
-1520020384
1024427764
824386527
1434885478
2087319701
889825779
-1958438261
172948128
-1316338717
1786110516
1036297887
1897649298
1739900024
-1622381129
-1762005773
-1857673122
832108075
-1523063647
-1155129634
1879788568
-744256321
687665199
-1360127968
-1229160224
-974283159
-1892549400
-1147439359
-896724430
1083536015
-1803330542
1360859833
1297258108
-1475413806
-426538906
154006546
-407886608
-346674098
-11632122
1264628811
-1956735845
600696608
-561875538
-1253611969
-858711882
-1707480536
-335600854
-1563529785
-677982660
1441471759
715175687
1935862107
-36761924
-417248629
-1178465395
-958164481
839883887
336977121
1776125164
1675965788
1769536397
358047403
1373830324
-1514000852
312904923
-900348965
3960970
-1233223973
1928150408
-1367621889
736258072
-587173269
-550182854
-902715707
-92518843
1438115735
-974814366
-1779781694
-946341466
1892461115
1294162135
2457198
1237827635
-1618051342
-1456930142
-27961997
1680601661
694666496
456743191
1144611878
-2133194593
155046514
-274792924
-1317275307
166810163
-180851068
-1849601555
-2100584893
1061227656
1855721026
2109447319
1715232240
-194325551
1945679729
542933347
-891306852
-1566073313
-1213616722
-1774121217
1969628046
151303634
499142103
1109393688
-410729199
1766942541
1899412395
-963705037
436681919
1313691112
1324172716
-1982520131
-1977323519
-332223446
-272653492
1476034144
-1910345003
1186372407
-533892792
1500981399
869102802
-1169302137
-1780248498
-1595421820
-1056834968
-1456852776
-668317211
1363685376
-70588820
1782643557
-501850227
1839270388
412620756
821727320
848914469
-199781402
169516990
707577724
-110092404
-31273002
-1415588938
637197366
-1363964789
1469284683
479510584
-1319123019
2143035634
-1017563992
-1502625933
-859338136
357840896
-121641021
-1244252080
2054101168
-1356228857
461842359
414239153
646569687
1833161808
-169035783
-1522506243
-1750659009
-868235205
-892201303
1047208668
1187001822
577662123
12939818
1872740671
117288937
1157090976
-768875532
1931162018
215293647
990443044
1414792360
-1068787563
636544872
69068907
-1810551452
1640011639
1049577070
1407658037
-602867112
1926290821
-923097301
-1000581001
-336469351
-1323743982
-677105292
1132717369
-2107967179
-176553705
-2054896939
2022823617
-102093946
1601871598
-503855347
-243387663
1307545803
-1119494054
-259611716
827691245
-359555340
1039839690
1364372314
646759168
-1891673924
1142931678
-281621653
1103805120
-288438019
2128312106
748251632
-685110417
-541630657
-1838523079
-1166399968
-937054556
-306380399
392833492
-976326568
-1317343446
509208476
-1523580541
-520409777
679779879
931304180
-909858221
-513222515
-2060323200
-431982415
445233113
1729288733
2063454844
-1521143746
121041783
1959396225
1920014247
887176048
1846510813
518875109
1745190136
539409369
-2145214766
316408727
-1427370187
389130590
-1218202572
1989469879
1888294806
2092195335
581073213
891475754
-154318680
1040222998
1294677255
1154194900
696145268
-118363302
2103191377
1321890565
488593120
1260472004
-419101053
-1864352205
-2072796332
1812699962
-130950673
-25453334
-977470305
-2109571413
-648891303
-320477952
-640665572
1735921251
415634105
-1023306228
1762247952
1233780639
-840703170
-1124471273
177845590
483698020
352549014
1309316500
1744120893
-1890582644
-321458836
-1316907379
-1162520655
-645519584
1243266098
-275967201
1963612056
-1147950099
-1052733665
-846631128
1449834366
1314371409
-894923653
-1684283074
227434099
1292044373
1164747546
-1917804830
1347295539
-1500373760
452303653
-1145890828
-537976185
-1565516566
1791618848
659158378
-957067797
-1488627442
1585623335
1405603644
-1559971727
-1127385884
567476346
1654443426
-1944968219
-1396798289
-1370303684
44345729
266821680
-267653869
1585846391
1181728802
1491691265
1633955818
195393123
207433252
1717308841
-1603022249
-700569369
-1505286732
-702189242
1987221530
1729283168
-320736262
572096803
433279013
1006559392
-1476302378
-7779489
2085801584
-2143555528
-402678837
1298657228
-2061750519
-1870280710
-2135216837
1443978520
897955438
-159278407
-1420649772
735919154
-884284642
-1280152238
-64669622
1164619238
1683850349
-1083029776
1576654150
-835207478
-273618280
-988307062
-592036451
467776861
553616408
1541594800
1762789573
2123996780
213679162
164086919
-966628220
-164971593
979906287
-1864153326
-616298775
-626607916
-1483242016
-38919758
818074496
178637396
40604357
503383279
-1997553728
-548988125
-2143814921
-284730248
-791244088
-771740620
703334467
-427167384
-239199158
537922141
1555788544
46853322
96984775
-1521123713
-4114077
1203830367
-2086426372
-493511703
-1876420591
-921195618
392090267
-1942859523
2047440885
-499709189
178131006
-601432556
636282195
-1728745620
-2146692456
521819807
-287349731
-256260056
-71932691
-558460786
-1397017211
-1023559503
263536323
-1787550220
1185800915
1670032661
-787333927
-671978261
-1802264201
1253928559
1873622360
1341950388
-1080269727
1523579828
-602039480
600506147
-182440304
1054976683
1937909061
1931698489
248347369
1198642493
-904418446
1508773394
1521864009
-125724946
-1383370580
1861488897
-915816227
-304783701
-1769190654
1811256313
-375969872
-2112399163
-245276827
-1536457938
-2068770939
-1037568707
-830184293
541935355
-1068318746
653921858
-911695495
-1302480890
160171389
-1708363017
-696837551
-1273974367
55991969
-1268065672
1776001448
1447880307
1297603891
2092729118
1548075052
-1268524201
1695666603
1166475778
1341892580
936651907
-1629056147
1802503872
1036822185
-301432596
1329789537
-1951328388
-1655452716
1736953833
-1678942782
1595705642
-204294856
-1473127146
189082676
1698904073
683128658
-731050374
274428188
1411302511
6411455
1037631724
1753078572
1016879052
1877489901
2104196785
-699197380
799028712
-153998827
-1894531990
1765841504
433757807
-653810072
-1369833428
717167158
2068497071
1930567816
-1305471248
1875143295
-1982540897
675811129
713636909
-1346473744
1897688098
-1124776872
-1030334525
1040472138
2099567501
-1455603957
-1058163173
-2090840152
-1790110618
-476844743
-1447846261
-593138921
173359982
1316786236
1749773310
1718253931
678974178
-737822507
1148128211
641459024
-1903960580
-176910752
-1408956666
-333191265
276650176
1308677448
1441495437
1166657778
749556
262564028
-462382076
291356794
1925637487
-1607984222
1318568843
-292500977
1728474262
766194892
1876163566
1714724232
518867747
-988677527
214933511
2073127244
1471988264
1269760189
-479554464
725885481
350520147
-783142892
1653540892
1615952995
-78727565
1246475763
-166273002
1615258128
-433564869
-1575987823
1509568586
-1757152606
-1422994620
-1309815931
-1197381772
-950233147
1838710872
1660238015
-390328074
-982770837
1681711853
-1171470148
-1985523458
1299229476
1576473838
-780597515
8224487
-753548110
1586756801
-1849583720
362447328
494602204
1933227141
450643834
-1326001205
-1598207614
-413294181
251963211
-1653256602
-510311439
-1490616216
-782916086
1583228592
1354791032
842786904
1142808251
-1325155707
1511921211
-1512240091
-1136751273
-449571701
1471347270
941406808
-313499900
-2082190767
-2140857115
-480910833
910725510
-491710284
644874290
-511172607
1393300980
111305349
-543624210
519641023
1678092974
1062565224
-901561708
-1430545092
78585998
-141805314
-1410229333
-691965297
-867352739
-2023904186
1354977115
-1473995274
-1004470904
824595776
1699819331
664902686
-1018691822
-1826781485
372713609
1376514721
363958220
-1772183313
2144660274
-585439537
-1473475388
2139336438
1721840307
-964404048
719712506
518064215
-1575975993
-29875639
754383193
-45623428
46756738
1089350430
1243419621
-1339053338
-2048013403
-94470152
-1096479184
-1954188139
736174132
1587668712
1748383506
-1570726996
1852484166
-1264154741
-1413388392
1220871253
-778470373
1754533774
1688414012
161690082
1907319411
279911284
-699965610
-1548359884
1606944541
1107552150
999313874
535751008
-1942542131
1344048491
-1792424157
1528481934
1911684146
-863547127
-1928550537
1954403109
-1895495096
-2076851477
-385453268
-357918940
1683562474
-1979336204
190533250
-655059502
-2145443158
-1823381068
1322292369
-1192751718
1399054052
91494633
-1109842564
1582956079
-238410991
-704299961
1249633254
405916407
-1686455208
325319035
-1994386012
373301157
708782186
474568301
988978100
1938619176
1421152398
1270323397
408040814
-1228864317
-1294605830
-16672335
669008633
-840134788
-1762715803
906826212
381074175
-1305415750
182257625
-1096867359
18565028
284624681
-1943843123
-2102224264
-1542275405
-844616991
-946134670
-1815361135
917989658
-2037594170
2015438157
1379258152
292015512
-1010407119
1613863941
1129430679
-1475677516
1049691599
-436537218
-35647461
1057115120
189904585
1096560934
-89053552
-1489975746
280444197
482698125
196210047
1744938931
1804794219
-1975083717
-149564582
902903418
1616329099
-696132163
-122706939
-1027319030
-1567489795
15902209
1017055128
-1355042405
-964055254
-179394333
1284548963
551665365
59975690
1642623239
-1339339982
-887407669
1292854029
-1674178584
-98285359
-1533301465
-1636268993
741026353
974802898
1129298341
-221977690
-1573456565
1744654221
-1259211836
854107886
1873541686
884401511
1857424059
-928722617
-815746660
-1657353897
-1799252310
-329454194
-239776477
1295711910
-773262319
345683626
-1256439294
-161231627
1687806597
-1501994440
805857495
715113860
-29042016
-1918340758
1006421686
1996249264
-500084935
1129327660
1755796357
-1582579779
381177300
-215995768
850481542
1138310869
-341560740
1869779018
-779810252
-101645488
-114597361
-151724313
1123157075
328278582
-1478016584
166822298
-1734998206
-877823231
1518852900
-1318881329
-1300070509
1774748326
957867470
1219477956
435886301
1254046422
447489756
-1703513234
1067688144
1120328065
143940686
-1683517031
-146765943
1730077851
-1261230220
1411784018
965644582
1826801185
268806817
1141240200
1609272477
127016030
-130363875
1712805616
-1361894455
764889706
-37396385
-1908575703
-389015355
-947385101
605259131
1782247457
749962365
-128706753
-1236719143
-1603103562
-991368575
223476849
419589159
265260959
332871196
-312809206
2138976912
-656163955
262927525
36303026
-1849663699
-930600051
-135306988
-1891896264
373184443
-902911312
504698071
-239508521
1000330382
-371650068
-651791898
-1648139845
155790022
-40527804
2028018197
-619575102
386106815
-1968340697
1198852008
1298783110
-127220787
-978989803
934484780
-1991598181
-1089476055
1812451464
-1456065916
580528405
-1044749275
-1780361967
-232907454
1580325452
388071847
-917624640
-275447241
-1872897054
974842068
-2041495607
1624050252
365515013
1674702603
54905955
-55745389
440601585
-915993324
-468193037
373487512
763004600
76931737
-1224806295
-528854019
562897989
636714196
-227082006
1810742341
1178074525
-633482103
-130866001
-622111249
-1241333912
1985001271
1238969644
-578496570
-855876688
-438071415
349719668
-1027913353
-1159031833
1400291602
-1798514469
-1846630300
1901698862
-754021574
2112497372
165840311
1896444116
-2134595726
-988963523
-1104809543
1980392220
-283568465
799827825
431900771
-21804477
-1300377068
1023371836
