722628345
-916178205
1217603325
1393535174
400215692
-211373200
-971168430
1906467170
-2077820857
-1114303373
1217263517
-554138581
1436993502
1753018872
1886995497
-1740915955
-1690182236
-1720466198
-195525464
-184853287
-310533586
-1602498581
-737743748
578719800
-1932697547
-305005208
-299962575
1025583579
-1917871936
-46986521
449522510
-756827657
-620104318
519542179
-260784819
1072332016
-1570275968
822860889
-1529528602
-114416812
-506269706
-1262400924
680720019
-430136054
1983998331
935665671
2029124432
1092064202
-1038108829
-815215607
177033379
-1600085809
-2687644
1394461319
1035419355
1826376139
-1438412421
248519941
-1588565092
-1516379877
1331900944
484945861
-942049638
-357604036
1043200600
1533689948
75177635
-516236420
299874554
-1254319743
922563299
1264722420
1227721973
152778792
241488995
1915579573
691924160
1892658639
-831075374
1606935104
-789087310
-1112976362
-1528629368
193268540
-342011484
815080853
866784711
698419554
401971412
1570361321
-408981693
693684667
899786251
-1187359984
2147231204
-602495475
454881026
59949558
1595026377
-884790894
508199681
-165152689
-1601624432
-552538901
-1647384119
-1348707929
-680541484
1385545043
-990999372
285797814
-770688010
670204695
-460911079
-321163783
-350282720
896441157
1681666805
-1408296835
-1547208569
1099077795
-715701561
631200765
1619537391
1931059171
-1889402438
1517334831
-804658828
202363668
1400154377
-1092799142
1733151110
426213466
1086357918
-1479026132
1712423732
-1776941087
1364657405
1567768265
1900312494
-1243304690
734505056
-1665235417
875533828
1827718903
1127003682
-389562728
-608672461
1092224021
-1780360864
-1292849496
506770018
1818539320
1369784284
-139322584
-573284504
-314485830
-728861147
-1699816822
268113298
1661581047
-346791436
1436895599
960225442
1159179516
1896742617
103478398
-2008746471
-656414083
422560022
932744055
-97899335
850888204
-599670069
-296128121
1281419332
-459705720
1223237458
-1993113891
749239690
-643519277
-1885265684
1766901628
-1320791390
1130565831
371664028
1948154707
-861061257
-1435235991
1919309907
934359946
186380934
-701132705
-102844596
-460308194
1597398501
-1179045729
1549068473
-1546727249
1079668870
1056571497
-1387338593
1467152280
-1833918532
790873718
-1715764482
714604096
838665471
-1760903567
2086754612
-1346733137
-46263317
-1795772250
1720945058
-1418586524
-1502466930
534466809
-1183749745
700841572
-1884451358
-347924200
1893736780
-1987677034
-1455526760
1573982708
45853337
-991497394
-1674235369
-1517207444
-1800482489
1043975207
-578607165
1150724427
267917854
-1536733419
1614942850
618733684
777761792
1506266809
366707323
-76261541
1289803598
-89582089
-655434976
-752034121
-1845807223
-734190907
-1606330514
1198985077
-1683526852
171522630
1240698483
-1059647761
1896574489
-565597674
418135056
-663723427
949657954
-1443902745
1193300480
-2018589301
969862794
379918412
1130140952
-1927726900
-562106341
-2106101292
1085622992
1114864174
-973912870
637524315
1560591105
1105288686
-111447768
-321502565
-1960211985
-1694320082
6615722
1220167689
-1723715958
-449455643
-339908052
-221128482
-1691154191
1285139222
-2072838206
987509875
-90645194
1531452484
682911024
1934149329
-1222527384
-86745820
-1700521333
1342618248
-1990036019
849344148
722000159
-707046465
-1361079697
-380310068
1642023059
1046112396
-60568359
1241671378
544170571
175999622
1143462690
-214140365
1707747085
1217115543
1140478250
1333211631
1975159526
-892561386
-859354845
484434356
1568586574
10471444
215191635
1870089807
1330455434
876706293
1089952791
1029855327
1341838161
-770995134
996199210
-1567744437
1599024050
-610599746
1478932263
-1994405515
-437586380
-550561098
-1787258292
-956859729
2036812350
1796803229
-1899983488
957417965
1119020217
-2090373417
1272488598
453283132
-1174743565
-1235007019
-272294189
647224051
1490397638
-131043999
-646358611
-1135510745
355888633
-264959174
1162167253
-163529629
1344223973
823212771
-1159341449
-2028609640
-1470029221
1462274231
-485291328
1471713106
1043441861
-11738559
-737556064
270145068
909913227
1077638090
-1757846575
-208402298
609738679
-208581838
-148420073
2065388916
-848218149
-555297789
1812782536
-606145799
-541067214
1092518082
-471400050
-1633117836
-1236190716
-1947978359
-806915477
-1228324262
2071926607
455100370
1102327037
1036148261
1801837475
-1795545196
1726046979
1719137675
503373645
-1573649005
-1932081889
516368883
-1902677833
-781579532
1125721308
-1541420764
-1648070642
2102720015
-1442991373
1853286463
-2098626267
1339633800
-2141430326
-539772433
-1551304807
-1498893664
-668265412
756487134
-1861230284
1942964168
1212412063
-1179560086
575394454
-907671433
87330818
1526837656
1130256913
-1037820611
336927158
-1806375352
-675660587
-816832746
491371279
958995114
-204152244
1828104451
-1711694997
331305712
2046333383
-746590506
-902656909
962238276
1565156954
1762094413
861993633
-686296068
836836611
-646576286
993518081
692701452
1593319697
2005935329
-1298347206
1593056444
52198083
-105994694
-85453617
-1162943078
132613166
418562456
-1911944030
-586252367
-843741084
-1372447438
-1943429702
-905854726
1845801170
-841368864
-10906043
-1650958062
-1492458262
551258352
-2075276832
-1399085011
-891846655
1705225274
902403093
-712074934
1648361849
240113521
471170852
1581910951
-702211294
1513374652
39981829
-457414793
1116717533
-446751100
-1109782355
-1650722350
1560028290
1652850831
1971756432
-2057956371
-64836349
1204437581
-347331737
-445355638
-1578274863
1988903282
-1116805070
-162176335
1514843518
-156832828
-243621248
-1179954016
695421603
2019500853
894995950
-385755649
474374659
-2116301004
1175700460
-339238312
868832496
-1751732417
-41689913
-582041403
-605159955
-949009732
353508578
1411113450
1270278548
1298389513
-1538411962
-1543952091
468433337
1822565585
2051524190
-87042812
923344
-2132684383
1626892282
-259032329
-312355957
1118906
511283613
-744437178
333522631
-58450904
552980468
1087179332
-148889688
1633021715
1945914531
-27080763
800110594
-558234028
818168135
-504142388
181086458
1608759371
-1694099784
-175340152
1679058412
421618159
-1716472690
-2012513919
-560537201
1075228453
170247398
861419534
-1667235497
1659016278
1712320614
-1103593206
-193535206
-88945349
1938970237
-1656542521
2013747446
1007678714
-574568977
1921436225
837173105
-1739945098
71596432
1962289814
-658337311
-1054704670
1963547983
48252853
766042381
-12060521
101457782
-1528774570
-407564268
384679976
-1742630353
2081485609
-1020757107
-393076814
571744585
-32425135
815329007
681920119
-1241751492
788856851
223284275
1946730158
-41552790
1679002570
-164558409
1254956948
-316514393
1537924638
-2063537563
55594182
-1371574533
-220140171
-628911084
389011154
-2052107866
1948453800
-1583847379
-1767354102
-1848861597
-500538886
2107589265
2134093980
-205210383
1713879109
67437242
-456783649
1696047566
1216871285
-1012071648
-1557579537
1979947589
1809200954
-412081443
-873636229
394310315
-396953863
156255635
1986863581
-2082533148
541344259
1284074893
-2017317014
-1202711252
-548362488
-1416113116
-1720225269
668615443
-141882675
383558755
1284236044
162805449
1763978781
-285131794
473039667
302197403
-986571012
500373023
-2048569068
-1195519811
-459470558
2135999857
204492963
-1489205942
-1356588633
88252193
-65865718
-166978424
-232756742
2017459474
-878537283
-1842818705
-963172841
-1951647248
-1871084598
790304875
-779394568
625265560
790510709
1657297504
-2087497140
-561242185
384738308
-194651153
482073702
1827872432
1234541526
-1709419273
-1962888840
1868396739
249443002
-1395721122
-1689360128
716906859
-1625749891
392236049
2053590657
-1238131450
-1535268156
-1828650680
861591158
-1878653765
809183516
1018240270
-271913341
1225450647
1871179343
-1648826112
-365323027
66279417
1899149561
1227080788
-1488149684
-1322055632
-633643686
1613544733
2140936319
-549916318
-921472404
1454913996
1400647135
1920274863
-124502985
-1543489799
1820431286
-806918507
-1497864348
580918627
-930926350
-908665707
-587372016
2054779957
-153935339
-1491790569
-1841717789
1186657163
764687215
-1004657014
619800416
-957891789
-1716499825
-793658673
-486080899
-749424201
726102774
1853173719
-1924813706
-798077029
968262158
-1140547958
-335375651
1215912674
2026866266
231926762
-619032586
1034245847
2077062637
160909432
-2144070591
-965759991
-1120940000
2080948694
1269300567
-121451370
474097279
1770965677
-1410348551
-315828052
1960755459
60284112
174472037
-549615795
1396363654
-1279944287
1602926571
1255364433
1870522994
1437600947
-498859328
-870560591
718122172
-390597456
-1846141678
1770962433
-2070814448
2147104381
2079106140
-2140998082
709128269
2052382363
316424699
-2057392438
1365503796
437277904
5439488
693085619
-514412197
1854252550
-585590970
-1297951685
762812263
1019545714
-469955897
-933623404
-1385886599
-1344406024
1000678443
-965087766
104720104
933017805
-188111455
-1926843993
-1979768783
598124125
2086094066
-1572475662
2112919595
1662665839
-2127903789
1172337527
-583116930
-327900025
1023785338
-1679351699
2092893525
-524205685
-1794252429
1722408660
-138443694
-1774253143
-1728969805
-1669303809
1589045954
-1813000585
-705902099
-854015407
1866811922
-952806053
-1651567068
936817227
202570112
552727084
2093002369
1357758405
-1840424939
1993886233
1996444261
1855780219
-1797703215
1240501449
1238469826
1736044747
-232623064
-1692960316
-1243359322
104857532
1542667693
-1818372079
328983832
-1687905470
1748325644
-1317714913
-380165849
1627570623
2032804670
-1245612056
-1085882049
1589835213
180767991
-2005700269
-1993542466
-1988238022
-1129289887
-33154343
107219654
-910951341
1009370127
868899435
-707681964
-1261147803
-1440511956
1974119059
1794453905
737301632
1597080306
606904793
-463303320
-684765314
-735086750
1291390055
535700056
-200392125
-1031484111
-241599505
-2032527990
106059589
1027464449
-911969844
2041613605
1396812878
66145232
-2055239833
560511713
1314638720
-992269899
-1217316644
-1355187238
823144601
-2080454712
-130927140
-950689370
1291935352
884701538
617110740
1375418537
1982154976
-2125482874
-1552694193
721444775
1608259195
864634270
119043736
-409107302
1914863392
446204521
-1575631966
98441925
1922386520
1055385651
1025920300
2115902984
609202718
-986189497
854733088
-1634994314
-2113491482
-783028830
1202648636
-401893596
2069850592
-1111901463
1002381043
-61810877
-1180733827
63649691
-84048235
-1949008783
884554801
-1764840054
1988029613
682125131
-1465884806
1315368839
1582715561
1449446214
-537116383
1384324700
-1433464896
-1733198145
1828796096
-2041493250
-396771568
1854650447
-1347709053
1623088131
-1332253690
2040122724
-636430030
-624880559
1237360898
-1142700531
741800302
1968498967
-421774279
610327060
-1859995846
1575297281
34877149
825699153
-1831771971
1731692199
699697788
1854689597
-1160038075
-1712754619
205750437
261786053
-1513636977
831065777
1512519888
-425221280
-1880277947
-847235191
188260479
79164515
-129388345
-1096474965
-84895328
1286140819
677027374
-1365724438
-2133906635
470042107
1272345741
1549898237
1920112694
-1080732160
411687545
-47331398
-1009876811
-136788046
1774169291
-1743467388
240218435
721313380
1002616483
-1017743614
-1681292142
-1398069378
-9149008
-936717039
-71369893
2016607889
-1411121489
-620617733
-1543115135
-438452565
1753617969
-1202503704
95846262
-398609172
1315197344
889885332
-657642786
-1327355815
-40258429
-997070526
279650673
-989197585
-1896874496
1753608688
-53949659
1755850747
1941363362
784105419
-110438261
1229677480
-667554211
1149396709
-699627912
-1064116263
329710286
-1590763740
-1288177688
939465272
464889286
2039849597
-1632646624
-613525617
357999625
-1598014878
1062946578
497283158
1101024338
-202755976
1612241412
-1340124532
929748634
658708109
1588636274
-1635726134
-1440822375
699701705
1750827315
-1157138796
-1082365812
-1088809694
-1410311205
-2037069326
26147641
1966757653
1775063649
542622271
1806400048
1068207762
599175936
-1995795392
-1987453614
-1932225737
1563523169
-255110281
-2105738602
-1178731327
-41124359
-1102505799
-1597707510
1318632895
-1172433232
931429886
439630872
973550983
527559107
-117734537
-1004506869
1620110702
628963818
-721014298
-451241776
-948406990
1672346300
-72708567
2071264256
-1716645189
1208703058
-259804650
1281828637
1779513603
1592038699
1908481678
-1527655141
-1025639855
418734671
-167732532
1740144162
373483948
1387599286
1343632638
1511952018
49225615
-1963433239
-1392822250
1800571463
271537624
2137225705
-363451679
970039325
858541830
883208272
-258266025
2073194934
-1186202461
357439670
-1679474379
984486778
1843009791
1051110486
-140613943
1883932895
-1036769250
-1657672976
1544912652
1241137386
1660949491
-1657334544
-411145739
-151496972
1773393869
-864066610
-154542069
-488531023
1663561488
1544873144
-1551375812
-1358517650
-917144792
1631705455
-337587475
2054393497
-1694739269
-1901411474
1709083730
1334689158
788298781
-816087728
687867902
351365232
-1376674552
1212286578
-1247319107
-1572640067
710318476
1058530519
-358903903
-1724032891
-1184739260
-630898356
-1160556198
596472148
1143869898
-1688788532
307382475
2138864431
-859211412
2043962917
-985419303
1676134869
1290181919
869493466
704225157
1212020294
251971763
1420588619
440650812
-619640184
-827377592
-968666093
468884333
-1044830808
466126336
379896497
-1064296356
-1179722753
1999814389
-1755670679
1654799925
-2131437642
-1615899795
-763118484
275133796
1784446347
1003574860
-1561629386
304558627
485071316
-594559031
1244484919
1112977492
-548054588
-1834178716
-794135371
-1465464688
-1443818260
-1962825449
-1729302544
349420159
2116922116
1511057867
-1990775674
46876777
-1407944213
-2126680307
1440538905
-441075699
2001416172
-284901887
-28640466
726502577
923532867
-1564543594
1586331480
1244679802
-1693454369
-2096506885
-206518379
-39587075
989948008
-547981487
-1672625161
1156692757
1256787842
-128419423
-471391866
-1120888330
224898131
1938892815
1085766500
-1218020990
-122440381
1797242191
-523306446
-746000421
360290306
799254360
677447090
-1873069511
-1020658226
362066008
-1375146835
-508522244
607227894
1161839335
1289135895
-2022233852
575275161
1809464702
761468528
828470848
1741446067
198954
1899849836
-364346491
1122559065
604759932
1559855061
1555788704
455672387
-681727037
2135001008
484278189
-1528560757
1576358781
-724888418
-1275787606
160937652
2083336713
1546811525
-182222266
-878567187
1161864097
-406508433
-2115537665
-1075194731
-547128440
1483633841
92710251
1423354881
1478861183
1250403151
-779076907
-875238275
-1301376388
-1115710305
1082887947
-1783032431
-203179874
1751351851
-1075721867
-1157963644
-1924673958
1770825692
475895657
-215862235
-409943814
1565931347
-1233283650
-1557589816
-1185626552
-654367334
-2104803426
-2059290481
-1794729594
-503095557
623998624
-576677910
-1685843040
2038517040
1701509142
1004384864
-1762028892
1424956348
1901220770
1199150990
-615521167
-1548394857
-907921649
-1538382736
-92165970
1920663312
-615636131
-915172129
-1349493250
591958767
1904795421
-1499027110
-643789199
996639193
202324479
566551816
759680829
-951870216
375584169
197142525
-1953593427
-2356006
-720705591
-356832836
265466712
247118233
1454025069
1645516796
-1361570922
-2093510340
1863673745
-1589715538
891651120
-1472245667
73705721
-476129729
144074582
-1288982261
760552769
-24383206
-201171755
615850993
-1984378574
1395689840
-1823688568
2061793207
720315478
1353807419
-2058327025
-261287256
2018048973
1676678783
523524031
-784424300
-213438878
-1649779246
-184600871
1604806391
654349784
569419039
-1795056899
1062107482
-2048085622
1159807910
1914677984
1574942713
1997923890
-15322042
1131124796
-1028049243
1620010760
-2060367106
1629290760
428104171
1983388686
-1682456911
-1627344919
497221750
1788156330
-1095365847
1178562535
-671392079
-1725727372
514944861
-2095978653
1546875056
-1221933999
-1778611210
2044898888
-132700592
-1223299648
-187111921
1371476865
-1779257956
334168179
350704188
-1693825622
190611314
-1008876511
470125517
1215157001
-1216277915
1131660442
-1009288108
-532826945
-658745371
-2088963557
-1306593437
-46835398
1869309853
-1803193629
1189932698
-1177132563
228785436
395999750
1558405600
1091110979
790473655
1065695104
1836027887
-1272357424
1551821996
1413232012
1129851670
-1851008055
-1892258934
-1786988746
-915171782
725022134
-903793456
1048767535
-1105826275
-575233179
1287432916
-1796141600
-703929630
751441441
-174496538
-178079295
-1746557488
-1673851612
-2097521483
-366273302
1788178261
-651068087
946802160
-1986935575
-1269407410
550338565
-1141019600
-1177867818
-1174222459
-1375945320
-1755655404
-148421211
911149179
-1543518593
-268348243
-708719429
1695981670
1768362028
-1646196195
-2002461757
-860049284
-1349089032
-1841083782
638070465
922902642
-1604716712
1768942583
1751397734
-1613103041
2097387598
1476588357
531732646
-68820955
-1271811805
1524847926
178455943
1975395569
1542391890
2092019364
506483004
-2130109312
-1867679289
529536656
1739016818
153474693
1708726857
-460165491
1407699944
920716682
2109054515
87610718
-1296702395
967339060
-1692469398
-1521737762
-798611675
489773770
1541496458
-695305184
1473608564
-1328873225
82590562
707830486
-874579201
-1713530929
-706305886
-803325194
-1885882552
-744249329
-1629270318
1614435226
12679065
-1690636120
1818063494
-1748035545
-983382949
1560195454
-1702456880
335684273
1568920487
-285909396
-998155019
-2091839330
1643457309
-935854453
95180386
-231719544
-1040315660
114932660
1306166752
-467679128
1226700370
-918919614
-58217722
1764312816
-856822562
2098655516
637051631
-2114270409
2128816530
1784097266
1460663597
16392091
-142705963
-1983368763
480885757
-420127518
-175077432
216496557
819026875
-1664860510
1575786208
1138378710
-564740712
-1568679453
2070456756
1978271947
-1049624183
2133629442
-1650261481
-140644106
-1787831422
856467415
468870249
1141813863
-1150808092
-644931814
577219370
362367700
-955071693
-667765246
236748751
-1461572128
-841707253
603503406
359943384
1013600160
-900424108
695176648
1974582562
51106650
-179889484
2049569767
-493593479
-1463000433
-52828859
-269814987
-740872847
63926331
-17151865
-1071378479
-257800075
-418190246
-1029308008
1809716598
-7415776
1581591470
15271586
1594019548
-1140980021
-106231873
1917632659
-528461986
-461852314
-1694926045
-1869304813
19182300
-86576245
1215708671
-1980787278
-73697310
323739856
-1897453875
830727521
-756819959
-731709604
-1794092193
-323965660
1881784989
1690458044
553475618
-876318972
1935760768
2103258615
-531487833
1938148937
-442552243
-1930381345
2107890783
-101081112
-282763841
-1117428567
-1516007770
-812315078
801148756
-2109437504
-1813046014
-1514028049
-728402131
-98858795
284062891
-1752870335
-1658188744
144884538
-1133076402
-1199815061
-1333533552
1712320112
-599473395
1550623324
216486435
-2040488450
-1241563190
-1648710488
123282836
-622651772
1384878245
-834253890
1707031395
-2045723121
-1200909630
-203005856
765081419
-1221673555
-1933751729
1260049231
-65728021
-312563644
983851717
249907781
952982696
-770557281
1603596141
-1354516441
1837195217
-26048311
745222181
-540590982
-1610647805
930884766
-1749787037
-529201641
2072268750
-1365816930
-783759750
1808149786
158068376
-376735228
311931164
1484175392
2029231553
-1172506346
503963935
1008943280
822684423
1419878078
-85481084
-407377159
-268036308
582058074
1987829684
397059261
-906257450
2097171152
-285397493
52813709
1092529077
1923721700
-312767846
-437765578
-1154395926
772559053
547870248
871419259
481889703
888436740
-1264064646
-749268989
497558290
-1668291489
-1920366892
-1423407723
-451288466
-1900885154
1087053247
-1391088254
-249533316
-23713595
1201217291
-1906645919
916751134
-861054614
-1119130857
-236376831
-1841409730
-1799745712
1704866895
1302205595
267930861
69399283
-705288203
1167664711
-1688496178
-2113763867
-1682448604
917545393
1429701045
-1683416423
-2085168110
-890345204
-7597686
-1733954178
-1405053035
-2078713275
-1273382797
-1374098609
-2138283288
1742636924
-577334478
-212922199
-643751506
1517355695
1085005259
-1094562083
1112416310
514732216
-1092321943
-876809721
1105496575
-2126522503
2095039617
593462367
-533511041
1981045588
-1263938249
-2133292338
-1793117664
672718817
-548583935
-578619708
323887498
1638416346
197651593
664363336
-402985689
-1277357990
1472656088
1517904720
-1771204893
992224070
506239664
1397989202
2079992883
1666202891
-1029418184
-1243983846
-2045354407
608629129
514852062
-79073058
927218405
-1788224434
-1243367560
-1472146801
92725374
-1738627065
-1699547476
-2070302095
772574178
-1626629838
-1786406766
1088857581
1509325098
197496856
-754988393
15069093
266802514
1762113018
1724090532
-434400823
-511491079
920406410
-72359298
-1555451480
-2086945436
-2103361892
1812247407
-573366135
-947926840
290104605
-384323546
1182604732
2085279432
-269481149
766635739
-859658773
470990908
-1852748026
-1376039498
-1606622283
1525984563
-1093496114
910908273
801740157
22734907
-63551123
898475579
1733393534
1068900831
1482132814
1918997727
-794941150
-192354192
-317311249
-235131355
1120909460
1179408392
-1748408692
-682331528
-1678223469
-710850869
1285846300
1317612488
-764633463
-1984859792
-339378048
-1376168015
213195483
886598655
304350970
-1300852771
-2130798206
-1293657381
688473563
-1601497946
-1800665382
-1732593661
186863488
-2008850946
461764538
-2027050860
1105136766
1971672722
154218436
-460151150
-540763108
-352475859
1482078461
1651737319
-933967871
860727386
511533215
-1027669078
849182510
1370163277
-1824674514
-898719067
-56194003
1120666371
1786159560
-85250031
171375242
-821438808
79356609
1339186595
747036546
156560952
1016270703
-396659253
-1451722246
1110226023
-1549048511
-1028013254
1395580338
1552363717
-707788778
-658543451
-1685611078
582144797
-1308865589
1475070153
1029712420
620695838
821525270
-130257234
-18426630
1772010045
-1371465839
-1127709138
-272453006
2130781657
-1733427431
-1818092360
182241376
1980604319
88564313
1072792145
-1320664853
-1434536401
-1107126111
-436538660
1634636931
-1286516737
1744952572
620695450
-427827438
638954112
-545568640
1525345523
-8989583
875472766
459578855
-237717386
-570226659
1659768012
-707282338
730741533
-2086437846
1833081375
-250822755
73841621
-916018313
-1718150854
-1996207305
2143946302
342131490
-1227895733
-657633486
134388143
1633287998
1782963860
1693933530
-901692292
1679122115
1148631886
612076242
-244535430
517808837
488074953
-478999701
-379609661
837504233
-811960873
-1466666952
23389366
-2034659053
-1992777877
618989025
-1272160191
762474084
1198777468
-577397961
-312187038
-1079614621
-468362705
-539037047
-36207382
1369682297
2014683700
119764021
-1230604157
-1899863134
-68059793
-1545537919
-952974347
-1545761695
-1075682085
794209963
-405911388
-514986252
-1416803157
-1989107906
1233697116
-1035368503
-1724385871
1976244134
-373562287
1036953648
-1497927421
-290055930
-1031530144
-730293935
-196036133
-884362167
-530435941
-771294625
435063231
-853953161
1830352132
1077956109
463325921
-1272434615
145749911
1449880385
-109818680
-1986280962
-543027571
-64830201
589012782
347577455
-522320673
-1426080312
1182021420
-555700639
463748616
2009823674
-1318894956
1549565210
2092192271
-456792934
52415901
-1523875018
-135666236
-630530407
1199185605
-1658181446
1201161033
2116600979
149056755
-910120855
837318355
-973420666
178410459
1058764374
511046578
-2146646207
1980672678
-1133839430
1604453774
-441080741
2041422033
121814023
467046898
-999277210
-223918764
-149080260
796192270
1296730981
1704254471
478879099
-1464480584
-423259782
-1641700031
149530584
-544503628
362288099
-78251070
-1931138445
1692946228
292637223
308276434
-1161153592
-1696731487
-1292369781
-1420120407
-1762079419
1109740955
-1693066037
-1980720879
2045948188
1979174462
946190854
1089045577
-1514763942
-1123737177
1368870905
-490622420
816286776
435441590
436836720
-1973181038
2086799793
2005333780
1677766136
-409105418
466796116
-933099145
150143705
-1991172775
-1963983013
-1729132508
397756226
99030629
-120515589
1191249077
822824902
1065201876
-1009692675
1058204188
-661142265
1457241618
473023373
1854722535
2039187888
-727168991
-1786407855
-44340795
-1089401944
-1375675204
-1620945987
-1945850552
1736373379
-24713537
-611391835
-568363028
1512107324
815708613
-662646253
-2145143977
-384014047
1260467218
-1281293990
-1692883486
1726131214
-731178317
-1127327382
-1929697961
-1610580003
734237667
623226214
-905072132
573525276
96822193
-1552160653
232832464
932350721
1695338206
1919975635
-1962826732
206027418
-1608103925
466323505
-366799604
-199335608
-690468077
-1136923331
-579208698
1236317805
1436879541
784319099
1865815451
-294848412
1694946422
1497996888
581821492
1202363569
-1665904955
1909680254
1665761487
1592119161
677901663
-448780184
2058392067
-303106508
1031305205
-982275784
-1921285311
-226285152
-179970293
-1826617656
-1696035236
1922947832
-1571185886
2000058366
-1525065398
1663244389
-1286217191
-1058411932
1952853036
-662362955
565378767
-989379849
-1784675445
1946113610
-116426995
592468030
-2132081948
992702804
-1866323037
1808005534
1232014182
39186754
-626272560
562993132
-709592327
1330181493
-1841853210
17064771
-1184934014
294438198
-481287378
582939160
727411301
-375906582
1024106760
1426441611
-743436213
-1722169724
-1121706153
-1622524161
-497368796
-249034950
-361514469
-17507604
-386165649
1673141370
592935006
-1035287309
-1408285256
-577063393
875384404
-2096096974
-1306100382
2009205727
1465359805
1207723737
-398302810
-990301176
1851709582
928794621
-1367690277
1703915883
2025335247
261366444
-141427209
134704280
852707526
686122816
-1923050411
1189776459
-846210475
-2011635720
-1152946248
-549330651
-446888800
-926554684
-1821891697
1868159134
1061951730
-1189638561
997160058
1710172986
1938388961
359540643
1855214348
-1782859270
238883759
692884504
-196788526
1139756821
-200919821
1239833805
-1172679276
-1197001241
73164151
1318882411
-1673358630
-1036853719
878290276
-637229178
-2046360655
505609826
1041256092
-2081008074
1281815214
-385619555
-1244575129
-1479437594
-1820569549
-1770320804
-168985264
-1158122901
-729294096
1116390604
348622161
-342566568
-1703359315
-1723921863
-1632016851
1081324175
-1380184251
-13068349
1470308381
1027898139
-631554571
-357331374
-47240018
-198887619
1832122070
-2063482425
758246889
-1957681980
1788100776
926950771
-515302476
1161936545
-770635568
-443413556
-1270768777
-1878858310
1027079587
2040802653
-1794068991
514605822
-1995552540
1390717694
9934765
-2081081671
-1990070645
268205893
355935936
-1359877847
-1995713592
1827279676
866827285
1632194640
1604104774
451144275
-1376208389
-1587200245
2077195187
774216088
-1447002787
145477987
2126508416
557350437
-1525922524
-286078430
-24349467
1349314264
1850715096
-28133975
469127975
-95443639
799119245
-427235840
-1509682659
1043544568
-456473604
1114938414
886931696
-1348268090
296766191
1848439499
-1705930463
134904486
1429458658
-34447917
787626960
1581280660
-367449113
-954739780
1320351546
1631853509
-702819638
1496118217
-71663485
528873759
1566323316
1349762464
1373699509
1507577323
-537930860
-666784230
-1252017144
-1477062200
115673723
-577415846
1942490723
1729495522
-1347067065
86424096
-1414852574
-1708513692
1462774851
902438495
-2051780583
1333541674
-2120695154
90306828
630564825
-2093731909
1263174905
1024866616
-901594319
-1172229514
-1779527371
-162257312
-1344332809
351271690
946712366
377188867
-1029083640
1951844395
-443871567
-1873654155
-1386485876
2048328834
-1128613036
1235459827
1730713982
-62929180
1687218838
-1643670282
32369771
-1894014522
1146456132
-1761063220
12000633
-2115537424
-1256610530
1255754595
492373930
1645689969
2019732410
-1359886488
-902054558
1539898322
895057833
675764112
1600501286
-1688904562
1537862359
1894208564
937792678
-554659648
1730215223
260237859
-888944388
1464173342
-824229217
-1301617485
1131778870
-1507819227
-924978448
-1313503975
1113532945
-1981950826
-1261141895
-853935366
1686833671
-1767636960
1518217372
-1095609791
303607948
985174878
-183145806
1569581618
-331004013
1555679747
852855083
118213055
1712653655
-931763629
699431162
-1382718182
1405895767
-1396664620
-1133911249
-473454453
1586730913
-382761147
-617734939
1033985155
-1382916269
1368349903
1791375709
2066429680
-528506530
1291683194
-872899989
-1031852590
-782161267
-207396126
-71851248
794418957
-399688763
-1628952535
-88706968
-1246092927
193152910
-1878121681
-1575633722
-1598024873
435454929
532604160
-1319546595
1212037533
261968867
-917701234
-906450783
864322837
-2007183679
1034501791
753117869
538333257
-1341659747
-1753957880
-2139185434
-193352989
734654105
1517809435
673628065
-882932165
1656526801
1616567133
-343732607
256481072
1407026847
1778442876
-637841564
1003225402
-316135655
732348799
-1477882496
-992600385
1862168542
823132478
-977875256
-280036698
-1468817902
2046073877
1465702804
-167293142
-524800602
-1263088940
316616832
-1546904080
-1340698148
1098132729
547956883
-461228710
1139044874
-654000096
-10535516
-1796983011
-188453219
-1246930246
1745553656
-1073613808
1641067104
1165139453
1706917424
1278816583
-1643719682
-883649765
-1893887391
-196269472
1540475845
1686792118
1058517380
-37526244
1561788844
-598147694
507815440
-251549135
16234391
-1147780725
2128926437
1125267293
1405637592
1805024714
1404501868
1370521278
231952377
-429909197
-1530935813
-913176736
-90845256
-891976159
-1232481155
-503037161
545268818
978070101
-423864495
825322895
19185668
1359133227
-161479053
-152319839
2137284046
1935160590
-452387623
-369112601
2093900153
-506961619
312402463
-83685998
1834529755
-724980626
1843374693
1486824058
-654139558
-1024218974
2118807671
-642481290
-1440059218
-694905094
-150639057
-358395411
-443162646
525317818
-1209313513
701277613
-357988932
-809153748
408885586
221808123
256631027
568364246
-1759491909
-1787174934
-2018201535
225901038
-2124900274
699076080
1194435650
1202174477
1673332166
49464501
1609936316
1830881571
-1725719672
-458589906
1570270248
1633476011
-1533481793
1849463786
-331382671
-532333025
940486599
-564001365
-1648113669
-1044121172
1986992846
969675064
-759118874
919124009
-1367939400
448814705
1201451155
1082889541
628235331
-117790044
-646180506
746699520
-1676275860
176728606
486257869
215789404
-1233834736
1552543491
-189238143
-37467821
-256934187
-418977439
-1738787317
-972652277
114100554
-156281725
1381756810
-1242067128
-849516468
-1283349117
-1962232653
-202371039
743067052
23220002
-1352527848
41819382
-469711346
-1060966693
-786420564
-1002860128
-923834349
786872117
-119499899
-1820659478
1620431290
5417817
-2116255260
-466117568
407115779
-775061533
910957426
-79867226
1584336085
-834915076
-2093876020
1798449899
-1771536608
1457896872
-17894847
-1940030179
1771624774
427378780
-1349265702
194080575
1128907190
551025875
1220796314
-304867015
-1830313510
-61062367
-849750266
753038351
-1365625037
1382410247
858197222
-74020778
728928961
-409750903
1867185741
601722850
728705703
-108511554
-1945175593
293732036
1383916047
2074161638
1981891634
2027464563
-995742901
1524964289
851411166
228552264
521119804
232626462
1394107192
273629231
-848040713
-765949007
656993204
772423835
1422280868
-1620804822
1540994409
342516410
868137129
-628526206
157620178
1845748202
1099917832
-1115622249
2018975954
-1313714838
203844869
1388627706
151300856
754850644
-1738244340
1551223304
862393348
341046986
702287568
127471415
-937535574
-1180287633
-616964425
1052432049
-1087139179
-1767612391
-156571276
-672382682
-2108542546
-767878460
749300981
-469120290
-825339491
-1127499831
701841280
-1920605171
-600632689
1253560910
806998808
1288977002
1048306745
1824672768
1856408357
-1522038782
466095645
-794990081
-177977261
402455368
1686632460
-855028454
-2049093958
-796029839
790099691
862271804
-885331394
-1578183682
-1934319175
1472815141
-280070856
-294504807
-772738352
-1343872164
970040661
-714442203
-1869170326
-79625885
-1285274946
-1729292272
1482563431
2083955244
1435217273
1336271082
-1217312948
-1817397556
1985664270
654886203
528303758
953524334
263161453
1385617296
140640273
-1508699511
-1722010610
849927127
1789305578
-81517483
694393946
-1048381460
32559468
111052154
-807538103
1167743347
2132325474
1551485450
-210408373
221177064
978615960
7274929
971136364
1323844083
614081696
1482559019
330120370
-2042177280
-1006744366
-1475515147
-973127991
-424765937
1304673172
-877631417
514876897
98206920
1379844058
1022026560
1481386967
870685137
-1897634832
365507939
-206296430
1023819108
34956919
-510277311
-174430545
2095016731
917585836
-1277332872
1837310048
1176730382
1534965488
2106502875
-57127279
141682719
1345571971
-1372633358
714549324
1125820307
-1748305005
1323762084
1220698205
-83434011
-1851254667
1440046898
-464914632
-307217194
2045071153
-1928097945
-180107493
1208792776
1077741124
555947789
190721647
-1625268
226077088
-2120427357
1479048307
-1518272263
1558749687
1811641420
644023323
1137885311
1919876152
-1500040439
-1199376075
-1399855877
46302553
-2137460438
-1129022514
-344889972
1915903575
-1374897151
879195603
-142511067
-1147777926
-1802234151
1863986938
-1972679260
-55817763
-792519898
1172224738
443512611
-1281353171
1429399549
1028040057
-1395786610
-755963984
1711740101
1479704989
-914520970
564472969
894114607
-575062523
-1893774045
-1778553799
-1855460253
-382376862
1552770799
-321224343
-297720453
2076485313
-312361007
672433126
-963864780
-999792846
631886904
-1773434132
-1930554142
633071022
937695513
-812920922
-24330588
2089013
-1130269877
-1347226635
-227132711
-1282936521
-1107931118
-769887888
-1116237102
-2029361100
2005676792
-1242073941
-396712248
-198715226
-2015507229
1342744764
1911713040
582662942
-986386332
-104941830
-967872371
2128444588
-1432160436
-22511864
1276723813
773300355
60910981
1556630289
799068918
-1693919267
-644737762
36668500
1678435851
1356018716
-1171089497
251833315
-1657727414
1341380401
-628524866
-1900176474
-339010575
-414464447
-736682519
579621798
1079593665
-737099131
1265565606
688707464
862223161
74992753
-1794484287
-1038950314
1245106951
1097676056
-664346396
1464755845
2037653691
1304584654
-2019984524
289556531
-902840643
-1420057074
-1683633254
1393069999
-578211455
1257232286
-1855380321
1127620158
632812792
1872068849
-520596100
-720912612
1291988297
645780939
-1355470159
1058989760
-1566495040
-480784854
-262555307
1689559652
-296611578
1158646628
-1752905874
1066236868
-1669348974
1262250892
-734796414
-1402907355
1641498975
-1932366054
-1471345299
890667416
-991020577
1657918666
1227020917
878681471
716076335
-1342566460
284929691
1497361232
1035584907
-1758233604
643127603
-1896728423
-1255475197
1337291995
530846391
1256886083
1933667951
2116334111
-1763384873
1869297434
-1142989665
1463815935
-179782189
1101646732
1553081559
24125329
1841234445
1594452400
1063225210
-2131740560
-1434777895
1639660170
772381188
747490457
-1225133161
-1033446003
-534333123
-1855634027
449519108
-24086688
-1702237525
-1999521315
1789823692
-1433769756
759914823
2000102777
583164771
-1508052362
1988630900
2057636073
-827230956
2095990641
1709883436
667521609
425856345
593090038
-276866692
546026671
-1513765011
-703740177
1047943729
-1004219945
-1285546208
1118960208
-1852626733
-889660926
-1004348183
709624735
1984772562
1257637402
1268559681
122153654
74070783
1110675482
40338734
-1857702713
1833632317
-552006228
-1047953891
742914465
-1081330825
-1244770029
-782990604
-673183439
1949749716
1951265866
-1149379481
1102603594
-171167703
1601368685
-504866165
1839633320
1178334383
-2047085736
540074408
1887013937
-1635113995
-1727713907
1857450066
38422398
-187275496
1445200474
131330746
-177720934
-757792464
1683863611
-1265404095
-1336703735
-1831000051
350549884
981964878
-1345072629
-1414024158
689958178
301018976
1650013729
378821569
993212428
-1893423770
-1279588400
1849355656
-1150548908
360936526
-1202783580
1039220251
1436940538
580103643
-1400897673
417709330
-1804608573
2114493371
314336499
-1149639371
1987841886
1831652568
17235028
1439103974
-2078781495
-833674258
-1846589838
-1788161058
-2009444110
-1327908003
376499454
1800505116
157623201
-1580027329
-948237301
1812749337
-997882732
401880765
-1025241136
93669951
-316573205
1602904478
-1869141332
1331810716
-1525030202
572176160
-32200855
-1734403630
-1325212372
1103257867
271489988
-409170862
-1090378194
-1451919870
562020141
-1408672311
-479143860
-350559717
129133002
-151209255
443558934
-534395726
-1769340991
-1761113076
1853300502
-368683142
-570340170
-1492515579
-1009179411
584692436
-1527475310
326529784
-2036054341
-1654586525
2079741574
-1504838053
-2059971388
1656620255
811211599
-1782885411
-187232689
-436480470
-965693509
-688232297
-258776111
910719648
-1750748565
-2038706815
339490635
-231433038
-437885991
841303590
657932015
1435788726
-1783233636
1383634587
67038729
972390135
-1143718421
-1903903571
321685533
1682673683
-157389473
-1005254567
980271691
1924517510
-560155396
752142208
451450619
1884648065
825767537
1096120538
-577359947
-598334208
883419294
1196472875
-1320679088
2043067163
2029376087
1482581429
60339790
-923676005
-808014489
1693094637
-2042895482
-1379195953
-1473628713
2076077681
1127711491
-1426088800
-90527376
-601219784
-2033565396
-1149003549
2000042877
-284352757
-882792412
1180421102
-2142928683
-992091085
1296340339
-820859027
-783411177
-1415017869
-1900223003
-636122250
442569271
-1828195016
483752882
1280404442
-1144463559
1956361486
-294649121
974755517
-1792883907
-1196395946
96999395
1474713704
824973242
1744293685
-1246776180
-652986275
-1387537138
-142084913
1512769315
-1699157077
-2056953803
455753653
634394574
-1272670076
-502728488
2122563483
749789237
1895513868
1692672906
-1223066034
1222424936
-348431501
1973582925
-1965178396
770720768
-482077371
1149590874
-1743602124
-1090965884
-1841393664
-1609554399
119695752
-563773939
1567830246
612593294
-1395496815
-1056162517
-263393772
-2034128243
-1909045861
-1244154614
341441236
-589561392
791766785
561485008
-205888210
-449945649
1266514146
-1828476087
1885501636
-975306736
1480670740
-1445062970
446692063
1912470184
1821310040
-2136076479
-1599171644
1943115008
1625356239
1396354757
1897462092
-186885412
1008578989
-1619043316
-1352028493
1760314265
1997856299
2076818281
-1886949969
-1320523851
-1996405310
-833926680
222727364
352520852
1336608149
1820788403
-1267075370
1123941505
-1349983442
2091241143
-1889302529
917281010
-1560893587
910315142
789373859
1218635024
1988211900
-303583618
1208948672
-1245343115
850152583
747396395
1340121482
1108273718
-191154197
352623593
2015799094
1535697956
-299317332
184463821
-34026
-684003761
-569155732
466938054
336182245
1622026443
1772945434
530561278
-296966556
1435703734
-304839256
-1699428731
-61117403
-1505747592
609782784
-1419406031
-44653658
-1854924980
-1737543880
2140870335
403449248
-1843583488
132979459
135886653
1017572257
-2117377800
-627466901
-1509307476
-228211752
-195829384
614772924
152930016
1105784367
-595551199
-1071697725
729405611
1561589407
248368828
-358305992
2060933946
662855870
-1313995210
862559096
-1641762114
-614270820
-721813269
165130614
-1698626738
-814293808
-2063208154
-1056054285
1045258507
1227789773
-1117133848
-1338493459
-530407804
1253101177
-1406971928
1040660308
-1402266276
1161527808
194121947
366352643
1974895914
1846129380
-919383307
-1433826323
-1999141728
1677000536
1277244078
622911383
1270481134
-1347705138
293999817
1050022853
-1142794392
348705998
-627115375
-1790914184
-835938970
1621509385
-1344776603
1220247319
1466747499
1906021550
-1421532041
-74914837
-675293048
936432891
-93828144
1789660880
1164863234
-451988714
1078234007
810251305
-1371940046
-330053348
1697085585
-896305388
1090878380
-1315574662
-1511502101
-493104674
2085364131
1332972924
278633527
56005049
-369812341
-393511901
-1924594252
1573296556
-182375424
-294214086
-1774145838
-114892598
481473510
1305387691
562168820
1384832934
-1948086576
-960422386
998108535
991158533
459612837
-107676542
-6639886
-312596011
-273048704
-8436544
75495103
1166290014
2121756888
1198729324
-845815366
-1572521289
1259116769
-310788690
948565832
-859804550
1436618289
-959234559
1230594458
-569660486
452627365
-554901942
-913316301
838475061
1552261764
1850971180
1281319591
1004820422
1381469925
1316838554
-1188310620
1752702748
-1471254962
1221056429
761535542
-172190288
-508838754
631524791
88095558
-606922252
-1109443796
802582935
495021411
80495304
-1409898961
-1473481650
-556170044
1533783857
-1836524449
-311673390
-1704291955
-819159732
1715035356
2073747234
-299865007
-1434157952
-1822736561
1249939866
-742791976
1317007090
-569832882
-23275640
779065633
397012541
1903758341
652448254
-310200150
1391724386
-1448339183
-841670679
2111715310
1766973949
470734255
-1290741150
1587099694
-450263366
1384377621
-459111869
1406248820
-2132993786
47176479
1245737725
1161977044
-792070136
-1597690834
1102687913
845690100
1348762322
1981437773
942675804
1899885263
282508243
-843016556
1487694270
1322182837
586950544
-1138400815
-346108707
240954773
771408531
138309476
-491254978
-1663802754
-1034528093
1020944233
-1313552075
1326730339
-1637279948
-458328804
-764064650
-498416098
-1209000671
-130284935
584165611
851693239
-569230952
154036771
1195599559
-1224034331
-1020147627
1434246022
-931465766
-2019968812
1161447698
-1549193921
1586004519
1588160808
-1590863811
992442810
1793392051
-1806800831
-1699086613
-24092132
-1440648289
959689920
1843695116
1257904996
-1546651528
1780774986
-25921312
-688739892
-459617330
545278859
977330857
240643701
11763459
-1142868354
265016226
-319788222
890058084
1743450346
-316192465
-630071037
158486909
984557359
589206869
-1513018410
-172547160
1552598850
693223787
898171337
-162501145
-434333195
-258480111
2101049284
2041434355
339061883
-1126647199
-1863552859
-1121618284
1890078251
1708958820
1901157036
-1086354125
300066436
311837896
1033166618
1661298861
-695326864
727657423
-1951176684
1440832617
-969056307
952964489
-1686134580
752460460
-2000293336
-43773116
665605089
-4070101
998028235
1404917827
-1507111930
1587821281
442906617
805412271
-1677255966
-1067733213
1271810935
-1106161206
718793271
-1234721296
853353550
-1801189782
2102508357
446738829
-1712764465
-1404317020
661436528
-1259557551
-1548650281
2128649158
-1014072032
983118269
597297236
-475891317
187004904
333493711
-457338361
-710825591
-1131033879
-1483738729
-1369906293
-135412243
-731296136
2114344458
-434734187
-185257109
-626353666
-450515435
2117998460
-1885799825
1366112032
-1150141195
454104316
-1542946920
486761247
451276229
-1075532746
1606143846
461636224
151939160
-568900102
-1977978575
105491183
1932992328
-837914039
-305662628
1061021536
1071491919
-784383211
1550758603
-749593994
1673529301
68882250
-1485543535
-440818904
-977697591
-1411980783
1988866286
-359716959
2057077171
514071122
-1932489096
-1110889880
-24885750
-111870341
-1387436905
1258311105
-1661236542
1137723520
2074686005
1439426898
436832553
-1436357086
-191435338
396350984
-587160845
-1389385358
648625446
291542075
-1475938413
-51378792
-559088207
982593551
771914443
-1791822896
-438284713
-397375458
1360486534
746663093
327356895
-2121147821
1199632869
2056249794
-644277236
-1504265448
1887051671
-1875999980
-1652195826
-2089887053
-127113875
69508468
1269409339
-173785875
267440940
1208030357
1353336574
343983860
93867685
-802407015
-693683953
407127938
-198352125
1604492761
-1613574940
242244925
1869820259
1104564709
-1649918106
-691937439
-41265495
1485922505
-339196440
-1245336421
-1537353071
-258769006
-897718956
-726596552
503806980
1649019152
-1235416921
369347966
-1237586260
-1263981092
-1685091682
771584346
-1966809654
588882076
729589425
1129523770
588761158
1826505349
-2050882240
-98505156
-1669985785
-662072287
557111052
-1896065144
569616005
-2125271470
1377088488
346238713
126331035
-1030240362
117518511
1647672578
-1373492319
-673871477
-1445044104
1418020047
-1309580870
1093450421
1004778760
-1593553494
-1128256663
1715896447
936637064
779787936
1911428202
-947798657
-367777161
758550628
556386751
-807579650
1598222817
-1743677070
1846828296
-848743242
-699382064
1605580919
-1501239017
-2107600419
-1909860093
-466771729
-1400280125
850062946
-2011780643
346426895
-843388676
-1734141578
1511536544
997515238
-1672991968
484869709
-816404518
893904574
1887155340
1607999525
-352279265
1167294664
146191988
883808903
-211885065
-2142933513
1126441207
-1114603060
-1301904614
-1837728213
-184278931
1254723554
-971719974
-1341751918
-794715133
-596440753
277975008
1423967051
1376291210
-623270282
1841200410
72877643
346892939
1979829529
1420904691
167206020
1587644062
-1799086561
-152405563
-1556445117
1240971003
-939615338
2014977419
-1145669671
-943401135
312716026
-1489184549
987175805
-618549290
-1002408009
268857618
-1504250511
1254321311
623409644
-1725020720
-857929630
-1499990479
1376527729
881159591
723568660
-1317617833
-1398995685
1610967566
-1849036738
-290448331
-2008955330
-2038323557
624715186
2102556317
-922683278
1385510769
1893631424
1620964256
-1611561574
302615286
-412448804
2073321064
1206658594
-1568013623
-1614686850
-1776522171
-14068345
-2059163661
1673755721
-905138683
-1691645157
-1789956517
-1693114769
1457767047
604879626
397982591
1088423251
-1992778094
1330275223
182002785
-814073233
-1471742494
1754245803
-1998743874
-368194953
-1784065660
-310816880
-36150907
-120678722
1788002147
-1890487047
-804859770
-93234983
670107425
1887799109
-802664598
1939651713
-586719189
-896744700
1932543971
-1120422979
663790855
-120447047
91959075
2064017728
-494379025
1980474081
-45975919
-549882609
1386187939
931487540
-2054007878
-1817626778
1247486843
226927658
-1212181627
-659456548
422035899
492577216
-1635062613
843044549
-1316027606
16385147
-1627224731
132724439
812671205
-1244312147
-955670426
50451727
-890721936
-389813258
-2089179893
-268672811
1873831437
-1146660851
-1890650416
352581214
-60112559
1134410176
1837584390
-1860799151
2095301363
1605491001
1199477698
-1826939475
1255535847
1489133698
-1527624936
1506514665
767346090
-270716598
-1599913591
-1576811172
2092579807
282317544
806352057
-1016131105
1173081883
-2019935072
-180761756
1909458864
938703356
-1739489243
974276498
1166634136
1765235072
-1208739745
-179525622
-1898039472
-1649709677
1722933358
-1826378492
-288356320
-1390522647
560330477
694842401
81397705
-1841631730
-714010246
1748672415
-1673506651
855551930
1306985590
520174792
-192264692
1870953065
-895057143
1674517931
2034269688
-1728411349
-1243718808
401119758
-747822869
1503795128
452178778
-1545868382
770171919
-585811001
-1091499785
-970679944
-1436221025
-822050913
786299826
1423287987
-489630842
-2092756499
-1344527974
-198477697
1324872773
1447141080
669347036
1283565377
202770969
1818568274
147645836
-113758449
-1058824100
1568695217
971684772
-1294552222
-1084378325
-781477251
1810429260
-2139895286
-1945644728
2010111115
766917979
-1571716767
856946754
1125653834
1173919261
2030015939
1290374866
655337052
162657366
-1402533315
-415817336
1679475048
-1285224825
-64350076
1011926439
1232055086
-1373066129
1509862440
-497596852
1350771675
-1308826924
-1772561144
-188579884
322777246
-895735934
320740616
1605078399
1254089338
-1942972012
-1502540543
2061086032
919811678
-234595855
1412508921
1163853368
1403413106
-1900482535
1992874899
-272597901
2110268595
-1140213983
-1164486456
-1133060048
-935532863
-2049337604
1240186839
994853495
-1615672585
-779317765
1029778554
1307880519
-46074180
867290774
-725909671
1769862142
-1809797608
2064348524
-630753853
-82473731
363074697
-313713784
-2034759525
1835609483
-157833449
-944060187
455493264
-523145479
-25640026
-798618829
-1871176304
2042874887
1421660555
-1403046693
403031934
419144070
-1878401184
-1878194111
-811807199
631248190
1744488987
-1992469688
200989280
-1247344879
1360413021
-1432010982
-1496726868
571699296
1296121095
1588615208
497650876
-441461332
1047181331
-135687568
1332500096
1540075136
-961035104
-1741042179
-1099736497
-1953699954
1179929934
-504651852
1650164322
30728984
1954420684
-1105436084
-484753531
-775251055
-593175378
1212076958
731551498
286379139
-1160542077
-1915502050
1693031425
-1831778893
692320806
12684969
-590821465
-1305949054
-1119890860
-235174272
226092315
-1143394411
-662296449
632707476
-653818793
-303599432
1872181473
309801219
714877021
757999871
-2117836845
-450942494
610378928
-94467282
1056175710
1038956604
183787013
-64706470
-303176686
1368176219
2013094458
-1455891760
1040120342
-1108925371
1866566535
1700952884
1158572928
-925639799
-1683807501
1309557741
287438566
-1087849669
-814303736
811402944
1325569333
-514125764
1818432457
-910845765
276611520
1477459390
1309648100
-1087432621
-2133545060
1928456710
1734578979
1171714512
918028330
1594995572
1464562728
-2010626584
-2055483660
1013232064
-1490916519
-1841260886
2098144956
866076549
892794648
1085791901
1308046290
-616691709
11722039
62944809
908838822
-737102560
1420880555
-1818924236
2046820765
1198037424
1438808702
713305871
-760467161
-1688484875
-1831733238
-699875693
399197457
-928848791
1064226915
-1270765433
997153815
-911223622
-1386051819
-730622396
1318472381
1744243477
-315235825
1420442267
-1761596834
-1958314585
-599236387
1904134902
-2064169595
866695776
1921741597
-1662359875
-524683910
-1996802311
-1391058389
-1819471622
-114539232
1212882232
-992140770
1094197311
830500094
779884402
1965456888
-2066396985
-1897759590
1978720593
1527730968
1773249754
-81476339
-1171939113
300765171
-1161404554
-886056748
-2069345374
-1229133309
1376707883
-1059965725
-623141775
979926782
-1130971322
-1799821569
-1883939610
516150603
-1444446927
136037709
410060685
1473949617
-1256108007
1396509477
-1422129636
2045274193
-577815343
1468362539
-2089742340
-1220950314
372377590
1996687008
206335240
-2019981846
-1379188654
413305333
828055700
-402965525
-1784411259
1172295329
931348656
-1407214882
1122080994
488868403
-626786900
1210596259
-1225564522
147960490
1320164831
616589418
902137103
1466765316
-2012352092
283351653
103031962
1516884756
1916011429
-1079927105
-530433714
278021528
-1658189477
-1312057652
589394216
1669195658
1326045140
578045824
-1538901897
-2033414730
-1240178505
-320771035
-1091196806
1222399372
1588263813
1110638664
-1120846778
1758102071
-1094877407
-270486284
-1233227795
-369322259
306311058
-310573790
-1555649060
326124169
1649591302
-1691312785
-2004996475
1441132630
517802265
844630799
-152654275
-790425044
1905779543
1104733697
2133663078
147224513
1687369215
-144512380
1852813008
-1728428232
658731530
1898231241
128706652
435448574
1993134442
1472403945
1147836898
-59799338
1102086806
-1176683240
-604381612
-11282895
-1608349626
811005979
853773091
-177709630
-1049144965
138815479
-699354655
1884981842
1485065666
-738793750
519116839
1362299600
-1128332872
-750395234
2131216824
1076650924
-2003148848
198129052
900475110
1213251940
526018899
1315152382
-1470029516
-1148592034
-1584243800
1612503912
1645895740
-1557717512
1610739157
-712680903
-1243498286
881526493
-2067111355
618070524
-1311959958
2062743194
725381323
-57189084
2132252342
-345990032
1930185958
-317759496
1949751187
1071020395
-993440698
143124172
401561381
1888857011
-1085607537
-686595215
-1627811776
773626657
1755144028
440430062
721112329
-225748203
-854362234
-1701303185
1202659805
-972302970
1153772197
-7944579
-61984144
-1524034727
-148587562
1635473263
-772889287
719468022
-1111622466
1894781983
-1647613683
-1745160679
1457440207
987928545
-963628790
-2032878619
-1894240567
2135919793
1477364406
-600267714
159140740
1740907179
661729895
-1288960169
41185515
374016703
-850523676
-781298551
2085111371
-685643612
2033931596
1826117478
-416405811
-989892596
-438984138
-859686386
2101450561
-410935014
-1427112679
1326897344
759485468
1893652496
671308014
336607923
1239333828
-362044339
2033863955
-1493023705
106338570
842177141
-1210036878
1398142390
-1713139209
-168126991
-372653854
-198652689
935182026
1558912410
-591619636
1210653220
-1334104767
1204150192
20403473
-1820237949
-651996137
-1549305584
-1787919573
1546784099
-771245362
-609158234
-466141294
-1554370592
320395694
1444866079
1981233760
1290068393
425358860
-529953053
723073079
-1474652137
-1853161777
-145355710
-997249950
-873292670
-1958367952
1654543341
1289310522
-621656368
1176464832
-884342873
-1965301046
959237454
1941624239
-549923525
-1388093514
1422900674
-959469494
-2030356560
558986328
869626816
-1947815739
1814296507
132838443
2033721404
223540282
16922484
-2076080788
-963299744
620593137
-831957684
-1476795650
500847007
-1675012127
-1676144066
-1554392947
1586620682
-1750513289
598697797
454515958
-319331358
374974101
675069453
-1156288794
-1822465171
-2075382564
-1134395156
-739665983
1778013709
657759534
577058323
-1294255932
46442381
76072814
1662163456
2129921645
-791076162
800001673
-1914999497
1824609817
680482882
-893212486
-1798313680
-1563155985
-1038541145
-1893392375
498733203
-302782724
670007223
1351145236
495996578
-2095136353
1318102797
-2053597679
137239030
1229220903
-250239509
-1591974894
585600621
593494970
2134909003
-1648611189
-1469566366
1064220536
185415475
25497873
-425960673
-1241528865
-421772211
1163794276
124249231
-1694733200
-1894958410
-1276771409
1910779959
-1190351469
602128662
-1157409011
2131402599
1743261879
-1883678480
1476692559
-380633940
-2127576899
2069505850
-1077515012
-301430648
1231137942
1007497776
-147656552
-2135712412
-112554454
-578672540
-1932860375
1590238917
1515649915
-1964243687
-1643027466
-443406402
-343808502
-1221515822
1675100561
-1774605147
933309561
562996517
-2099845096
2111374345
1052189297
-342487340
-1293123401
-1156609310
217723589
1950990621
454318960
133421066
833748951
864915280
719151134
689976044
-1071929798
-697927262
807635894
8601978
-1015216744
-388133311
1498529232
-1883692700
-1616301098
1258768296
-172729754
-1321181050
649494133
-185467853
1320010714
-1390311263
1304993339
1850946293
1646915901
-204000691
1406664978
871690697
-1732336435
1420809006
-125219281
-1151248217
-1933965633
-2101232794
-1934194570
509353528
1664723007
-266537398
1417507612
-929119829
-1585433932
695075415
-373482354
-196770359
-547338424
1476367462
942060432
-777483961
267866791
1144576543
-677115223
-146960294
744184070
-1298600021
689466814
181687184
-192217498
-939033427
-1029263875
2018011102
-635482343
56470642
-1510897668
-941550603
1647512709
2022307174
175753249
-1589074216
-924089817
954491849
2056245571
1955210162
491464411
191912867
-1065064047
-367175964
-1749643687
-769391115
-165744205
-1158240162
-1927778558
-1239622352
-1608685010
454115119
203014108
-1490285334
1826941708
-113292706
632238811
178034895
651129275
-1753906438
-561148062
-54493483
166603061
1417952111
1344975112
401688755
-1327132575
1820430363
503918238
-847003501
-1761926472
1296928032
-479662735
2029370629
79849259
1238523259
-296278836
513292343
-1957590716
-1238378667
-1816357440
1550263907
-977018741
438499737
-1129252058
1222885256
1683163690
1391406790
1548154340
-1747111844
-575309613
1813539077
645134704
1532946048
83599073
865758077
-924058478
-2034570251
169023165
1010488550
-1241451923
505021902
-1683395197
341360476
873615295
-849180121
1620997092
-92927627
1243160679
-924704427
1473263949
-1478255467
2141286695
406185566
-855042743
-692370304
1951011243
867146411
192570147
-1209603024
-1930431798
-1792155397
1068815311
2040419304
1530569994
575189915
-1363576311
1942066312
-1147946135
907184595
-2083720002
1325925411
-1242884518
1338106019
-1654105173
459296718
54942477
-1063380305
2033832516
1918361274
1161435891
163965815
1373693142
1898762885
-783323263
1360314826
-1120857105
479148236
-918483405
2127553916
1367814653
55263748
-1373169453
991640662
-1570474188
778015114
-799461894
1572923982
-95653963
1772092151
-733839913
601243895
-1206835220
288768185
-438573265
142324282
-494191815
190293982
1295802532
-946030010
91334865
-1281395405
-1762643399
1718613188
-2032168218
-605313139
-557071595
482791759
-1923855354
-694516890
2079784838
1463786275
333207232
-992164949
221944648
1818478611
-1546110068
985236435
-177687545
-521682240
868243692
513685299
-1118922717
-1998543865
512954830
2099659152
-1825196622
2014810043
-359858636
-1335163659
-1948912182
-2115393388
1839268374
-1645840185
771491839
748605286
-1256165754
738172438
-984980950
336634261
979472661
972645685
-1851525012
387869383
1379226997
-9316213
71037298
-1711145508
1055055199
2099814571
959830777
543467802
-697683274
-1532938845
-512351596
1951578540
-1489143828
-1331277423
66770605
505365069
-290309467
1257863290
-854527031
-1271850688
1952631961
349350238
-63258097
1271742851
2127677118
-712930169
467666698
1417818947
102767269
1707258657
1076432813
1511700370
466114084
-1401897969
-1863199081
1949715286
676855092
56783355
-573388135
-1441776251
1011490333
-826001745
789641588
-740426610
-1112243248
927748003
-81812762
-859814118
1537944211
-443619370
-361138201
1338651636
1750325987
2075122400
-214431184
190596420
-1243738475
-671244984
-416010244
792787715
1597080637
-136194542
719478801
-1898211158
-1251466028
-2075558500
1288325633
-393145812
-179429484
-1603299926
1034497709
-1180806106
-1502781402
-820851009
1547877642
1762548565
903332607
-1982878034
-841189593
1756745544
-1003115513
803081327
1637606254
121705558
1591010171
101315894
-1312813527
498927825
1087233299
1051545281
1311973192
80863611
-233583258
384879345
1886980193
-2056595144
2024157581
-1947205476
1171033847
-318986235
-1973375737
-1748648543
25966334
1783100712
508584412
960685628
741134750
731134121
-1589369084
1113814426
-1979730889
-432881664
-859881208
1589277616
1299635109
-270480881
-137592599
1564931143
1651605444
-1868894638
413789505
1169257307
-1883251914
-840744108
1663261096
1897013926
162868067
2057238628
-336293799
-413795210
948645056
-1748543864
1408365076
-580800569
-943024300
91577522
-1337937851
-361842291
891314040
-1735496911
-1915353755
-2045755568
-1388331298
46903914
-1878585441
-1861058818
15550931
-1338156857
711537079
457238524
1263506632
436571118
-539156953
-1538510467
-1184485874
-787025610
832368778
-1345650153
-112201760
545597782
-1815611075
1894055059
-1424626010
78469983
-949149885
1793148420
-1136621704
-295175445
2126445673
1439619354
-1479519520
1859403158
757798826
588135095
-309526557
1012986797
-54533676
971596739
-1036494014
-1145194459
-1696376725
-1713376196
-1907095811
1117432782
-1844022580
2082145168
-1626561000
97267656
1134542229
-522378706
-859471711
600527669
-54933436
-1778884518
1760289776
-2031949776
-1383577315
698183232
-1586904272
-1427868676
786504529
-1233901236
-1752998882
1480552064
-450593956
-467719496
-1838947312
-2063039245
-1405999698
256977766
660177209
455463891
-113296499
-1749790481
-1694428117
-323990501
-852815303
1834006523
-1817799268
-1544964172
-1691398064
1411436498
-299430804
-1372974805
2125069684
-128492749
-538091546
-1474420061
-1249482710
-238802332
-898397626
-1998807027
766772741
-1509825910
1128656762
-642921
1231598083
-1729599942
-551625684
871897954
-1310855882
-26954929
-1819512576
1109429111
-384891482
831539709
-789348838
-1199661318
855132021
1341092134
1659245282
1621603744
-1271555004
1851714540
1189922315
1708044894
954285269
1420752006
-565315120
1956717666
-780576527
510824535
-2041667456
1629064006
1318967692
-1738043076
-535018179
364194435
-35282650
1397544997
239623423
-1284562909
-467865997
-1539199770
1438196703
1909043898
-231422659
-1323155633
-747337070
-985003370
1682276745
302163321
200144946
-665204171
193263865
-248845470
-1278745532
1774533111
-952971664
772540348
830901494
-1807484140
-612115461
919521793
2076265896
-152734257
1119868654
-1130687029
1681152429
-1105627413
38965837
1506213729
1575804754
1805693022
499417966
-872243820
-404367586
674763076
-89887524
-1332828980
235668315
1334651158
346444669
987307869
-1123818539
-1522988517
1322918390
935122719
-915103263
-882745571
807312973
-1101708228
-1505281888
-1333876640
68916688
740431179
1987665284
1958073295
1767400245
-1034771298
-753406701
-269835144
-424529150
1321397975
-1393762325
1788714298
-121132498
1907941057
-811004923
487023293
-920268024
319423068
-367905219
-1407006559
-1218677672
-1824588487
-1874708463
-1557266951
-1243728189
-389329912
1787575721
78482682
-1946993549
-1413141137
-378970090
-1485626897
-1991569674
-1393376228
622731230
-2049618576
2032469863
79611421
-1965128776
1046787538
1758762187
217599342
693034899
1228827617
-2116483908
-899244589
-1617197092
1256347340
286700107
1383265256
893515008
544205664
1161412386
1924641141
-1991632080
-526736775
69778153
-1654293753
-1370031517
-339025228
-454042389
56892091
-907957599
200757609
921940984
220085340
1214408829
-1928479016
-2101055348
-1706797392
308241890
-1870519903
-86430416
-1195092465
-1886297326
-854764167
1695340832
-788997068
-1714793492
-2045996774
-2027116243
-1578358441
961189229
395167611
-1685966108
834142842
1408595832
-1138464703
-1270770192
-53663485
-1734467879
-1553648779
-798599236
-125683830
1538392967
1923028086
806344028
1123219444
-753496279
2018654256
-870813779
-919173440
-396124197
1162203789
-1297033798
-2038179936
2063397681
-953137365
326832481
-666800309
1932049787
535603536
2134325814
1702258321
73527626
880002842
-204606810
1088424623
1141439283
-1350683654
-878505121
-850350364
578680274
135792227
1088235759
-382631100
2077989393
197541053
-2131449941
2034926795
2067427242
-1318519393
78117329
1636883124
-740818455
1157965630
580897776
-1242745589
1190534326
-1336745441
1642150791
-1578041215
-1207806510
395717396
-1830695956
2123006847
1658218081
-1054767003
-185907857
1697986684
367401127
1194483276
-675552577
2049243539
339201558
450467494
288452747
666882383
894493064
177901544
-90946708
-1230797623
1007643080
-1416263857
1392584705
2075208437
889135190
2142368347
-1698713253
1114268984
21983339
-2121237635
541362588
2056326460
1366094394
1465095694
-780818214
-307008504
161535608
-87499389
-591358392
-1722003894
-264436194
-949177377
-1812916329
-1908438537
805567085
-396045464
-927403367
154192149
-2031644366
1495648157
-692083416
423341527
1227514187
-1908244122
-1155844283
470918122
-677162135
1478785677
1400998787
-931990771
-308575466
1247681645
714330533
-629283097
-1413829639
2133876200
-123994234
1227366420
1911990105
-1158165347
1127117881
332620416
650034655
-37456550
-1197463184
-1540328200
769905055
1839423439
409212705
-1195907587
172663897
425169285
-1519866522
673827292
-226116101
2091633677
1572374692
1006814715
-968312982
2087025276
19907567
535166324
427748737
57967126
1917423021
199275239
-34873255
-1132271032
908059257
-2006600821
-438582582
-37580837
-168717751
-232005754
1036975666
-1073326233
1931539410
1258054527
141799028
-115895547
-1864373718
1345484656
-68396477
1930399560
48505007
-1183336768
-107779168
-91718804
281583911
-1218091632
-1637929824
-1426579248
1349527592
727988052
-2113778573
515513761
-2129798214
1437166246
841035937
779523800
-223328198
-1530311082
1035245205
-991062683
1837418368
155485125
-1355396769
-1744928084
113751620
1609994866
448589749
-1991870416
297278397
-1247698731
603469370
791107213
-1758746742
-314808725
-682698238
-306915413
-792057387
-1620792558
-445360299
-450621392
-876222027
1554638742
1239695539
1412240438
-195527212
730389387
-284327400
1469428542
631376721
-1893061540
-824699775
-669548701
1526927079
1518559652
-271325778
474125266
384242766
1570427580
-1895303128
-1474179463
1903755233
-1113302636
541392773
-1619234562
-568340864
-1112154426
1934556394
-1126408974
-1959989321
1915753192
-546988080
-1908449466
-1441554913
1843980577
-2132054261
734871293
1913838084
-487938306
1114111496
475235106
-1313740216
-93086330
186757718
-505207812
-821459066
-1374691445
911203687
1979423617
433198457
526879042
-1632751978
1131546887
-556691809
317811990
-1891188373
1408916545
952763929
-1537001032
-875017186
186891112
-1045175339
-1212846726
1704079961
-134702920
102579950
-803034403
-63406014
-997840099
-1774585262
1827619432
1818104248
-829014482
1254524837
2067727802
1367566812
1780583770
2040099940
-770918430
-2100494638
-1817174432
1960715597
-1699238162
585891272
37768964
2058707966
1657895617
-1677669578
480545279
-945904932
-736189142
250528615
-1865230538
-2032723146
-2091196623
1057816377
-610223313
-16111191
1317154739
-1080549088
1478040000
1501596869
-1788479696
1275424368
-968814584
1689414128
2087574755
1872214235
754710947
-2097529718
-19793646
1738202167
-1995565799
-1050340527
211603623
-156052348
-1757381738
-1417756665
1318647296
1794617389
-660578336
-1916871342
-2009636094
-1536695666
-1862350716
1394986722
1522065524
2043591350
1081424211
1105666008
1723207305
2010448493
-66650100
1894835046
1187439294
-322041480
113121370
-1426719822
-2000441626
1412669723
1327356672
2107337471
-534313598
317180894
-1682641838
-1161358578
481890134
-1451547244
-1875173914
-1458534718
-1574820296
-400341096
-1841350773
1564135938
-393492182
-1459835559
1815337850
866671586
22298027
1156046105
1323956683
2083014404
-699764151
-2046174991
528123690
646902844
1395455611
-1259070440
1904765642
-2122216590
1770003373
1928898660
-287385703
-252268852
-1015245925
426960911
2097120436
1433189388
1964580834
51799998
578255132
-1040695242
1330063059
1977658559
1745378986
206799221
44253578
1515957138
-803237824
-784186562
-1453844673
-877485398
-1863100607
925575349
-586999333
468934004
1177685058
721049936
1112537038
-1259199592
95817473
242699194
-1711745249
1491523710
-1838364267
-42870023
1797696963
-2109862125
818819815
2127104466
1326336819
-662628916
1948615776
-644867989
-1369708744
-52150550
-1027402013
1941753906
1472743944
-197465856
70949629
-787207683
156230038
-1845163086
525344859
-1665617294
-1271572442
-381530946
-2140561284
-535801687
-1535213537
-1745690304
-1400766298
1290621711
-1875662556
-236011727
-218775778
-1723799923
110539365
-1824529616
558940050
106650600
1963486769
-1313558907
-490214694
-1625235606
-2086130993
-584343198
1484821983
-1243642174
-2145225586
2120873322
-747445285
232642856
-689871589
-782050185
1003722690
-1534642748
-1155394542
-638752872
533006591
-1668432816
1788345558
-1253877160
316026723
-1464886277
1518366117
-8163771
-1529742758
-431494000
-812297242
-552219984
-539990177
800159191
963639749
-1065765712
-962720847
-33289925
1239517441
1072675693
2091255110
1327190444
1657825028
199484570
-1831500032
710950343
646364723
1462738243
-659590114
716990515
-665859961
1703113416
691650292
1756439117
-1022972068
-1027287000
265649886
-1560148730
303240329
1076657027
481161586
553462796
-864249680
330690521
309975796
1835630375
-494931242
-1472614633
856553998
1187360229
1101360437
1251391572
1022788288
1862844794
-2097030320
-354333097
-986131307
-54564640
810048840
1675663964
-1933713385
1869570886
-1880849298
-277006569
66645892
-1277383513
-71717608
-1470175239
409323200
6443192
-1566727752
-937951055
-1850454386
-1471477754
930208554
169951477
254230266
-986447009
186643020
-1764677503
873364761
-1857648271
-973924653
-1297741985
-878895115
448481969
-502161572
1172983401
-605663039
1390710654
-109639999
187622412
1959492180
2133501061
1325394606
-1198554802
-447120428
-2093471386
-383852685
-193897711
1069142705
-11917929
1726623002
179084184
1018687445
-1636694135
178244028
-1760202678
-1557517287
1557525000
2025727248
778153910
143724538
-673317913
1705351492
850680791
-1237917044
-1744615973
-157313776
-1243052904
-1807436882
-1881142617
1667617543
-1790357862
-2115938946
74321273
1813328431
-520281549
2042755343
-1722611052
1377633236
1900431034
1155228249
401673774
443867800
354119169
1952311153
-1561668198
829449935
-1665207262
-2011844871
-1339384151
-433501175
-1071392898
-638852647
1266420046
1106107375
1616620802
1776075822
-1582305408
950710866
1161368748
1921116546
-1572120732
522464896
1627812429
-1265698754
36758442
1548035546
-68620656
1251127388
382101046
-519197789
1535378490
758458720
-988907261
-1610218982
2045910451
642218888
625492292
-557381431
-580188476
92817473
-265961269
1131068447
1480144545
1883493853
1623939502
835492412
1663776298
-2077379965
-456038361
-1028980468
1673438829
-650309018
-743762244
104323479
-954815633
-986424007
-144453473
-1648876394
-1280852181
1628413666
332854871
431438920
-1180749605
-333656211
-711214945
491511686
1840043125
758916675
-786874995
-2009441771
255436408
1073081499
181761014
-358588869
444491751
1677099823
374552848
713843604
211383957
1901629235
1190835289
-2018795739
1274242467
1043366530
-254734920
1482090673
2117474887
-1186204902
-344792607
-688381621
-15568690
-1505069622
-1290331907
-733548756
1414311395
-1755516887
-946470007
-344661306
-1807204335
72586698
-1832197763
105797912
-1328573050
-1267596115
-597411919
1238806340
1885145625
1275344119
-208038020
1832622942
-789171827
-685363227
1971567774
-1637564794
1492845079
-69484034
1262363999
1579271224
6202141
-441148280
-473462537
-1421171998
1742201920
-2146657732
755552304
-1119170122
-806117220
-1463870660
-1413450679
-590772287
-2911666
1461693508
-1249220579
1504598076
520641078
1635347744
152760197
-2115846110
-2019704835
1769597533
1095043321
-114919166
559705689
1292066371
1036733821
559260949
-843796593
1076727042
327445178
-253941613
1895427641
-570707926
1112185706
-1005927359
-506528183
717301088
1421853177
1521206606
1730114125
-862596018
308676969
1464229472
-536706829
-287932453
-1708707723
-1788412440
1806188240
482113180
6480633
2050766269
-1573244836
1339774601
-96549488
-1018099736
-1499170751
-519383053
779687806
601795773
-1932712492
-1741827147
-1935077680
1730946602
-2079103005
-794363735
-1931062590
-1895615405
-1287084111
1348396126
360921184
363298653
-974008258
-1119448313
-2128894609
-1003091319
1656702410
2088524469
-2030781044
1847608453
1963872668
-1779898936
-1463304811
-371767042
-1221655041
177004707
-170612407
854665081
-581575027
-368095586
29339434
1012613987
1104191663
-1733838272
-1736022358
1724522854
-427147165
-797002579
503860358
835204605
-295580352
1548900445
1768956268
-909473462
-2037077066
-1412185330
-243134749
-724876250
1169989274
-1072841989
279754347
-296256902
-1092197150
-2039221426
888770275
-721500468
-464654420
1061004242
-891603926
1659407132
-1835436924
-1499109396
1352568073
591129329
2067587046
601069771
489548624
457495214
-1488753663
-1965582626
1042516542
840015913
-78291010
208123526
1226510117
1491746941
-827573761
-1251556339
-653791154
465229599
-1727541973
-1935060267
-1672419815
-812039633
-1948578070
-1906029612
-1580283287
3018768
823107629
-850301121
-338720194
-1472284102
-1037348496
690863493
254021026
-417318578
898836291
-872350850
-1018545719
1370900074
559653637
-354630172
640840051
1393876414
-1278323725
-1095440383
338835349
-1004612001
-1916210080
-438703702
967563319
2077598555
848992069
700057707
2047687583
-121925108
-1203262980
1042026499
1564886959
-672458319
577097288
1783285266
2079945611
-577040326
1431097496
283041040
1370452350
904976482
1466580620
-750738815
-1920920802
-109126397
-413572680
702143590
1798884269
668921253
-1892048217
-58488330
-216042302
1237143639
-589719518
1195539342
1002322216
-341664574
1391281841
-1860110875
421120517
-1592281990
-706063263
-853355389
-1769389506
1302359191
-1618135865
-1154162829
1569545242
-205603708
1119260997
-1882240969
-617423579
989431318
-1635749493
1208910331
-925541290
-1979757857
794749024
-863704819
1388693107
-626105660
1612204194
-1036325491
-1314241356
139560909
-23255413
2121971040
-794596954
234408764
-91707083
174025066
-727922606
-1731967008
144044127
-34627077
-1225959010
695674282
-1478520207
1796056713
-120695822
1191101056
-1886751043
1040151712
-193636067
-1845291951
2110623751
-1090797034
-704045446
-850225047
1079786311
222850690
-1871318194
-1454545915
575751852
71964653
-1835415180
-1499977174
-2129337116
1957414602
-560618437
530139826
1889013914
-1564416733
-645099121
902774438
602154048
-1364003563
-2080992938
1362163155
1504029197
-1104168322
1009782556
968751511
-1320834999
962841588
206885361
-814913285
1821699528
693681912
1275037329
-1878515194
1614881459
864904042
-327858235
-1771328432
1518576014
-250494400
-1672034039
-2139572012
-631691
-1915235470
1969686383
-1177990390
2054902440
42278712
-1517181757
1719131957
-1981326774
-1759461769
1784238318
-2080235015
-907459995
582774392
1433986463
-1813574352
-793603791
317631450
-1593305049
491355645
645358229
1222576330
-216078940
-1243768800
-1020318994
1476735600
1392581985
-805795189
-2041028082
1875794348
-561140355
-654341834
136141446
-328994047
-1941727798
-370405329
-1000814296
520749521
-1628920586
1751696372
1255981255
-1288019254
1912366064
191595268
759637568
1040566688
-1545350268
661028019
1843060926
144336380
-228532152
1836278078
1552239160
1079731123
431141051
863567646
-72637378
368294459
-857067094
1249698208
500471029
1552023386
818971861
-1856518987
-1677856672
1101148447
-931973678
505213446
-89173536
1240836886
1162107186
-1527653557
98454013
-619136330
1526397409
-518748707
-775871386
-151484642
1665300690
967089033
-453408202
208879616
-49429797
-1062456154
1464894584
-1051211811
-1051885347
1830989673
1808900845
-1451668110
-518609369
292890743
-1515500788
14583921
-365362917
-456824645
-652840119
-1420063372
-853822958
1724472441
350768794
492858670
2075110525
843212707
177515574
129372899
1671865932
-911922325
1771048863
-41544167
-1877010030
838832409
1416414435
413234063
1054620777
45362717
167671069
1455776110
623579922
2055165287
931397442
-86199618
-553385887
-861181450
1385142553
1244626459
302676055
-1449179473
1046576267
509213608
-1811760880
-1924477073
1357489436
-989934014
1802481119
2040725347
1005150649
-994563080
931750071
-459274090
653639347
1326356923
-2065785396
222648523
1671957515
1349725777
-1006981767
-77293684
374998000
1285984399
429017188
-817237629
933188997
383067335
-1840698913
-91142905
-1115252762
1011096958
-1990990703
-1756822535
331868524
-571317406
1330634069
2139152081
1604828976
608929914
2145751137
-2102424333
867739854
1329216159
-2023258966
826033735
688852074
936044842
-807235193
372097544
1797660408
1852215790
-46507372
-724971814
1105566903
-1262950040
-1003018792
-921839582
1848378877
-1814801867
-552046550
1603923090
691627066
559503299
-1382947889
288168450
1922226998
-2138136501
1414436200
-1872022906
1119324829
1504807422
-76502262
1670467260
662930365
-510204034
-901656146
-2009095835
-1180313715
1362530191
-1028971317
1658089526
2103116016
-13388786
-548311999
-1237498384
-605212869
136262689
765252729
-1579109970
2073048308
1682988463
-943618871
714352509
-666427684
-150744558
-196036580
-155789775
1860024112
20414987
-1892664367
230917750
1524660522
515241206
-1521452828
1446565669
237091022
-1405989058
-1487443125
-1965528360
-603782430
-42349550
972630946
-1758274880
-794429123
-371810728
-887296247
-192970059
-1801965756
-435458846
729260364
1209825934
-1799238991
-1777476129
1530101061
1308905650
-191435626
-1743133293
-3258498
-129213969
-502782303
1579076682
-3272934
-1432900983
665747617
-2061361271
277256436
-224916330
-2039229879
-79428985
-1993877240
108496776
-1396673230
-539782693
519052818
1822051595
172200742
-996585867
-1092430988
1456611089
1157338267
1869136850
604962140
-1692826838
2054714236
2120867179
209638181
-1904322792
-2018904529
597532526
-1399055362
-246900062
1445467859
1143551664
-1083493943
1055097512
939793097
-1859283999
-71774652
232532343
-15393162
161547776
-646642066
1303015518
312154438
-771520495
557324323
2116937345
-364929549
1998435853
1351872009
-250492692
673962758
-1081762534
715095471
-1930924053
-245391459
-744236292
-212376590
-973095528
65890415
547799242
-1740545117
-956997196
-1837385459
1199074532
259435110
1546323642
-877902486
816320548
1242759132
-1096303567
-1626493027
8770131
1715815172
99955265
1078255076
-692844066
706730462
-631465335
-664326932
-1452819768
-250742959
315638319
89064015
29200610
-188949683
-1458816712
994607965
858245434
1972793652
-599155943
-552831970
-548618544
-1596133259
1283804301
1222345367
687148687
-246586502
924074664
-1511226804
253986427
355023044
105686827
1870945286
-1537190874
1877295699
-357798374
-2026457642
-1998313880
146720586
-648335220
-767912103
2145859150
-128087085
-881958719
-894529988
-1541182638
682881856
-2144064647
291247874
-1797779764
-641949582
-197485949
-1119728124
-1768897880
-574146434
-1408381805
1680616633
-1462194343
-956552308
1711363672
-1860774089
-954327795
1473882115
-1626988338
1181793785
781839394
-538305566
80697552
-75327518
-2007916328
-686364560
-1197587472
970946690
612496967
-83874792
-2093609334
432637591
657140882
-2064857459
2029381399
-1622337835
727156316
1114897205
1311308478
-1381224727
-1085822598
-1858841149
-729733328
2010166459
1714935530
2097263910
-190155340
320589299
-265540092
-1305567071
1865593728
-229821505
-731812113
691227450
-673072309
1755676370
1659039829
-1741231784
2069120031
101887919
-1667384230
-400147289
695486835
1147565862
173279433
1615624767
-2054725512
-7732449
827555472
-1827541244
1597804211
-140815466
738460782
-1831467441
1822979531
-803447835
1267466474
-1122986291
1287121060
-753109943
-1977464954
-968844889
562970028
650698654
2054497588
1357688803
63304307
391735661
2064728073
-1889789431
-1881181055
-753246168
1814707760
1895106057
2006131555
983920563
1439852576
60249947
1048109063
-1200676826
600685073
-1122415256
-1647788727
-119079727
1577064619
-1283609560
-887249459
-1547393152
138255617
-1445901557
1935411982
805067775
1161767869
-1374147043
1651241399
-1434867744
367840155
-1601139356
-610865359
-462988677
1800564506
-803967348
-1169167236
1421340981
-2052381327
952677573
-919354814
-367918075
1094313664
1540541164
-496041431
-1166510540
-379162745
-155431960
-2103017112
-1791070365
-1761091749
-1715581610
1933932701
-430743342
388894422
-1549520792
468536540
-2014078242
659935439
177216778
1106269707
1166948043
973312714
-2132178106
1904359020
679041219
1719865522
-2023719192
-1008887942
-1457910242
121769925
1316378981
155738105
-1917498396
1999066318
-2052626952
-1159940280
1601425807
1722173850
1516143629
1066297849
-1233456108
677578148
-1752263710
-1756789853
999855396
-767447534
-1771861652
260059638
-1323251025
234316004
725043575
994788623
-243270999
1390550890
-32197360
-1750998772
-252940529
357592055
2111145766
1868707043
214869548
1152945875
1854793838
875448943
1864885016
1978316405
-1312629369
1706902475
-357383551
-12032271
1863775071
-1435330077
1576130477
2126441647
-118829612
521285703
-1944283713
317310557
1344634013
1770082882
588974392
-1919075802
-818759061
1626467627
-909826624
224954915
1954773579
1440127994
161655846
1889696785
1388275534
852711453
1874128037
-1635112892
-1902364054
-288889972
-1734088343
-1926151204
-499512670
-2075246565
171744592
-2071700939
439483237
-572995570
-960075020
1796778403
1266085171
-1270825998
-1164838935
-542206113
1627264134
693066154
1367603267
-1378685253
-14705937
769183944
1031974490
1811439517
-419582338
1419880477
1473585872
419819562
-264068249
901539986
1794070739
-1511107135
829230049
-1298751175
-132709729
-122722006
15395409
1321834654
-654280122
274213391
2041799079
238305123
423363251
682034602
522225672
1395210251
-95972117
-1497803585
62996397
-1730869227
-1214661226
39863501
2146777610
2074986060
37637822
138322047
2107869490
-1124148643
98953685
-1424610456
-1199676551
347644330
399877628
232948976
72154458
248843613
1932809858
-1748318584
-824271461
-1927311937
-502843990
1305628965
668487599
339730121
789051313
-1614512662
-1077880742
-523466245
1184533006
-2057427417
-1882926949
136524140
348717819
-1586284926
1592199877
504494114
1200653620
33407347
