-1994247607
1963114520
-1550793631
720938493
-170392126
-1596561708
1105494100
-642994111
147440980
-2047852376
-568316671
-549204297
-1588506139
-2038479086
1183021026
68997420
-649515166
856442773
1049050968
1609473349
79807747
957569196
1580701318
-1597329777
-1751917101
-1282725381
-170941571
-12647468
880553327
-1349213240
-323830887
-501674576
-773595891
2084604328
1588617770
-498044317
-1338612545
-251652995
1228344661
1622784743
-2065353479
-969885793
-1242311364
-795984571
809366608
1703052632
-1482985123
1826084899
188765572
-268704106
1920673847
1218728865
300730816
1146395099
-751397582
-1546814618
643142431
1837968759
-587110208
-1788852747
1699740530
1581738233
-67991874
1920900420
255570752
1018649059
-1442830560
-1304650609
707960077
-1135872100
-603267891
1437816681
-1890350881
1084854954
-2108184888
1284537875
520004605
1753187104
188182415
-1156877552
-134045446
2036714068
-1717788985
329098744
-1608131599
1065786325
1782948120
1583695756
1902575377
-945618533
-1423078826
-688477430
2063919963
-683602048
811742689
-523114301
-2146047574
-792372753
-109999795
-1476946454
1131571187
1595974618
1234550084
527476141
-768096562
-1579812879
887279787
1347078025
-1351877835
-575889136
1681230339
-2117347622
1553139850
-475744776
-2100909295
-189517903
-1198287138
1442589761
1095449281
277937385
-1873270417
-847403377
901056839
-1466117252
-949044877
791769603
-1707814265
-1497485550
-88033005
-2028181772
743547575
202941402
-124140871
-1354784545
872374593
-123807331
-271353714
1439121819
886613485
-882858992
-1604233154
2038805456
-2025964481
2100415593
-102791426
-1011081046
1180760349
-67411916
-1921787441
-922219320
-1184840011
2144508262
-1484743165
-329691014
-621409635
-519195726
798811648
-1923948756
-2100770245
-1052753125
-96575933
984355356
938160486
-1785864246
-1279463768
-1471190445
52649805
408632097
672705511
860814802
-66413161
2018701839
1517215073
1251345418
1942382027
1949610149
-1701635299
1438791057
-578692878
-80053527
-888289268
-754519277
504663419
2051616490
370240660
-1129879674
464377693
-1545694188
-385043125
-1514923615
-97915262
-1124037691
-1130948093
-410279794
-886532253
-1583991009
-1110281978
627404765
-531418641
801973791
792457890
69791420
-860204367
1505354734
1569419495
1514294885
1175538224
260338807
1776797614
541709271
-233816423
-1335453895
1235470557
-680949560
363576219
-288693411
354887914
-390559783
-1923425134
-1590095605
-1210372195
545413131
1301509351
-139656200
-232050407
-52163727
1798691509
-256152765
1361384220
663754023
-1156040784
-1128265087
-1253678459
1780812418
8094786
1551826966
1875295510
2056438664
1379045622
627285190
460886907
-1798533470
1743110681
-1256415093
-1603958901
1606314895
1516528030
436138152
1205594829
-1335459428
-1516328126
-1164633347
771170620
1850950929
-420350224
-1772930403
2114251854
-338034706
-1994218139
1758204317
-859446734
694202839
-688540905
-1321374674
514299225
-1588495541
1880495443
-1625874194
217788472
-1057159140
-401586780
-92192134
1679001931
756329755
519085947
-1290054073
425849692
1706831122
1018655756
1215800498
-1134998012
-1984014090
-559941515
-1938622891
1800608370
-1989214371
358969893
-1329966437
-953509781
1937235757
277103995
1540723606
-1996607599
-9072234
1646971565
-265886961
-305682201
-1624989887
1952976107
-574851874
-1753219948
774780105
1080350659
-137162116
1133230054
-2052642198
1851111111
1572686806
-2038874214
1783321335
1855638380
-1379114653
-571837863
1588217361
-1267950284
1561672568
-552112250
605690261
1052985359
834470618
451970614
697810518
-283661058
-736219499
-859729793
-972819445
-1787524871
516954891
1570324213
245827723
4691475
-2086109617
-908388239
47502903
314645211
1433357747
-1618267628
-181553738
-661484540
-1334646625
2001658763
-644851993
-1748818873
-793535324
-670172268
-409225965
-77883769
-264579376
-1982580545
-1008756126
-99074506
-324823485
-1605694855
-1060280688
358838775
1696527362
1679810118
1533152480
-590357372
1268306954
-1389658803
-1449296560
1399128018
-514976856
-378323431
1097526541
1418610290
979814663
-1352331619
551596585
2023704378
-230922230
1346083449
1005954698
853942052
203219036
-360181381
-1556789723
258934133
-1076295484
1085493863
1239088236
-1825931743
1736305597
1545633274
-1957669627
1884933741
25020741
1471624748
-409926725
-1992583210
-377036299
-1673785930
1857222585
-970146511
127098705
977398739
-587207180
-1592789485
-778113695
-1192794039
233912041
-1475300238
-31204992
-1036033110
-1271553144
872169612
-1521825165
779378647
-353055377
1555443463
433415612
1906990277
1744973403
1996199257
-629311952
-962904701
-1159349541
1543151721
1443325895
1160116603
-255396794
-1954909834
-1595921229
-1731650057
883074542
782853432
-938745933
864379879
352502165
-899274428
-743721048
-1641194015
804458271
1580876724
1354178664
603161192
1248109449
-142413562
-152236847
1280841328
-1528999143
-1062241212
-1564486111
-391332831
-2089839913
155874661
-464569211
1903929819
-573932229
250964467
698965231
-662909574
2096688679
-1210776595
1959047212
497246170
442624534
1583723246
1513252661
-177034083
2114700438
328156046
95008964
-1133440469
-196691469
-934278905
1518466090
729579002
-2080706508
-88179429
825912671
-1556879090
304157515
1152023093
-1114859942
366844099
-2085879673
1662350286
1937103267
1063921610
412955980
2135642386
1114376741
-424633488
-1067125498
316394946
-1110934456
-1040185050
1414158939
961447259
631446591
2145882173
933676959
-1821766536
756553117
-1679971344
1250126477
-1702314892
-1752702930
-1988353625
-924924110
-587459245
789235204
1620447098
986414636
-1322657310
1481520847
1421991667
251183636
2048674332
1688435826
-1404493800
-1656213448
1072766926
1332520146
-1458794329
-652476275
-1490472578
2039330032
2047529891
-700202781
-443228279
827685177
706518287
-820179110
1085779851
-122517732
-262056455
-1444870124
-1707099646
-339852323
-452756295
359553579
701746741
-537852759
162284922
1986738149
2051371090
-1645241367
-1267581191
-1281780186
828511702
1444145114
-1501102196
-554995931
-680442831
1473721949
-1717297562
395050083
1680045480
1868468747
-2005402343
1525554135
-1802508163
-1210692468
-615045797
1329550445
656260174
1581996584
1803501324
329395633
-518585926
-997829986
-1199250825
2039074503
1818927178
-950719692
-178926888
-1849943906
-2062797171
216923663
-1060295395
2115940197
-760260476
803631812
2037397232
46573373
260952128
786471982
1891957237
1409927215
-2051095351
-1446551679
-1592375472
1204526431
1688136514
1619114143
-2070200471
-47201406
1160259146
-307925078
-551446029
-1837225331
1494824868
2133267418
-1882854871
-459456850
196372505
277761935
926245722
290532479
1172720028
1930619305
-861347416
2091824249
1897133999
-512227305
1216428812
237191590
-1109231098
1824556974
-1016521572
-782551142
88026473
-986677957
-1134495728
-294999133
-603236642
-1648544805
1532872066
1110179135
-1823783674
-1739703159
829136244
-1224015411
-237263929
-1807260937
651259671
-1096108153
1874191915
-1208181854
2076399306
289321904
-1208554873
1311653664
1023760608
-1353662455
-1268171553
-742578500
-1682406234
1363041161
-2054775928
1823178308
-1029127261
742462028
-1829068273
-1820827872
470931745
-1433411381
2095758937
-1338931034
1429624300
1113003596
-1276783605
1853344173
-1584692135
-1859687780
245379627
141029216
-370569079
-833340676
-272187641
1227050323
1432318190
1103372888
-1384219051
298857179
1430147854
-449421122
-1915497061
-1868832359
2095616135
-1892497907
296694481
-808658600
-1674809262
-671018004
-1726285500
-1802662632
11745355
1566575358
-234825540
-821766806
1687245552
-1601988781
-868027679
-791497730
-577991319
-1503342559
-1384680742
-1587725190
1450815943
-337264973
164854582
-1312639348
2053308816
-2131353439
-113471985
-771535550
71128187
117807424
1430639468
524672920
-1509302409
1659045468
1230037479
88131154
-73472014
-1477448668
-950014577
-1006066932
-1875777706
-980800411
1419870479
-183202673
-161357097
-285377285
110896399
-1754780571
1764293483
1701925251
-949839399
1623826863
-1123517926
23014485
1654622016
-1443742411
1949490295
-1855419727
-254687556
-754554178
850109805
1310908471
-805262375
-1785570399
1082979902
1625511324
-71176494
1460553371
757019593
-436519270
-1478419079
1002852579
1836006411
879852328
194164313
-751864709
819195879
1297364971
1025200669
-1384908855
-711191255
-1769881109
1769307955
-1013495194
-467020600
-679583350
252130220
825908020
1062295915
1842901169
-937297563
2114370485
304370222
-386195381
-1609090965
1582834843
-1246995035
1986240758
-2040773733
-64933990
1622319392
1983095543
-1127216247
729897605
-2133651408
542597487
-1024549981
1733273496
1929259114
-1289442100
1306314133
-1572966638
1249125738
1220257921
116956910
1181890055
208728346
801714169
-1505643262
-1599168909
1550865460
-1177151800
1169562386
987350162
-312071420
-1941063645
-1662011734
-1261986450
264151666
85559698
-216043958
-1354487112
-1900625601
-2024364829
-1489363384
-1519609893
1910358415
327515490
-49973260
-1194027954
-1785463129
1742943302
-1745801476
-1359577303
-547063050
-1130413971
-2071258862
-1354614789
-714980775
-1416143541
-1658641461
-771249959
-763155302
-814811872
1344160970
-1363714630
-108673991
1903589993
-1798977507
-725304062
1820874095
1009411224
273850598
1260041564
2102618479
1347994630
-691363779
-1077087028
1371156974
2021105960
-1136675243
968686851
1821878501
665164545
559915485
-1316247307
1192716437
-881755945
2084876712
-1683687511
-2090500149
1876777
1784577167
-608358321
-1580153243
-371738657
-732712042
-537676905
-1474333164
1102556611
-148082099
1614876223
9309026
773143343
19313016
-350543634
1726788342
1525642248
1116520433
-1953271488
-154155241
-1023028502
-973085235
1289812001
168567150
1961697700
-433613378
-1668808354
1258308879
1269167334
987222199
-731385735
649569466
-143478983
-205021227
-501219652
671451485
-317309138
-2061842307
-1095154032
-91661091
1854147802
-393208127
2039853070
728128789
597478017
-950527481
294163158
-1047200994
-618980208
-1431466004
1610031392
-1990956336
1989037264
-24856219
1898704912
1101473417
-1754235688
-800922073
-605408947
-1741853908
-230093884
-172785079
-436047405
593293420
-1096604893
-996847066
2104750600
-180002486
1252761397
-211482488
-1832719603
1443191004
1992869461
1052285698
316495191
487319375
-1414429772
1171323036
1382876285
-1484856530
-1817110201
-482474315
-82891694
-1059157277
-1994425086
1573586981
-1848204490
-310166914
-941238970
-660090207
788493737
1561999797
829016215
-1171949981
2114952992
-1710037461
11637905
-1935459318
889846812
-1841447436
-2093080548
2142444734
-837432969
1492323928
-1724416802
-431286121
-229751552
-1943057705
-396653583
1011552063
59982666
1617907821
-941245995
-1477116203
-143864127
1391925527
-1549662808
-43004652
-73325571
1943118741
147638164
-783614284
2000527194
947983216
-1820071288
-1787035376
231239623
843205950
1319472425
1756621320
-1889918242
-1221094620
-985448949
-1535716824
-994353611
822207899
1938835227
827075849
-342599181
-41341833
-1734034336
-1141783561
1904275621
-1943049179
-1177140766
2029074131
380983378
313232180
-1090339607
-1080940741
1997330636
227306518
741893226
1478586855
-65203383
-114467034
334095550
1982339669
830320433
-990826259
1419020949
1941097640
924680248
1948866720
682207529
427104717
-914654801
-228390163
250326966
-1901997601
-836041961
472659190
1602396712
-1794891572
426803703
1845404573
907208982
8081720
-516150033
1092606722
-1638093585
246765985
127302668
1311269449
-2036780942
1931646915
-1544369572
-1362262112
-198255005
1172266557
1561459909
1756684415
1537998459
553007219
-1251458542
-909571535
126043551
1344800950
798376014
1878748820
-654002859
714433698
-2001255595
-1562963684
-943686029
1031197639
1749762215
-654006243
-1406608616
-2117610357
446481535
-1893693879
-1507650592
916638543
-806347740
1816598646
-830004142
1430929359
-1580576386
-1950024796
-1903119715
-1128395570
1299434475
1587801918
-1724166524
-545167887
1086564947
866002848
-206623851
-920594453
-1317131655
345359577
176343712
-128604454
23179668
1447457201
-2065086873
-1332334864
2124630557
1036218093
1412183954
-793171115
-1957385494
1337233105
-1874107419
-699660468
-1690625156
-882318107
-1450464076
-862282348
406833556
402533884
-1520308075
1835600400
-1088986101
1615344753
-893529001
-2042203735
558370531
-1558989645
-914118861
-1033247629
-1131281256
1024755204
-96217535
-1535590898
590379196
-1870197891
1899078445
-945280946
2041417666
1485386069
-515763670
1386325022
-1621262311
1538226786
2104967973
-357778271
-1958596484
1184817630
1709943358
-652326759
827975560
884774254
-1351361677
-1976574452
-378478450
-829371552
-1629168226
157834276
699849130
1804220724
1601714337
-1092047017
567734036
-1817973155
-576310562
-260164665
-1604233291
-582510776
-933105171
-1953605142
-1053042947
14838941
1093300873
-2012909203
1506211827
641946308
-484537398
-223560107
1806919053
-1136857686
1634824601
-320193433
727970881
1903078596
-1585419681
-483478326
1064186075
1103369043
1805757439
-126023190
-980121455
-1620459286
1389335558
1723850142
-1414373804
-336855507
1976741665
-145689204
-373055128
657117658
532693966
-9961012
-625559242
-1710497267
-389393322
-1621317173
491838048
-2104318529
-692499462
-1409154191
710547734
1519102607
-1657353364
1428150406
-624440153
830468805
-1265350528
-1653580207
-185526181
-93212781
-1322289885
1171211138
474131839
1580456861
1900126603
1085356113
413407936
541227450
705072560
-624339738
-619561796
-166102020
-1694867974
-466353669
1092068310
-1536911635
766879547
-1865070657
-905641143
-1706916581
904512991
-384653571
-195494529
763002583
-26282911
1273946237
552067491
590015032
-1451698944
588271274
-917950860
-1285257370
-367172942
-694110860
-921047460
-1818911468
1067810137
-998265737
-83869503
1876748622
249398580
1513031516
-1672633191
1049909876
-569394793
-177020801
-1042098108
-270543739
750341854
1125460434
-1345232235
-1794341215
732327839
-2693120
2019825969
1834063048
-1137664738
865565653
-671533028
-2025121305
152969989
-866345508
-1766990192
1419036181
676893268
1550577737
-1467742959
-1485202151
496727957
1179732761
-39239491
-570255057
1520156756
-776264073
940959720
1107703307
1010533326
516474721
-551457816
-277403618
-1117445400
956043915
-702415828
1901118487
-1838943390
1371220355
-839203181
241425068
2051009100
2053912085
-1277335302
-902886247
-502990408
-1040709648
649619479
119134952
-13232720
-148477815
974503813
-1625688205
-2043210646
990988607
231333663
306092455
-965222982
588918719
1728358800
1432458
-1545691705
715097257
-1235531734
-1382259970
-225054975
1214621811
410707959
-1918379194
-1287704750
1820455565
-2120109043
297861833
-1864862573
-1479278906
-1745051354
-311799530
-2102864831
-1745097491
-874652049
706509096
981267056
545420987
396951456
789728234
-307688449
1439825904
-376490932
965852925
1558507532
116262075
268902521
-1191699529
-949379926
1774750302
-326030733
-508847505
-1476431151
-638880239
-1743629859
1668607479
-500746859
1143336487
1176298504
384271209
24594587
306981231
-501243513
1118272038
-1326849592
572149980
1072244994
-1463248869
-495967686
1613846376
24558410
1047641670
-1142338949
-30479308
-1813861202
1755619704
886865395
1196419827
-38266996
12700508
54970783
-736170359
523674666
-1503844425
-1665768960
833022446
40532422
-227040783
1996966997
96201560
-894849813
-1367959853
-1734023413
-1100321383
709476101
-142991727
-562625164
12573637
1198850872
826241803
215519927
1227172631
-13566868
1523381839
-463409145
-1615941868
757336236
-17195678
-1708621289
1666354161
1220144560
-474365120
-2134629939
573139761
1512839864
1362602016
-1699060683
1089689234
753644442
1566449915
-1544491592
55893289
909687070
-304071857
-1128315763
-421599541
-141368695
-231679713
-633874834
1731582383
-1704592265
-863401665
-82893425
1070790225
370991341
-1655693363
-1701556021
1378160024
-1327276882
-1960914174
581790496
461632826
-149908019
-1683300310
368924253
1606180447
314099587
-352191248
729814297
-2127564156
-2055313598
928454879
-1471821849
954194594
-945289462
-1004850395
1774438855
-1384770417
-368998150
2141669529
2125897694
-1698415965
-1855686615
1468571134
84324457
-1988845155
338467510
-2133792119
-1546849041
1528099016
412815645
-1344264544
817109942
1735366745
1350276812
1446380260
1657130103
2006698523
663009269
-919254159
1501234260
1468127309
-668659547
44284772
-522076919
-368304438
452782357
-1890253667
-635874462
1964694122
-647707840
1377308613
-578133780
-1428974936
408333749
1558821010
-782893841
608893316
-266768466
685804105
-977037158
135423402
1667883616
-1971765116
1647569536
1411402452
1741687700
-1943793611
-1433232061
941446252
1704119670
-932250390
-22563442
-2120874380
-376029268
1613348434
893707080
-651491158
-1818360406
1940126207
