128506130
1037122926
-1659941650
72229347
-86731245
-469698452
1187899103
-1662259537
-811648186
1457075102
122987771
-1345719987
247994662
-505864752
1524097774
90691785
-1434385570
55797652
2023460467
682571820
1758154327
1581855554
-1132531446
-123723745
-684813807
632652095
-535895833
100347603
1419265590
1902943362
1523944749
-1633535452
-745501844
-857257132
-1453434533
1750530044
-52316694
-1752577962
383220742
-720287499
1184197966
1752352712
228742344
-224589502
1845720492
98503943
851357048
-1479963697
-354716182
-705538985
1712085659
1232282533
1439977290
880710883
-1591611623
592535443
625007175
1265557249
-13732045
-1845830646
1702042789
-368354631
-1790480716
926535496
1607748803
648030855
987981414
-1512393799
992556595
510211680
-1185608505
1087419545
383767436
-180280590
-970879492
2032255197
-1547947650
-642647760
-1706524922
-1060738989
-1022890202
-1628814835
1195558963
2093475592
-741806174
-855532922
752960214
-1331100951
1891176680
1965294566
814415418
-1630756948
-217973805
-1024756667
-907649069
-413717264
-497196674
312699729
1375179446
-415870302
-194299435
766152528
-1552811446
-36929629
-1877682328
1591907941
1554095167
-1753989465
1072489602
157220881
-2144553537
803829088
-1259758214
-1081646340
-918753308
535097818
584571976
15356661
2091050857
-954668504
-558184102
2102010679
2055076771
897798720
1446331816
1144850670
-1373792079
-1225446365
592929286
-1504812551
57700594
-805554624
721123256
-953736208
-978757193
911121434
847492683
1142929255
-1324826823
-558985944
360856226
-1342323852
1026876365
1228267003
-102562994
-1882935954
1434082901
290985894
1657820707
-1784164105
737250297
1659607385
1962896135
-359025603
1528621335
661696591
-610504691
-857490308
-1705015945
-2133341718
-1863697727
-957995322
-739637309
-680123365
-98878779
1826113798
296743989
1642766343
-1070693988
1465737026
299772562
-2052416793
552924101
-482186977
761712470
-938938065
-116394229
-788669526
-741993424
-1341681678
-218353125
-388879531
694588336
57030788
1565536599
1191211582
960705598
728193632
-2071984919
1720235703
-1043347890
1642997580
-1208734695
-1396075006
-2146381359
203900346
-1605148189
1697208156
1029588718
2132788593
1388584644
1443801916
64226801
1522809452
-1008475180
1880070876
640578179
-621010430
1652531993
1637968888
419464731
-2093746618
-956704487
-318997291
135534004
-1863674960
1845504944
-678208380
580665024
-1006840580
1559994916
-894655641
-2031276196
-2118874798
-1581004170
-408727564
-1309950524
-1068619610
-1093771270
-1874220104
1117422344
-973411743
-157661399
-1591280481
-1773048577
-1097129408
-710020426
1208518258
1233648508
-926480516
1869514206
-1310547808
-2098619201
192563755
815155204
-142154688
1307499822
-65463578
2003189116
897627734
1454202437
1858832554
-417859162
1488564820
1832634569
-1281992445
-1764622785
1671149796
589704771
-1620656538
1303526387
1316923108
474123692
1404604638
1252493365
-158598990
-990089372
668265707
151788627
539155880
-1238774679
-1373545306
-947883580
2037088234
1089123524
1020653353
-1633218620
-546274210
1060661574
368239149
-698933726
1208092411
517987444
-1665875469
451203416
2098566983
669961919
1901077352
-964951076
-276104934
-1403389448
-1397990269
-981823307
-143282777
1075183618
1332141810
-1518517424
-880310084
1715736776
-1344333580
648769683
-1070016952
-1800504463
-727383928
-1963291342
772723742
-908026158
564309191
-790342334
-316046344
-1494684380
553361806
-878749429
525212093
1938487030
-215830177
2073232161
154372614
1167241572
-1370383992
1404922805
-1003815714
-1051104375
-1432634235
-44921560
1654008009
1436559153
126328482
1061268960
-935732729
652888275
682690788
-1664674977
-2086983143
29283005
581957161
33378961
-1149621372
-18505839
647933582
12767588
459607508
471420911
-1688488688
410865054
814415331
-302129293
1447717749
-1047626518
-56211877
-122219294
69177452
1189747251
-1941343112
-629587553
1802828787
1047458868
5473554
-1440611229
-2001584648
-525741745
-469017126
311296812
999162691
-473809762
-1969023261
1429983350
608593042
1891536968
-68691868
2065395624
-1880325115
2135806229
686510267
1148005585
-1040048964
1612394307
1925187253
-2021016685
1013835966
-1718075239
1060244492
2107167071
-1212808932
-462927939
1845089328
1255845602
-1967285163
208149698
75445066
-511947586
758501116
-1762424059
-1558263427
691347325
281490072
935475256
491019886
1181263554
754226890
-1866241857
1909518598
-1871365184
-1760223051
1208038714
-76841098
-1820536080
1288076441
-838269598
-590886021
-1517574914
-904002111
-119512040
-874602781
-1664355581
401213599
-395673413
-1798876081
62216697
264405812
580121017
563783737
1679386987
-1514469451
-320893848
-188541384
-2116652692
8234347
659056150
-1096857982
1830075337
313588698
790254174
-1029746766
1904321665
-1307976667
144929469
-749874996
121587061
-477422416
-2118735004
-1002297475
-227104421
930906887
-2044718769
-855030106
-890914312
-1261705218
665429397
-1125715685
-996057714
2031745560
643822082
1428774055
165115794
-85573076
682318562
853901651
2044969122
-865841595
1993095711
1905432807
-1614435915
29238986
1872041870
1918866097
137674387
-2094632482
505385605
-796557436
1635007368
-866195191
1055772848
-1652147709
-2082616748
-25295593
-1749842396
695652127
1697028709
-267844544
354347700
1063873245
954288199
-1322930552
-1901383549
1157811548
-2114828197
133790824
252399578
-1031566314
1909704902
-494795858
-648725444
-1370643610
-1360970068
-376648031
889378486
1618156617
-105770338
-231538328
106901882
1214433896
1577984080
1386181035
-481560402
-1667996075
-847381105
1378620538
1186206849
40208405
-1960559503
1716381294
-1396844416
527255006
-2119426867
1804907021
1075860518
-1381729503
-135438099
-294233998
-1423664967
-719520823
-1767097982
687046701
-32176045
-1998440507
-52986665
43896423
778699326
-2059267388
1461099849
-295301558
-953909115
1818555455
1721504502
1729817247
549223111
-1224191044
-515363659
1592204728
387064398
-1566620337
359889989
-1314374769
1127107423
-1739535772
-1384689208
1810201135
1586468819
1636035260
1971190385
46144594
-1685637402
-886711883
948680316
-760389045
1929465422
-1999197235
1934400094
-312203994
155345039
1894604904
2067975998
1499889677
-907787123
-1039383599
1119086243
-114152468
-51215774
-2029326978
2087400813
-743935656
-1263589007
1586192023
693266953
82367660
-1165593669
-1394342727
-1673473568
887611509
-750204303
1499505910
-2123038193
-1312968177
1680342985
-1216842976
775149405
-1119998833
-596782572
-1313351353
1430454633
-366545437
1219431440
184595327
-1784378077
-1689411016
-1398811014
-341048346
1163666045
-1996836453
-1780281625
-1891343644
1633544545
876889058
1165473748
-448745548
-380483099
537241293
-1677404677
932889891
-791086148
-1589697945
141905640
1435907736
2074679535
-545544270
1163566282
-2084087469
-980211763
-678410878
27683726
1017847289
1850036256
-1444706391
1102607145
321158735
1644244897
1604920404
-2017516747
1111262022
2004222380
1918933940
-1421937729
1607345975
2129202743
1957408224
-797085858
-2103994258
-1023306752
494652153
-1765127544
-71393300
-1356029435
-454827634
1500650528
-1871826840
903910457
1053699906
399215442
906977687
-1051777164
296482732
780732067
-2097128531
512776362
942622078
-1132046269
-489687262
-1925217441
-75687448
686468005
-1070787399
1059550042
1900588606
1827461201
472183229
1680956824
1563339735
974194168
-767820659
-644483965
-1733198280
-476840504
933293403
-1483797660
2007376754
-1205224190
24258352
1237024021
569581256
-1384506168
-687233742
-481408518
1434022292
1780458299
-1715210199
-1002626768
2115616362
-1164324411
-268756929
1194445063
-62522755
-1025145678
-1120530681
71637678
-558739135
243480581
-501563968
-2118023892
935206482
1423721865
1673479129
227953559
-1386733165
225800229
936167864
-821824897
1756320154
124670068
-1312967754
-1415737174
1144254539
934442645
2040365422
-2076051706
142788034
37377343
508615991
23782363
-569465482
-502838761
-1865375762
-2124434113
1610260890
-1838721211
-81081096
1371295439
651792582
-1614650812
-1849111930
-1215027557
1177405910
-2013524999
-810919397
562343266
1338915346
-1617791481
1798903114
1686734334
-1694221937
-1437365919
-1588563260
-90685407
210223572
839356960
-481126510
-1204778431
-1766462785
-334936939
-1277003618
1600720592
1756877225
229670818
-2141187977
1523609776
-166834488
-134848443
-2083803820
-201516314
-128377643
-1441891723
1988205401
-1340221555
-2122950930
-1977988303
-1114656999
2072535564
2122412221
936982485
2021291099
-1016960885
1795624152
-930566482
-1117780703
223654050
-919251606
1380793553
1438829797
2147439443
-2044282093
2042015016
-1306084315
-824097734
719273485
-2105637683
-1538281438
953456642
1769121167
-2034143078
-677899549
-1805369829
-1404286603
317290496
1354954624
-2007555671
569856544
-1316484841
1528641180
68675007
-867134822
2126262775
-738898126
1113567436
1022976254
-944596155
1739198357
1006484309
1685393686
-40757232
-116634959
-2013489692
-1815022267
-452927779
-2066735722
-2063508928
340855207
1234944000
-1819375305
214973405
1939451254
-2005275347
-308255634
1369779093
1735462575
-1016256946
1093134914
1153860248
1891183605
1498898326
-1003591572
-1583159135
-1007841100
-2081671979
1460654615
-2144671382
1954426760
2043002381
247872232
-416682654
303234784
-1038509754
1732476477
-211187300
1499085790
785661342
1009227448
-1247454455
-138578047
799927203
1577478654
1191502057
-1200107002
1982713572
-2074604357
-718009730
1951008906
-1799019323
341492457
-1819644925
1638873332
-613057389
-606191534
-784576805
-1539342319
1205464
1482943827
-1668280051
1427887615
-2141185553
1467495393
-1144682512
1980812495
1448479194
-656074543
-1258005982
-69986970
-739950254
-828463789
-1434352450
597356195
-384821729
357426367
-161775667
-880418106
-434003286
1130855060
1706014204
1447065359
27846351
1879512252
1533232015
1996075429
-1614503432
379141652
-599510890
-171664967
-74827161
-990816980
-557344163
1270748651
1696810450
1459727178
872185896
-1001927444
-1662875852
1917325237
-191748321
1669196900
-699763231
-1956558033
-1219737209
336067093
-619929125
-1772466238
-1792113358
-574418113
1856670052
780017855
1984675128
365313606
483767252
1623963395
-1749196057
1831318162
-1070193236
-1255185028
722590199
2029271734
1511752170
-1169194517
1220570114
557323475
-418485090
1584682475
-719028430
1493890366
763167421
839883825
23659579
2089226080
-1676248268
1038618132
-1964486772
-1112717091
169297216
338806095
51630528
-1799947528
-33015812
-383486458
859464538
1165485622
1284024123
-919812858
29038514
813251648
-1041993321
-253346223
882756393
-308222963
-877372471
568307672
-1754668893
-1782162368
-52933317
-687608694
-1431903690
1254678478
-486522405
10304397
1375336734
13676771
586286386
-2104887350
1569616116
-241193466
-1392047436
-476240977
732346911
-1972136582
658437977
1267594543
-1961451638
1077844711
1257812076
830840333
104768407
-1692323014
-483589214
-1735732134
-1960069038
861551305
-1574749075
-855711940
805160682
-443491911
206125714
-1353176080
2112535132
1957546659
-295838215
1619177233
274399600
1253042037
146136003
-871459303
2079833065
1514283158
-447721311
131730728
-632158473
-157859251
-470703005
-932504316
894311664
544353379
-338652465
2029708641
-1997259713
2089246726
2127195572
-1635535007
-2047571556
1120864239
198241342
-1841834915
2051694973
-1238573369
-694871158
-639707931
1262406859
2051381190
-292010884
1072954373
-1278145319
-1330664035
-385557808
-1707083062
-1350077807
-1859667050
473876847
5040132
991556847
5162232
1262202883
599486540
898316979
-268759377
648603085
-412319160
-195294382
1770680108
65951157
400751405
131095341
-2144388982
863668130
-344647803
670852868
-316727055
-1716163829
1545448497
1942196909
1142803775
-1917012274
1798925233
660209408
-363666972
-1880755648
1635564451
58002197
-839533043
-2060485756
1462951561
-2006567759
962020612
-1114956000
-90212913
1545538556
-1854645802
-427682611
543662091
383004280
-708710091
56325518
746076038
-488604370
-426910304
-991199485
-1791822598
-387382743
-279070272
-423413762
1862564509
743782696
1969722645
584927830
539069278
-46747762
-36288815
-2124536325
-1555434899
1727410077
-1371174141
1154138442
1901321985
1707862755
-1040167432
91916963
-1674921899
1131108339
-498218530
507404087
1998106098
1285732184
-171943255
-780166362
2011334708
1496937414
-1941754823
1454872264
-1364099834
207081875
-908974404
-1387190966
809438447
-1451908763
1520024913
-653596547
1114844242
796191275
921862893
1443532266
-1209713423
-1402421680
-1769559678
-1119991511
515152818
1742188590
-1775382691
-307552398
-1288321370
1246534080
-1779581233
-1575233420
591224646
1996467100
-363527153
1032693861
1537379583
982316831
5143902
955574106
-618232849
-1890785303
-1025816212
-70948393
1686582257
-2009702261
-787302406
-615559510
-1319148585
-310808961
-1499586368
1824151028
-925451019
1702676824
736150672
2138510727
1816693478
1222086969
-2091246406
-878797193
1093677962
193200267
1238580402
1177446379
-686380211
1075774698
-1261557264
-577268941
-1037276753
517206879
12078615
687201567
-470834689
399690708
-724605095
-189542258
-889797527
-199049276
-1480942823
94834245
1039371059
-158732239
-1412460847
1896398337
2088966211
475961051
1729473333
1633385678
916711140
1252331182
1201139096
2140232857
1777505737
-769560709
1387785103
-1042691836
911920465
742043883
1950018771
1873307001
-755382772
1039698095
167001963
1778595969
1539584893
1564768252
-1854002678
2033694806
-2124835039
170507318
-123395915
-1694790474
-1031061584
22484715
88022952
922163705
-759334750
1776328962
-1067233158
956639590
-38949388
1164909875
1502895487
1767129793
-1869576149
-1964147270
-1028515987
-666137816
-1373158248
-140734138
1806520641
-807518946
396086750
1686113079
1061361251
-1021964824
-1025025871
2107071241
-290283768
139334679
-109082400
-125303030
-72112425
-2145582234
-616406380
-1333363117
-332854834
1803997637
-1302754343
1755682293
-194655385
-1124394571
2035393118
-477878927
-644289546
-769208874
1160423800
-1294764434
676769876
1173688766
770888812
-1045922907
1367097281
59001867
-1848823571
-2060123361
739556358
-510540357
-1403390493
-1079683166
2075473882
1395616442
-7439763
1538393448
-768135290
2075951036
-1083762391
-1807960558
-1206949941
-1705811636
-1480752206
88758236
-503752957
158048293
1865566826
-1977875440
730692741
1267797696
-2084529032
-1035249473
-2032448946
-217738194
1098875924
-2065286737
1736803548
-651372505
1115955969
1741761679
-563462819
-1593959326
1678553947
1115079793
2144193033
111793958
1364480146
1480446072
-879599413
-77208800
-1142174538
-1196998192
-1954793434
137123959
1416893940
-1416626978
18633302
1248224029
1230696544
1864501688
-1174776139
-2093110680
-1006434316
-1782327337
121118048
-354148896
197959384
1544259851
-596651750
-1647625382
-1576772637
-190351442
-633877648
-1212079547
-1777205919
428633116
-2117759204
1232799811
1184429078
-238209694
-1562671954
-579214597
-824628605
1099340084
-1983685272
-491824339
264141927
-796537052
-221167510
186014982
-302931320
1543437073
1644832270
198433205
1512412850
1393318621
-498465387
-1733718467
-1559710721
335944546
-169035518
1724769164
-1997465767
-1655830363
1707522886
1222196173
1993344061
1445563724
-1201068900
1873428729
175133121
519550285
897485110
-1071118156
-473947177
-1833424920
365207065
1155670358
942044371
-642560810
-1442789308
-1443111865
1474900778
-1654452030
143391255
-1697551985
-1464797316
1270807800
66355955
-929392468
1300469459
-1962568100
-2080721635
1899516582
174003501
1648899996
-1357412889
-627629727
-332219337
2107497129
-469070831
1659000881
-443786661
439649634
853475436
1432924595
824962556
-2050994798
-1716673344
-1865648422
-1240448768
-515758052
-1386498833
1915126600
1890793614
-1609566348
-671791527
996457182
-1554719464
1554681169
-414991998
-291388266
530603675
1552257952
489103858
364715663
-1092183771
-172977989
1245956188
844619625
937287063
-326141222
285420290
1070315730
428802732
1875152585
1157242967
1006047073
924058169
743726555
1471938533
-1642972254
793552566
-685226210
-230886031
-647018383
-1426977540
-1163735089
-1486626212
-163134837
582614608
1245482768
730755403
835284321
2059888287
1515692248
-1546633206
-774377169
11889419
2061685802
-1998568531
-1791044019
-1570839386
-1488648055
-1019884808
-1469685307
-849591428
1218211498
839435008
-582277339
-565305898
-1612406677
-1006689775
1032676245
1806364605
2136065028
-796156718
1672640043
-567619907
-1537331589
178260391
1855261053
-1990978070
-1712637603
1654134358
-1128938889
-312979928
1387085738
-1805175828
-437811089
-1734289754
1663432208
710860001
-303056266
-1486941782
384799324
177248634
1264838129
-1972627053
1917744685
1998677614
-795618713
956318236
1579569386
-417701428
-1847069029
1787488733
-859116299
-1885543909
-1425429795
-478715881
418651168
-1960944702
-206852964
959701680
1755281247
-1749894998
-752957632
-207882116
-1558059585
-1666054623
138917430
1547152317
-413786473
-445604607
1464374348
584411373
871668476
9381905
545352766
-887323206
-1544246663
-606458710
1118879375
1678947409
-1298292993
1241971101
-1120530275
-1452349729
434783258
202776660
218487023
1933076308
693114213
-1979589578
-2013307695
1524180841
-1105270720
266406992
743068451
431394020
415562943
-66215119
-1385471892
1020542490
-1634817563
1248309524
-1944338379
-13061451
-1657267951
784100420
-639520876
436440247
-2145729352
2129320892
-483627770
161611198
-1389908396
-355071987
1670373762
462273673
-1116045413
-154216828
2095662794
-1010348358
-1184822540
1260253835
1559715587
1963240157
-579477722
-1023907505
310776200
-23497048
-1658592686
749722531
1693876474
1202611588
-1311496157
2123983395
-1142296933
-458130612
476477251
1580515228
174522076
1111570259
-743951856
-607199829
-701091021
74509227
629446287
-1166897245
-2102678222
1382335652
2095352224
749905844
-85881131
1764246675
-1427938957
-1460114872
1137151003
1435121620
308372282
230869936
-945716777
-1208654575
810805279
1441358847
-875027001
384662979
750673272
1354775862
1151083493
1766593272
389977145
1344790433
-2129838851
282169943
-1849027670
1231503487
731658879
-1537568927
1273062233
593721064
511167382
1464458489
1532592209
-1482466581
809607032
-172213467
892006795
-238325002
-1823846145
-886924010
2075733924
488690554
-1368918151
388778853
-1342417968
124245199
-1822134085
867853983
-350076402
643679060
-784484228
1110085123
1843118749
-547688998
1497620703
652127881
215826093
1906095682
1522892881
331628070
1180832858
428705892
1119135893
-1241684146
1174189525
-2007311566
-1329874148
-604837702
-370341917
1837604892
47885977
-1338135189
1389998987
-1842625354
-1189439019
1329815789
-346005749
-1116231016
493787071
-380533792
-1547959797
1109178758
1572231366
-172571468
1174391061
178941903
1078457707
1561501875
-329761725
1107399929
1135334929
1578078532
1537973561
854946462
-644955113
943475053
487436373
-1186121840
1620801576
285001625
-418749147
215345475
-97633839
-959168613
806228505
-547911828
-1662360493
2077565170
-2073479303
-1371126299
761455802
152354126
-1881604712
-483196717
-1618737875
-1898687662
1130160714
1754025738
1870535048
938049948
1605716370
-713828689
886432039
-1760795135
711845280
1233242142
-684150268
-766382820
-1710085639
-1433754866
2147467524
-260237814
-1252442633
-1055282701
-701555827
-449171858
-872799628
-560683101
1248994907
-1996272965
498073282
1612966716
778089876
530415281
805423325
-1111253437
1400181273
-787310041
-1394623261
-2087593712
-607354850
-318542325
240932803
-692119190
1985026812
-1553277529
1844300085
633143149
981801541
1084899365
-1828712215
-1499368268
-619391975
-516172203
1416575747
-42819149
-1563029321
-202352468
-1107005499
544363876
724599638
-60235377
1434962573
-2000305371
-1907065803
-1697728559
-1381749758
1279310560
-262002703
1843314042
-17204342
-1612071060
435482645
2037810890
1150094334
-599875790
-643051273
573398397
-812705887
-1298697453
1652603073
-698108849
442992461
1082140553
-1622260787
987221698
-211060498
-524356596
-905680330
1014407453
-1212139212
1950377142
-1543376213
520891576
235381892
-1249387991
-1374568826
1625742455
1505567535
2043519920
1055408925
-1162500717
1793701093
1776424868
2012136534
1226895520
-582434965
1014976016
-823188352
-149254454
1163826316
975790487
957111649
-52347038
-56827060
1515674261
1436612235
-327644775
-692025245
-2002966395
928910579
-1994527094
-1118342679
691096994
1553645507
139507581
-2112583091
1018110160
-429058450
1485956201
-930947445
631294395
1445114885
1750466234
-1022856291
225073984
-884937783
-285551531
1765572402
-605966324
2123959040
-164667688
2107373469
729083266
-1300829172
-463709402
434286352
1165742306
-2118310216
1686132002
-352424439
225323686
1898148309
-1780864071
-621494005
-2005128145
-872347131
166285606
-1486131823
-139760735
576074198
1643858801
168739391
-10108406
2103779090
-1158530761
1410348634
915761097
1952180564
1852333745
313199738
1933308717
1754680798
806420206
-683414402
-383247012
571956394
-445184669
496216255
2068345205
1716019902
960381861
-2070109561
-1487451655
638297540
1377060724
-684883516
142524518
-1979267879
-53867269
1571501048
1180267300
-1913531740
1088426325
-2146998669
1017071013
1928690859
-1016952493
728231876
2065399495
385078241
-1786003332
-1101603732
-813962884
138185346
1602151508
1738150613
559864748
-471418077
332251105
307020418
1862289241
1847037188
312486762
-859565434
2084846084
-1340192344
1937519745
1651229498
-1193316785
-440158297
-283491772
-362891478
-616246301
-625750334
-140461601
-800417969
-1492569709
-1748625096
425125716
1248659075
-1394850367
-2024122793
-392745346
-378791887
-1974925056
-45862315
-138098606
-1934426549
778368762
-619042976
-2121691032
1394025089
-122650220
-1167533069
1424271033
1528372911
-1763110321
210604650
-639964758
1129859222
1739537905
1091534296
-1289319351
1107739854
-789967261
-1736896488
324226261
1956074747
-2080733475
-2144365279
-1769402493
1186813246
-1788819905
1826140062
-1642143361
-999645970
-1146721342
969050814
1412212784
-1929496952
7872975
1170003272
-1275985728
1502749411
-653102290
1444796913
206377947
2089130919
-2033955229
-930068239
1139040694
4491520
-7611564
-1325693229
-816657838
-1641800051
-2013755601
597791884
1758811649
1731711902
-725128566
1772807375
-1829862871
-679400801
-1705153077
420065951
745215559
185596878
613732297
-1255953115
-2005875402
-1009764556
277476019
1699351747
-922804559
-383954479
-697461968
-1913297560
-1714449130
-1492987367
690015688
1664862758
-720790676
-2053853281
-1631480191
1665996289
1326194599
-532579824
-829126963
-1473614328
-1025645270
1823177570
1881351587
361451690
569017228
-810202804
-885781013
338937409
-406188642
423721464
1387566878
606373619
1378722989
-622039050
-603855827
2085038522
-840205309
386036084
-226919262
-305811264
-1597435724
-1704755540
454546437
-1537341713
-330655338
1227463580
-412261504
1224164040
-189074544
1107132668
-795264571
-1178090892
17796631
2052122733
1954686255
-2001177320
-796910602
91547630
-680141785
-559749779
836897869
-1124724589
1021822921
902617487
-1420554277
-1861270409
1769952454
-1596089324
-960090497
-1348503566
960491147
1656111711
-1246809861
-1373777401
1418922146
1750565942
-871865605
1791680544
144628312
-2053834606
1286926677
-770387716
1356509344
16698294
671770770
-1173361944
-1820591561
812139139
1686378413
-1505513172
1852142088
1728225033
-1174185190
1159752904
-655094831
-714524063
2107315209
-1921512352
1453033221
-462100551
-419115029
2022739827
-1459696652
41546927
1304585269
-871010093
1817081641
1626692323
-1831402909
1368441937
8009490
602076871
556730431
1047264183
-1419255834
2101335992
-495054750
-1425832198
-1238541886
-338100910
483329787
2019017648
-2022126315
-1246226945
1316636366
1301868479
707047742
-242937135
-151911809
-1066200233
-290741901
1347200146
2065006097
-807791071
-1291183132
-142019048
1874844840
-1738181704
81432351
1263220700
89097878
1179534167
-1755686474
-1892036403
-818975852
1796835028
550281246
-603961246
-214194865
-551291699
2056920282
2064334317
-227590618
-1998343648
333139671
1295778103
-1092542414
-939020640
1223469594
1206165576
-17665914
-790390524
-897405288
924221061
49339063
672308770
-710014620
307939584
-1517055842
1177184094
-492952561
445471755
-1461583268
-1963258788
-1812806069
1376251406
-58748258
1450175484
-363614767
1691653018
407358241
-705650553
168771716
-763629379
1524290936
-949976283
-1729119018
-1082872937
1332886540
-1043434862
-477590422
-1233193939
1297233764
382587153
2033425659
1536177533
-39056473
-510857824
-820976773
2141209553
-1358284194
-1723052948
718826879
-1746232232
-1347974019
1864204935
-1468947239
-1723102734
782121123
-905471785
-1756845690
-91602102
-554915424
1947871825
-930814518
-740403671
186755384
232239463
869417113
-133172215
1029305126
1727183038
-1214213575
-1854409751
-1588235165
-1562320092
-1311555804
1813880159
-435504473
8519361
-384492238
595431667
1971542064
-1790404725
1268975351
-144285271
892616641
-516637441
-1734229655
-49499169
-1028563731
1489563405
859445190
-1321077415
-389288812
-1741920685
1560302004
-338296166
1008687534
372059022
-2049284183
-1143124619
-737631673
-1039682995
-2065000051
2115655906
-1707046710
-754914585
-1908782180
1398971925
-535751295
1077608366
-566538863
432287436
-1063048100
1492922724
217313280
-508385048
1281964784
-48068883
420252675
232214335
-965197118
704005190
-1254399720
2039045040
569426886
1278762165
-1829376695
347135606
-273855710
-597076927
169681805
-584597823
-1820022217
-1189591963
-120839058
1389473922
-1328932384
-204408832
1321688299
-572705914
-1751790084
54219406
-679202913
-617812026
738508073
-1485998435
1251970082
1930035964
1581686995
395665273
-417589074
657789817
842887532
288743977
942068229
1618295861
1742856956
343820703
-1800714862
-1105123800
-1227577892
-301792726
1408158158
-1525685545
-407081027
-946796498
318527717
2082757681
-779284241
1866272279
656470424
880766363
-808183328
-1603629685
55747173
-2020476344
-571747102
-1651099682
-681925916
-1358326578
1505597488
-965576246
-1707270285
120032246
63484978
1939605087
2078251797
-457477933
565412351
-619209416
-23524457
435644949
2030065188
640253935
-1234889740
-236590946
-254256221
-181777710
-2094661382
1722650965
410688318
134489302
-1812501460
-1404473286
603828980
-1925285173
1162717418
-718747461
2130117068
355318225
146563023
-376760507
880954320
1715453194
-1375667110
-1432217571
-1169089956
2041897616
798216399
-523442321
1226398872
-123667543
1271731295
1306300071
-1137767358
1460571193
-723968122
-1971088641
-594748752
-1982722697
2139720372
1847023960
759966229
-1572722717
-1178135761
1793291085
2026690306
-454748041
2135058999
616311173
-221145552
879932700
1816154730
-1535191223
1021176444
-1668430753
1161801577
-284955818
-1284573390
244227172
-2063701060
-1980784141
1685631629
-639353574
457988338
168545348
-299549570
1613781424
-1670812148
648427744
1349279148
-23722681
-1801517029
-787181150
-1057656132
419034856
1285165352
1614267068
-1625929775
-865167177
-217697965
988167953
1374005334
-1426762135
625503806
1657124290
-1132419334
1466031858
641326251
2022837513
-384966148
734219651
-1935062941
72922694
-235255896
-1031639629
-831195559
84717399
782180128
832802555
645653775
-1404517076
1698257247
-1416783000
-306696391
710601625
-1407816069
-1600166517
-2134215521
353156718
-1487189206
871850419
1029205319
508198852
-1542581626
459357790
1948191442
-267704423
1817425940
-912257045
1874512934
1576097951
-1872841214
-226294892
-617666739
205934160
-1013161041
748539292
6303132
-596830139
444772465
1012745924
71290391
570275528
-1288157551
-1295782653
-1767745004
-291705689
778918554
916536181
-2067517411
-828450229
1717283539
1959923090
1774498074
-1697663480
-599231735
843547043
-436673617
-1650510411
961239185
-462090638
-2026214941
413171071
432640652
295551041
-142758655
874096634
-867904916
1166266620
1447322562
-629458056
403812535
-813887567
1932514987
-699850594
-276717045
-1474180289
910722740
1870917171
-817317791
-1645005747
63380010
-2026201541
-1431849835
1286695550
-1618693163
-371589052
-1788400603
-370628382
-1376315299
-196051713
-633813192
-843037265
-1073789463
980549393
299883234
-124946128
303522312
930157867
-573381722
123150332
685187540
553623895
-1541692357
-493425557
-90959788
1006283157
-1705775981
1985461062
-1034594526
-475390554
1593396504
1754791869
833154381
1003922983
-1556989384
-1244497251
-412987264
-8072992
264463395
2063511746
-1490473885
1531326045
-1231272237
-746728247
994088001
1745237182
1666070092
1468012554
-2057981206
-482214965
-667849947
1874433733
-2035346214
-1191762357
540005190
-855813222
-234622822
-75002731
1046850290
13104702
-1412099739
-208372633
-1723588089
-1909767829
-543733745
246260214
-152923772
472282136
-1969650142
-52629947
-269548212
2055670250
2140079946
869928633
-1636360663
1546686185
-2125976334
407194093
2043580435
1818327670
-1632964562
317904323
-915881807
1400259964
262540763
122485435
-1580250593
1779118054
1894273284
-1184589689
-1053334031
40921424
81239943
1269620702
-388725641
258707712
433695991
-1093118576
220632130
1870446871
-1967491132
1192915674
1046920679
-1534289661
-1944390503
-361597189
-753035262
1414265655
1402244101
-1730593274
-971368579
-1662684642
820268636
1114976506
2125512721
1328246860
691732959
647275279
1117706509
711843830
654143258
291516498
1147513430
-1445677660
521310093
-1287917197
-877787730
650410532
-829193586
-186148643
126132280
-1834156095
-1299485587
-1009070841
675545147
-739133771
-978082855
2086425609
-519503066
-1734454053
939184513
-676862862
584794067
-577649496
1869342206
895463256
109234447
1425313628
200542703
-1513883729
1905857626
-1838205324
-1646990235
1190939358
402327786
1911042146
595792769
677588623
1486781174
-2049409921
-41544868
-461482042
-332556496
-1480523200
-1075130586
-1168457931
15663762
-1489358936
1865820305
-224057651
-894848419
-574977283
1019789679
1900864664
-1700806562
1707617214
-1836403815
856164037
-1549025421
1460948691
700474131
736961796
-985639859
-1522566650
1666698861
717779732
1036129910
-1208491343
588251499
-2129205095
1706032533
537594809
-254636568
-1024749006
-2121343248
-1189163334
649146102
-642752565
80789299
1381319811
-461899190
1375011887
70843503
-1805500220
1978057687
-2070693408
248157284
818959622
-995453000
1469907242
-1319236861
-1885434150
1834643026
-2131186827
-825182931
-1119918763
-1656193351
-1262762021
-40408127
-1902868037
539743059
286803194
-811930923
34246521
-21232454
-1832625142
1524916546
1068670808
-325894426
-469427919
1560605798
493332975
306771083
2137560341
-1064616924
1257229657
-1292245824
-890129485
1065745199
-874388952
-661104927
2051046511
-129788024
-450731111
-760631115
2069847915
1852970820
1363814152
-2050700590
-745604069
180069778
1300010662
-1854494913
-722518760
1647830012
-1235590296
1416195675
-998384331
-1781888019
102294082
503567870
2127538640
-468966286
278235285
393565917
-1704257943
249679940
197147621
-293219278
1979708792
-1263175674
-248616754
1220909468
673278586
-191900470
-330033864
-668675261
1390700876
678043353
654270921
1355277375
-250194243
-1171954509
1585852059
-580894918
-1578852770
-504246700
-1227040978
1235723603
738677147
-925871943
-389531232
1544941381
-1475468274
729650593
1288469787
-1899510584
1267751186
1237130136
949832589
-166795721
1375041175
132633136
1877701278
-7672718
882233653
-1928218991
112664543
1228120837
-665893502
-78760908
1913465918
-89366391
-1415859544
-908898837
-947311934
1321861450
-621016527
-1237855452
1801268851
-1112840151
-882636508
-1559681683
-214205543
56535492
1350561366
1119441466
-1852991447
34293203
-2006007303
1454277862
1663528828
-885255467
-1390345608
256447735
-514032318
1751760875
1580518023
-1153059674
508048309
-510586622
304465013
926253981
1618612497
2142124344
1144553156
958269954
-246867902
44627832
720238075
-1259380812
890872031
-53257882
-230332487
-1130429485
1511764567
1809270914
-1696611571
-1097193338
1874288233
101533063
1283017221
925529847
-1572876583
1039726100
-2073872252
1771343778
-1428358560
1246652558
-1997503400
-1536701745
2116498659
1236087363
-1100608885
-706020004
-1813049624
-59978797
1110425081
-1307949632
727660613
1319620555
-1021203677
-1897519796
122509849
-1352007790
849667393
409233842
-764797952
-1044434296
1075687581
-2111329589
-1454389119
2141164395
-958824930
1784307860
-462273333
1066913789
1957202978
-351873671
-857059423
-355328285
221266065
-1551533866
1212234641
-334544944
960532526
-736143942
134322283
929880546
-884472016
60469741
1831108593
550034507
-1616427247
1564743987
213547467
1365755188
-1436676699
-697935662
-978703683
-142740771
-1734796947
-934793390
1045316379
-1852153080
2101968684
-1611746173
-1084268421
1861452951
-245152581
1800388036
-13773140
-92471436
-1679141607
-997211519
133862375
599234224
1221730758
194708733
-444754876
328894702
824542544
757203793
-744777617
-670559486
1345436461
-805473101
-634121317
-1288374060
566788299
-1753327877
-485784395
1350908042
-900025371
-294465437
-1503285539
-1277277210
-470941160
1005644174
1009149201
1569823723
1074101686
1954833355
-1719214805
-905442618
935209944
812461978
-505889267
1132574700
1306386361
242239342
-1028694759
1808491135
866383682
2056581812
1549459175
368905717
-971977504
2101654804
-1373098191
57396475
2136076957
300183030
-1919679470
87217814
-1672574354
-2141098937
-1211211665
1935034764
-365932599
731216508
550455733
230965761
-1199888773
1393632982
-904616764
1218389348
-1022475593
168545255
-533959126
-158971765
1502035569
-2094195371
-793919084
-683650020
2016456684
836517086
1568040064
159189807
-1490348654
-771974244
1026148407
-509978575
270019331
1455500169
-1488341254
2142422027
1853750127
79865156
-1156571013
1526315906
-57129688
-1962023404
917813646
701253344
-895221134
111913517
-1740610784
1260591060
-1558565987
1014179634
-591688601
2038239638
-1475606955
-2113058053
1973683291
-685265074
-1239116232
1361486487
980020836
-1304630090
-1510473047
589966740
-1954886060
-100363011
629343715
1220518269
962387862
-1310647314
-683034287
183230883
734800808
-2050071215
-72985828
-1671778528
233706438
1945837201
1221437700
-1807428327
885473767
-1670672738
-132608910
-1177135806
-2023017236
757006356
8278990
1932286118
-736371689
-316724836
404628750
-566564696
-704449095
-1653393262
1585042831
1617343556
1402348847
-1436130840
-2015464665
-1012963942
2035414030
69999945
1705233018
-108311635
-1501089123
1508535937
-1481802099
-1893901209
-1111921789
-271261413
1999472024
955962080
381968065
1451825739
-363782369
-1415189025
166311905
25699598
2038339395
-306736480
-1085836433
448126095
1381722965
1187633111
1095411624
-1686497076
943170475
-414073612
2042209393
800424313
1039431351
-188313175
-1423204726
1568025380
139037012
509202857
-2089592317
-327785831
28139619
-1721075535
568690670
1144146567
1616566166
-32828725
1706740565
84356963
-1942572661
329387217
-933717650
983152012
586519836
404752688
-1672779507
1240352175
-300676107
1371553006
661644633
-294560916
-852011418
-134014739
208672706
-589063623
698820729
1691599728
1620360498
-1007170426
-1711430585
2127373790
-1640351102
-1901121246
556541319
-509898042
356246575
-698172707
-288837017
767838243
815762765
271459949
-780065378
1575768544
-1091137093
224135829
349070785
156012701
-1333211241
515917443
1238580694
563669171
1991328756
1910534777
1442294566
1249697141
1377517258
-627034448
-108350377
842013881
-1794481619
388082808
314711481
-372654442
-892935998
65547683
-15692064
-1189003922
686468973
508442147
1262484850
695757358
-236741041
-247120910
457666881
1679417556
-53900049
-1772052175
1655731611
-1429487311
1558654390
-1315232620
-825111583
-944853008
-968422240
995652604
-1704316074
1159554006
1669188912
-266680987
-276866504
-56540342
654693285
1652464130
-569226220
-900409832
1997524330
-527626331
-1250168490
-1470820495
1492045010
-1281923996
5862431
544126006
-528618492
-1345023879
-652632485
1631936885
-1152865485
-1457251734
1958315281
-1677330637
-971080174
-1293448855
-615508740
-393319573
-112378745
873863676
-403876773
1410419030
-750425442
-725313312
-62165499
31154413
774278080
1234536491
-702752321
994470571
-102697693
-1843137872
-1264306735
-884235369
1031656324
-1816292954
1660397015
668312961
-1913300972
669460619
-1088763180
1461780363
-1828306769
-126862523
1161275532
-1771089173
1778462547
2005500555
-504361966
-246876178
-1632795441
732152450
-1941551201
-507154625
-493571398
-1961695318
-1338681435
-351067287
-1369687898
214666747
1677575459
-604291431
245743766
-1873848757
1823332666
-5859160
963645100
557755890
-1077873152
867500377
1365948454
-1723011921
286992532
1678273246
1297733003
398322893
56838258
-759580511
566633505
1851949441
1041184776
1573205568
-1911993695
-478449770
1436228233
1884879576
-1030933203
1145097291
-2137156864
-879772539
672185473
-1488591237
1157128359
-435759063
-30208919
919608830
-326767495
1667666285
631930226
1538870607
-845571067
1893715717
-6105628
-2315922
-2102264444
-1978476745
-754309650
-711508984
-1692851923
-284766051
290632483
2127780820
1025553352
-1877865688
1101244197
-1817655489
-1754485119
1410291049
1658418591
1292977482
-493309954
-801316341
-2058211976
-2050232141
1957778099
65372579
-191813308
-930639534
-172223372
-1531104084
-108473602
-787568698
-451042485
2145802700
1880125172
-1263136944
743941003
1730477148
-1208540670
1861835262
-1584119003
-702937305
59025154
-801223925
-586731975
-1195876496
1833658242
1751847813
881899760
-1899877319
1295444920
-2087635664
-1165405560
540855746
-469969486
1453928362
-1133996624
1756252495
63298513
460938191
89950741
-1562432210
-263752073
-947611298
2098916156
285749496
1323185407
-662457636
360679570
1577260566
-473698835
464952248
656937664
663391367
-1283703194
2055793839
-1083250108
1343037407
1380256994
2027373170
774619965
1280536722
234881823
-707173755
-1598410107
1853504882
-1125829800
1921993321
1731426308
-1463484042
1402887350
1842187517
-775284157
-539612740
-1418886393
552051232
1812670271
1629890512
-1141322323
113052827
-743297409
-1335696338
-679419432
1943566910
-302364568
-1594534651
-2098844681
-1617018296
-769147184
-1602011843
1345637483
-1233525237
933964496
-2145429573
-1447683203
1238398928
2063080414
-1137020189
-402524014
1584925687
-1690919910
-745783202
-25601891
-472737694
-1114102297
1129504028
-768161836
1991042580
1854791357
397694364
924373669
-773293804
-1096340676
167619179
274041323
771854999
-2051215227
137304297
491099741
1844490589
746526405
-503468974
856198982
1442395227
-809557742
594434812
-1618245510
233636761
-349442439
-860933155
-40498296
-427334819
-673187753
1310154832
454094892
788485513
-1083923993
-1367409128
-1375877113
-283890367
1927441692
95163812
1489818001
-1998767920
962537649
-56479596
120235598
-1227905589
-865571971
376853628
-2009196481
-1946418313
-1583746805
1713464806
-1109265765
817301351
1582607210
-1796786275
-118648386
318208105
318021184
-913782232
-1806006687
1374512035
421582629
-287539308
1933883403
-571146248
1051858733
-523286665
1134934727
1263133615
694288838
1165887280
-662483945
-989499306
-1874991931
-314129805
1297361704
557684964
1408593338
-458930172
551403590
1825007133
-2016485237
1437034178
-218085486
-1619862214
-678452416
-1727992090
-435260687
-1362350904
742470427
-1735916659
-592922809
801653712
531093227
-630816653
1742977252
-712952009
1707188897
768964608
1778682686
-1366746776
1509531683
1006898568
1603581920
1101015087
-333172384
-233099313
1178288290
-268077848
756481955
1482946506
99029274
224881368
889195564
2125377452
-1733651630
1307301850
1673836028
2071250464
1735351226
-937600195
1995098352
1645228498
413409376
1023827692
1578822161
-1593374413
-2122944674
1923088079
1751971114
-2079174019
1565317266
-1640136079
2124685209
-93106187
-1454539116
2080591075
-628493206
563793007
-33013020
939681503
-1762361951
307899415
1864040803
-1686108369
-1342886186
-1274133139
2065272580
-2021474993
-1938594553
-776976751
-2073399357
188031569
-78737495
-927388992
1902409685
-481807360
189880064
495485982
772328480
-713179576
1073763248
1153932725
1333261805
-1155172651
585378707
-2125579843
1878523355
-1663193351
-359127093
-761368547
-1655913962
-1684881454
333682715
1566667057
1904409545
-2067360597
380999538
1034367182
-345921584
2094790562
1849689544
1581727106
-1900230990
-1481145205
-1578644691
1373718560
-1457543218
-792566252
-645023713
-1797251206
737424339
-713473751
1544853275
1825186928
1974463093
-1284246887
-2009185418
1683388969
-1494841507
712573689
-549267092
1299084960
-106069408
-1627786040
1663193977
-1632168094
-1329930509
1870909652
971122919
-642351467
-77791522
42046683
1877852584
-1788494788
-217027536
392456308
535417701
2134861752
710135410
689945647
-759694378
-1763717743
564756255
505788155
-932631468
-1907116682
314143058
-302869048
263371435
1333724290
-2122489663
66838893
-161273035
1842659264
-1014203414
-708665654
-544143325
-953273615
2101017995
-1676288719
-317760995
-819511412
-157980330
1216694017
-27748850
1111627781
377905125
1842976916
953816120
427092818
-202293781
-815586982
-644389746
535315626
-495256916
-179522747
1203639362
466953103
-27395666
1847829608
-399001445
-320991218
-952319056
632014554
-992914676
-1238454459
-793584933
1763736288
-1016307070
1164024869
-543023561
796016458
-1944111619
-1864071047
-1741787040
186803229
-848341918
-846271961
-1052732040
-1319845006
-718664306
731887796
-494633889
1221174429
1342998702
2073755405
-530159839
703606160
-475143219
-2084027005
701867696
1902380673
-2110572370
-1415636969
-188031534
-1238428725
662608603
1400843511
66781020
2001889809
-788045059
-119148728
285178784
-425205591
899373934
1915449894
2110738723
-1134565834
506307084
-1527967768
-1779698541
-1133151338
1842434896
804010408
-698334217
-1196656385
1649103518
1754020609
1256126760
-1404272284
1904722910
-1652427238
-1590603905
1158498333
1207241290
-403383325
-1442983729
-590410554
-913350519
-1837063010
1375370645
-872124058
-528130563
-1501852511
-534985619
-1285484845
974060888
-337831591
1468857544
649227093
-1986660235
1130211986
373971164
687814537
1290243429
-316187660
919044827
1969419656
1997865159
-51053872
1519868263
1322937928
-1943441061
-419163108
-1983611068
-711485119
456184025
-200581444
-454708657
-524690861
-1082845697
1169622531
1655446958
1907472870
-762053656
1832949880
-2084037816
-1050313901
1080091300
-221208868
1423186039
144586114
-794057468
1521753963
-1262710276
-1013231149
591296437
-2058317470
1377262387
-1239116479
1156720015
-865794879
1246471303
810620869
-2099692241
332366418
-1651542745
1992019447
393741250
-2114328599
-1982428167
289704187
-1224195805
-1669217044
1343871950
-1677291366
1747269928
-1125975275
1511921367
1696349103
-1624414663
-551213194
1314061656
693709508
829212961
-1643636803
1925997467
144378107
1929110056
892063673
452010790
-638912718
208447329
-831200484
2089511727
1319634274
-1121973185
1823876994
-1549196209
1687510599
431222382
-290127182
-1200465034
-148043450
1017281504
-349316830
34007071
1799513738
2133419557
1288855744
349422020
1930283375
1797289727
1687411695
753121427
1718408483
-1060349387
-1389920049
-1934195360
700022666
1328787623
1154715841
-1033607971
-950804894
2001322146
-2038963159
1317253641
-1021762905
329471861
-2136150410
1705587686
2110023225
-1935691708
-301957538
1840452206
1323052987
-1791462373
-469254546
-1499879737
144298173
877209413
-1804453439
-763323723
-2140798436
-1169188898
465692943
225839951
978870952
1236017575
-1593275415
-1309367563
484293640
-259925223
-1454714302
-1357324671
-444386854
-1664876612
-332522959
399045051
656588574
-1644221512
-1499609612
-1575878894
-1232099884
-96322388
392261175
-218851703
1269282018
-1384911938
-1049791338
-939151377
-1684502469
1772057842
1145813600
-1528261550
-1938413762
-1668030529
479362974
-1577489739
1009952091
819379423
-1187271085
1254579200
870099196
-1633391258
-686877180
1366852151
772078753
-1429911786
-1787405446
-685697297
-1568043443
1973430769
-801529658
2075825404
-989429472
-496477426
-737138300
-1711357585
-1542179515
-1647462224
-522158236
2134233023
-1736218099
846437268
1077926630
71701829
-1825120676
1222900105
695784548
1330053101
407638851
-570843834
-1436704427
1254114346
-1120201490
1863681911
1168794063
1423537706
-676368960
-1272918760
-1593818547
206406219
576366524
-308443386
768243122
-432490292
-2044526554
1444849363
770329485
1175412935
-417910423
1135068377
1326966430
1131808350
-407210181
-1544340591
-1699129447
-1349257163
-2000015106
-5364699
-339075031
-2012501985
-2117024151
698288195
227107383
273408795
770683495
1487232307
608517995
-1381493631
444913727
600644651
-503436046
1054148728
955090676
-1080882206
587546498
-1890917974
-1679044882
-668233886
-10177637
1105475131
-1705439783
1869024802
-988662258
-685930506
1713034444
-1964226221
283029698
2044169161
1040026798
573715066
-1055940683
-458099597
-1653965611
1344804670
1892299329
-784616325
1411717103
471086722
-1086800736
76606307
-1936346331
1428034230
-858309198
-1311903203
652610429
-1384442518
215743741
-985515330
-996786817
42555428
75334900
-490408079
-1586031845
663594610
-1775796869
-784810835
1046531017
-2037969599
-2017187158
-2073390422
-1379155214
-19166352
-1722248239
2018257424
1692571790
-372852832
-2003986757
340797425
318488589
-2119405747
379611959
-22364935
-1746757254
-788602078
-1529259309
-995623964
-1925809954
411604104
1481617642
-630414545
1789411298
1893734527
1286481633
2022526482
1850043831
-2133544015
253448365
1144209580
-1685468870
134226884
178113943
1715815296
870254930
-761583121
1720467779
-495042017
-2084298852
1735895759
34953454
-1211981529
659294538
1809610619
636248310
-492798101
-1992406456
-1339288619
1793797791
-2131339661
1210152607
218172963
1782735379
-2055295450
-300257762
1879030749
-1914878806
179754949
2047946294
-1958318136
-970012820
25289755
875978277
-1218282173
-906926637
-1069004558
739440983
2135006432
-1665404716
-1637357111
754826248
-1795389898
1995015712
80705475
1969763885
1053872884
1551054758
450583777
-1204836204
-1569882311
222177116
-717642125
-214167478
1125554979
-666297537
-1090673973
645530684
-228982362
-665793128
1650665012
-2015213280
-732419938
1546812799
-95638750
789331861
-1119789530
-1681357916
-1098464854
2062979208
1993934634
1131736909
244220468
1770240986
-1613384902
21655450
1346369390
1608412479
487463329
-956035824
346862467
1205058409
449860534
1476425556
-55966580
-1771063964
-1799231375
1920854838
-1683391418
-1643453885
1232895296
731903217
-513425659
800954108
-33275877
781750960
1025035752
-535279984
1903320789
2095217492
110116942
2135830638
1543446453
403869044
-976805752
1609699609
591163205
-240997723
-1477156913
-1489323768
2030761833
1786282746
-59239048
12561868
551621554
655299790
-1811874458
-67356296
1755068148
-1638800192
-1545147969
99191868
613062165
1822765566
-1504830495
853988435
-354145240
2055645894
275953815
-550473697
-288920647
-1830394582
-1833251961
-325738863
-683724438
1091575827
-1927246353
355357134
-1189295170
620302471
225305744
1388906511
2076847156
1330036526
-690140951
-1008546104
1189451159
1487387154
-616328792
796513292
-1850123372
-2107695451
673795677
1663904303
1404536716
1013989384
2104601200
421700012
-11897173
1894247818
-1432876203
-145367735
197707065
798301550
-93528579
243401848
560732976
307953648
-1496496241
638171136
-1878020595
2086846090
-1118261929
576138460
-1066103829
-1106023565
1994541054
375951715
1159136204
18539879
-1534315012
-1512365912
612482874
-2093304915
308068681
1963558947
-792698610
808984150
519425114
-1762098288
-144917105
-1149303102
102865483
1863766807
946798526
1425753192
-1486395816
-175902804
-1023782929
1654950357
-837976431
-102555208
-2041262181
-176876044
68539854
150396408
-453837196
759412112
-786612001
1184533669
-1176773446
1602083095
1876218632
-1905320235
-1064542515
-1857633631
-1269822036
-739174879
-1939470846
-364048337
970577735
1022681734
-768757063
-218618313
1403874721
703642256
-1059257426
983776864
2014299968
206131636
140105359
-239853943
1947801629
-297201410
1238154703
-474498033
524643739
817870315
1871216570
1603227471
736007604
-1446872169
-1895697720
324836201
868271477
-857525733
-814167243
-947622329
320778923
1236723760
-2132333104
-1811243811
-872344354
-269808873
1373051923
-2047148111
-2004303490
582099133
-182841997
1405563806
1320802140
-1774223335
-1420801543
1605968596
-1173770917
-73684007
-51193326
-887711198
-1404012441
126956348
-1989402718
865234551
-1403331420
1930181953
-2080871330
325842597
1399250410
474292737
952707418
-614081176
798679921
-491735463
-1988467743
952733607
1195164360
-1439224373
-1869360252
-1858286855
-1973811700
-1092831579
-1244942987
1451429994
233955669
-1760218013
827513109
899481469
-1480291469
1387183185
-522757686
1532222837
603123161
-724256652
241369622
-1537225520
-1059790887
-1553476438
1560921061
-449087213
1092313361
-620422640
180105765
-576701747
-877164763
936959139
2127038363
-2116945963
55972526
100687657
718915316
680674261
2009784177
2064077137
-437270502
-1006205684
-2117688365
-1556313063
2128627401
2119508302
535081868
1936437359
-2078718367
209319760
-490358373
1480559643
1901747965
2064820258
-406348423
-1838454565
932562883
-1779993348
1312425872
-546353
-1742261635
-872565444
754071790
1911577367
409226345
1397565615
2098735669
276469690
2121529420
-1862161905
-1909316138
1883236809
1100387788
1908868556
-1240247938
426576067
534440447
1899297038
279239375
1014209083
-153060034
-598893317
1053342547
-241903432
-167673281
828424757
1410353069
-1875557157
-2092197278
-204799834
670039569
-1202207545
-1957688501
1949269887
1539131381
-2053057092
323566000
-902317699
-497409272
-433540091
2124184947
-338378387
742253923
846044436
429695731
-1817064718
969511166
1160089579
-991777378
-1388315770
1640589924
1942040508
-2083016758
-1396717634
703383210
-781734701
-1083978811
-2060689199
-300399459
541972403
543404586
-1993214374
-2130320070
784908927
1841770870
664784988
1609152354
681481372
491825882
458458503
1795754702
-1742834541
-1659469742
-760557127
1906138687
-2018333637
1952763893
-950153018
-818184966
-366056682
1974407310
-2055495300
529170291
1212861179
1848009580
-1017137951
-509762744
-1294140683
864202614
1024871870
838807152
1300870251
584702338
-670370720
1755959732
-78094720
625061350
-1069292899
-99533219
-3505220
95309646
-753292267
-13507794
-633176597
1212694223
1686808249
-72678252
2026798149
328356156
-1606559855
157656091
-1189394482
-127326792
-566138951
1652419364
1285843456
879423884
-372447828
726404309
-1636984410
871347514
-1643129148
1791284048
-1762946550
-1163448622
1452891393
-835105754
-1132414894
-445440637
1986917641
1509967885
-2041302234
-1301697932
-156462993
-1442078255
-91203434
2119502548
1140101175
1058439304
981440059
-557666513
886203289
1446578441
751646619
-301624317
462475013
1954624158
1788980945
-659257453
-1356259481
-1644711176
900219757
-1419347718
300731819
-898419357
-175748199
-1057217406
-1389930877
-1307881158
1495946108
384282934
127879783
1377825692
769382114
1524110261
-2050369059
1510027359
-1587908324
-180925879
99901946
-24203708
1877321508
860341815
752598312
-169532820
1358213125
597595736
-1604232152
-1297903861
1341644665
-1384306968
1250585434
2025404762
133404371
-261707107
2130020412
-548893998
2069815327
1786413307
-1263023312
-2093330026
1806571399
-1294062106
-1369822847
-2015357904
932464375
-2028554632
-574852185
1840999552
-628353020
1473935124
-1842121782
1584111088
1172537353
-1730033989
-796135292
1596054252
-241988973
-1731331171
1593087979
-1408242287
-740301314
665036019
-1637017906
-2041825372
1884296799
2093878795
-797384643
-438223419
189690532
-1636868444
-1229428402
711864803
1440174074
-1809716101
1794366750
555823346
-966459538
1417974309
2102299926
-1909774373
-403996202
406134559
-200629905
358126516
-410970638
1534670115
-1732719113
-1871081168
-1283521331
-1157159236
-98037996
-34148519
-709341079
895855388
-584731895
-1919338116
2082089114
2054322989
811479928
2019683427
-1444656590
1930243045
1840489255
1101417161
2112203870
1021630942
493270022
1855882506
-1442045873
2134669861
-1447323280
1435707418
1549518620
1449321553
479480497
972949431
-884112922
-1982273065
-1072830008
-829220894
-1780367300
1441861277
-137932179
1819863434
346509505
-1705396532
1314067796
-817906038
1523324940
-1531191830
1907844019
446785750
-414723633
1319480103
1191358210
-117217040
881803322
-1852213514
-266075903
324534175
1665166753
-1332800033
1956794367
1133651683
2024539
1555987603
364794712
766223907
1505820909
-647491264
1430166590
1333507496
1555939944
-1195360730
-2082605380
-1198529202
-2143503089
-798418582
-1253026056
270547576
-692055236
-12700118
743626424
592623940
-501573501
769913553
1702856486
680643839
-1006468329
147642539
-1813636393
687621083
-523022484
-1837309765
-1560892407
2116866527
-31999458
821801420
643572524
604131102
1822356497
-287036475
1312293283
1391535403
1684960472
-1869556671
1158255819
-1292263477
-2112614566
-305530785
-660155077
-1327098644
1458711730
-514615339
156071501
-2110842922
1666863447
-1895404213
-449386019
252914592
669536380
-805263386
-863871920
-514676508
1976750521
674245154
-185340712
-539505995
-636744469
-1170120220
1731765749
-945940783
660070487
-1944384049
475200062
665556243
1579853077
-138378282
-1043609247
203524650
-1065982549
267996433
-1434439321
1385277839
-373138697
-692704556
-1062948804
-484445516
-1824337070
-2112300803
-535144082
1036561785
-295311374
1703223694
-826596299
614808035
-2002017136
-344517253
1326355890
-763255025
-1343847094
-62685501
1227377531
2076198244
-1469354294
581230532
1099311703
-1649956857
1971750054
977834955
-690211515
1628096915
-637763063
-877337366
-1843900221
-2013116407
-659130221
-719705330
1204319820
-1368855547
-953149058
1580091472
-1280173023
826076979
-1038160639
659756683
-284043956
-1389709824
2068519928
792566318
1139174881
2006773908
1006153668
-413331886
-1944385657
-1158064386
332033135
1268653582
1721236022
1701868721
1593157908
-820519158
-1099268799
87701294
-1708078467
569729362
1445944471
343946242
1161577485
1187506284
-1322435003
1708251635
-394247456
-1684332116
131021886
386793846
490170160
1457908677
563664478
527470691
1279340538
1191674787
2134409388
-1658182421
742194401
1034562168
657347039
315816905
1983433297
-1537107691
1917883939
-597064265
-817034265
107795578
683690524
161505315
657541391
2045261743
679199274
927376674
1315659758
1781909205
1021182447
-556743004
-193621374
1395597175
373131277
1085761769
-1521106424
303405605
-893021644
-1614483405
1893891229
-211127997
-1848566437
-4082243
983089448
220332318
-1581308340
1014634475
28286326
-1874692801
564915814
-971449918
-599455066
-315656444
-453818210
8619417
-1471042618
535409003
1377579718
-2079471856
1070027454
-2036187599
437141266
-642518975
353922924
-496021477
-1284140586
-1017373130
-1331376880
-1057968494
1631745940
1688252570
1751794154
-1819814283
-1635920074
1503529138
-1877068511
1051776042
1568408727
-764886131
582950631
1598434038
-1593067705
1920000890
-973379879
-448045681
-1680397937
-26633031
-440580949
-914428946
17408946
-929777290
1224836868
1974327912
1504442230
1976289522
-753310554
886052351
-1739673630
-997159421
1943387089
2023115253
1623259464
-971939650
-2011405335
-1685652830
1744799109
-1096452239
-246516394
-1169032825
1366749318
588270295
-286217301
1507755682
-1503041265
-786790010
-1451932151
1930015491
452960695
1476546220
1629030853
-1638934370
-1232515530
2133561338
1052461896
32848739
-1846431517
43316959
-525131465
837756811
1823538295
-198928135
1495410131
-753917643
231443990
1243825096
-2140706143
-804325072
1073496976
-982233180
861635148
-1607869670
-1237880349
-1602015760
1814611146
832809129
-1937227772
-239130992
-1675546178
-1083492792
-1323144738
-1659832169
1730516253
1176583397
-694243430
1312641605
-465055213
-1700063991
-1292339935
-1377676240
-41125849
-791834840
323442142
-1293052992
5113501
-1137935046
-1969770296
776687839
453411355
-960446070
1458663583
-43592975
2053783694
379582157
583832693
1830756610
822677326
1460536693
-282641297
1901234494
-1336338561
1333934663
459882188
1347857317
-1704909638
2077143594
-662861530
349830142
1047409133
-600690878
-1941319176
-1895370996
1939497087
1342810941
-1238278560
1720731391
1739177399
-1286063380
-1126703067
-305056979
-1306297762
733026069
-316297222
832780033
-1059817310
762896007
-1696667645
-2059989965
-565029828
-1271896723
1211310745
1415377977
1659128021
1892460007
-2084314806
-595841795
1990826661
-1522227754
-1745100765
71335119
1865114973
1840735735
-2089690832
-1895822948
-1392380601
320417331
347438147
2051731296
-1105981782
41470772
-2071093516
1161382360
-528955534
1273139515
-459609879
-115104388
661313296
1441806384
230850647
96275372
-247037793
1282532602
234388168
-834331095
-243696825
-628231152
272242206
1174140358
1306426598
-260417200
1208221143
1181268062
-1703654676
-1278498545
-74375022
-1382082040
1660581254
-1534910864
-1846355503
-1933623927
1576804606
1774596857
-1009028097
850307082
-361528991
1690278755
872433333
331365386
-1900614559
-271401552
-964102856
267153301
1862968701
1095234691
-766144186
1973039541
440453214
69809067
-2093111791
437007145
1031992708
1970004480
-2046398581
-1316125100
1408738593
-671220622
-303119900
598985336
-441498555
1561974366
-2070715056
1253856803
1902346298
-1062925533
-1210652147
1936528617
1616208945
949253365
-1163642716
339283026
-113431267
1805139184
1293116014
-906773482
-385288226
-1141876624
-487819687
1700646279
-1001017950
-1334114401
1828478444
445171278
-1654664568
-585881265
241960584
146190937
367008389
-1519028215
864705263
-499779308
-48109429
808780901
1199427850
1997066710
-1092609049
192970907
576360422
-30733411
2035732458
1745432922
-177835521
-683664386
918483403
-2122475560
941909953
-56710826
1515376843
1009461545
-363528629
-884079547
290000026
775136980
1840385653
652035165
1730512377
224849059
-1844979692
1229126677
1083585952
-1165277253
-5370500
-294668285
-485749407
485206763
-1954049210
-1624457910
530466700
-2036050872
-992479150
-92030128
-1480013675
278640633
346679823
1199793332
1484551924
-39926706
1886529785
-838851713
1577233740
-873147625
307151203
1664048280
1470311119
-852435917
150637686
-504433027
386803168
1514847590
747191673
-2056120528
595748089
-1889227920
192970578
455560558
-708738610
-1001512870
1780934219
-46425818
509786802
639032082
-1406551527
-1251932375
-432605638
806995002
-213459942
-290008035
1853283615
-1592734660
1689800158
421284535
1050553960
-1740630367
653466601
1595330856
-2040155704
148375203
-1977372491
-1794713129
-2055246780
-1147993856
-68299779
-873551023
-1899037928
-779290864
-224994760
-1630981251
-1005438757
-1533014247
-1188771741
111041044
1066176737
175308258
-848990205
308643407
