297633301
1911192450
69650477
-925037745
-594360999
-683642078
312008068
-1662443198
615791408
838013515
-555248478
882665693
-943781015
-1070169885
-1107549688
1820569246
-2101200687
482146775
-1633534410
-306716701
-736818162
-1429009569
-1443063128
-1988686128
-1020488790
-406251642
-1466486270
-1108389770
-1346334350
1817565417
2035410825
-1168713423
-1648269055
-2129268802
1544628693
-197199023
1369826199
1762179864
382307524
-557454341
1102109998
-1674902936
-1688826190
1613066833
-2109985073
-1890307257
-824443674
1767564496
-1776850399
-847038607
460630862
1753684218
1977498178
-837540076
837317487
-412407500
1259568601
1529371467
-1370575210
1582380272
-1291096469
-2011257628
2132909907
1459519246
-478123794
831630185
-40206809
1295945343
-1806488677
321828958
-1888150148
292369707
145792264
2081911494
-1732945707
-1218469611
853831797
614813420
385336133
-1620386885
-1967047835
948811359
-897955547
-632792126
1811665008
718416957
-1700742912
-511734574
1767961431
-1109921356
1736730578
1459974591
11123289
-172560698
-1487051662
-1775123224
572797124
-1786256565
-1467552181
1480276708
-2069164338
-1099553732
-1362615470
1835191130
1254136484
953772333
799349043
-1676663761
-296876349
-1864339941
1829492173
-2036356377
784982407
966618472
-1963730208
432320580
513632769
1456584226
-490850043
1852357171
-1043735027
535159435
-510698018
1427834856
-1504963166
1230009045
-1128590963
1823585351
-1211236501
-846933971
-68266135
-739239291
1629147799
1470168058
2068456943
1025270031
-3929620
-2001703066
-2091046410
-1800909142
1051884578
683601692
-921040602
397397467
742401390
-413247661
667604906
-699284856
-1255377316
-1209097205
970568996
1192105439
-1870251039
-1255687785
1448199393
-39969674
-423398224
827896154
393934157
1735047858
-118446132
-1782010155
1311132329
-468325523
2036764766
-1612611360
-60317446
-809268013
-284282168
-1769172169
-1395320508
1764202380
2083041017
833549368
-1204574728
-1793186785
1796301826
423195370
-33854806
-1359748459
2076588265
1426987329
1670767366
231467100
-1385488707
-2092136801
1977812228
117045358
347807722
-1280643426
-1749953958
-1191794254
-1129672498
-459685876
-1045689038
889524130
-425511541
508311606
1945895965
-185087699
-1392742114
1486906985
-1024546490
1493015006
-908144208
-813341771
2101569770
-46403268
1742966316
1042727668
536769287
-2105539468
-1917466351
135298314
1739156563
1052073525
604286089
-2131829395
-851854737
-1420097317
1383248825
-339594521
-1936531620
807319247
505394521
429279386
386832430
-1739092692
-936344697
-1303778491
618377982
-2121239386
1838167256
-1745682748
1067438116
-370404185
945056432
-1288706083
1591181990
-1523917638
-1103661
75451961
1983087594
2025701420
1156452923
-1866237265
250146483
1758889968
-525328597
-1515792952
-908741302
-200220989
-1233641340
-907326849
146392827
-1755481200
-221010858
1040617800
-1143433021
-1702162924
-2051862599
1191814995
643695942
1566495173
738787806
686945809
1109178374
-806819088
-1936436128
174518006
-1578395694
2094985760
836324575
1389305729
1548412027
1149850054
-293350449
148111737
-1387201587
813062678
-222968691
1797000056
-630588995
1576021806
1432464051
1400292780
594847710
-43977347
1979941036
-701569316
-1770360806
-1851596702
-1777450102
670219689
-991476067
-1712322797
-1484885994
-721196522
771866388
1845502912
745454888
811576138
-1313685225
2082513143
1401792313
296174995
1001361378
519412041
1143447862
952124590
-1190127285
-1705464530
-480051562
1058512453
747028464
1454691109
-1333269842
-471140168
-1492249425
1720485407
-1459617469
-1012819424
255079258
-1530268131
1264475233
1981203344
-277694805
307175191
-1267061910
1964506269
662534005
1882581536
-1347213455
-1619127520
-194933988
-1198605114
1025013960
1181733690
-1561250489
-76670274
715121111
1305066391
-1366245165
536886721
-1574681809
1721119223
-2025622518
325306288
163564766
-281674774
-1407773676
1736110846
-393776892
-1198456870
-704664659
1291117902
603089830
1050907214
840730904
331810906
1670509505
-1120087188
-327506094
-26702569
-1771411038
-1543053120
-856164725
-1532986090
-394226060
-12984517
1512978385
1960377901
893571354
1894195581
-1048354802
217099350
-2053170113
-774246826
-1024936396
1068314070
471110058
-991974518
-1582227274
679503265
924823254
-1138659116
-444967367
-830216196
541480641
-1303034067
-1112808053
-1885039260
2097257732
959289421
-1966454572
137527214
-1542410717
1339134577
1242265610
-140018321
111241510
-1886288801
-193089878
-205975651
1852866152
-1095338585
-622307164
-1527743114
-506714194
1635548970
1570396822
105794208
-1182675589
-734287904
1121462589
1378642833
-1133498975
1069238741
1120887847
736418864
-1644374245
-35110029
-65214547
1442348220
-784003302
-102336249
1934461472
701257965
1607431005
788163197
26277954
-1093550760
151317957
-1638932114
1582916856
-1924153577
-452145880
544144220
1679425596
-1823794776
-1290725532
478221371
-1392416424
-227309803
-844273481
-241478349
-122908592
1657534037
-107219890
1163717540
-90064225
288703474
936999451
1133194346
841654054
-648455957
-558742037
1949706081
1780469089
-1443965989
968330167
1033137963
-1717120037
388735066
549303609
-2073224912
-385361436
465510562
2130277570
-2049754650
1591124096
588434805
-564481718
-681156270
754327201
706375742
1168220104
478141389
700263577
-320119946
849059268
384613131
-621415735
954484041
716874025
894495577
-1378283618
-73029512
1276334431
273668389
-742348610
280285056
-721740391
-1638176061
2120145789
279047676
-1304370069
2094158446
1392918677
254536775
-1869610850
2292876
1246394134
-1067267739
-2043228345
-868704715
1797909147
-2123122909
1552352022
1187784694
-162445122
1054364796
-1936238357
243998929
1780242893
-917198275
-1080852050
-794645112
33501373
1673907692
-1203743393
-362985446
-549591458
-679653658
-148397205
-1838814323
1149785040
973328838
-1103088574
623622126
1299349557
2011135501
-1189359579
1041060502
1427748263
1117856255
-185704636
-1549564242
265384300
-414895925
-849447161
-1661539852
-508386456
-215744786
1631643819
-270235202
-1701121838
729735384
979772689
-1162746817
-825168342
-596766770
1589217746
1141944840
224232554
-1311934190
-1671435370
836191185
964294011
1443158850
-1081871962
-809863046
-25873430
-915810819
-2074863938
-391999668
1550483931
2143342540
-1684053209
1862556291
-2092004547
-1437870530
1773876229
-818113008
-394825921
-366683052
1194173421
1384343194
-1139315455
-627901665
-834836294
-1108720442
-1754716274
1004574887
289487521
657905847
-1798851318
-281896689
-1332340607
1704036824
-1612976857
-1187054090
2110061951
640075480
11250397
-691824609
1356192722
1631996406
938407258
-1467764909
-1504251685
326884734
-1327872970
396215429
-1786984840
-607034222
-2083761430
746115639
1328575896
-1658704851
692139906
-1399148771
371654162
-396113819
609464466
1420785407
108382130
-1186397713
590405222
1982078435
-305815403
-1578657816
426892156
-785084054
1434897590
-1655580206
1603397686
-2022699910
-73532728
1621188060
-756081205
-306413283
-1523895739
-1509927067
1714347134
-234079064
663293638
-636268094
431909139
914827807
-155984747
301814591
851144061
337336023
-1825740160
-883643292
-216575781
1870568797
-43277073
-1073809544
2072222373
-672818538
1596804665
-498135990
-1109076702
1414680871
1961977906
975694894
283943709
-979427562
-796712184
-158078394
-1840055081
-292492879
-900373169
946836482
-802043841
1116054446
797327705
1186733545
1518682208
755143059
1326705611
1814386840
-955850726
-625479592
-1353578644
1535341067
851428372
-842669494
910645824
-689895653
1896527857
-43465167
159989717
1712474439
1586324161
-1695458123
-1918145317
661798070
1798522553
625958909
1068488698
1797739132
-2018736089
1874555288
1028381664
-1751063780
-1801605217
24609440
546629272
1360219469
181197690
2053839388
-638039518
-1915699967
1466700928
-724361818
-981007809
-222765406
-848840220
-1248657331
-1076395125
-707132770
-1080346512
-315655236
944564177
-1375570651
2000519424
-1587988581
2075397018
-1666642383
419033652
-999292108
-669224697
-2139079226
-247355040
-607287975
47971296
2054625402
145518279
422610565
-519447828
-1457510344
-1157648119
1435515201
-1699859838
-1079114432
2045068249
238101705
-1364632480
-231605391
-20785678
-2041866769
-1708207942
-389464118
1086214731
707639870
-270725994
992573998
1275764873
851560801
1631390038
-1782208665
156989620
-469573434
118036886
-1781491860
-2028585427
208762238
-96190665
-1577939994
79762911
1094877286
1059606204
1323023088
-342840395
-1324169077
-595430444
20298270
-938976437
-275124278
1400564535
-2045635135
-140005401
1450124727
775816629
-669738904
-35950678
732669120
80332939
-1904474456
-1273518590
-1118478959
-1216037128
-602647776
-580689566
-1170312008
477614351
726240951
351672373
-592677236
1867396046
1782782247
-720246513
853828939
1255917168
-496839233
507849253
333907330
773550335
-369334172
2062613503
-579138383
-1013163988
164937432
244962155
-1705437650
-1704068510
37382718
-1620955468
1848083017
1476954648
-376730403
291432980
1328718768
-726656666
-536453084
1383589734
-38805739
346450651
1192072941
-511771361
69247245
-1050117235
1289363461
-950902658
-1235988933
343022192
-181924628
1417608962
-623472211
299049195
-1677418280
1143634716
-813060731
1367810216
-1916810241
-44842970
1409462747
1413061291
-2040293610
-1191943789
-1657291294
-1204939866
1345864468
-176408218
1013886793
1722063242
-469491397
700709352
-1453530141
-1501000095
992110424
1646962324
-1152454263
-1614754726
-746814392
-715315114
154761279
1347778341
-601507650
2055631092
1661104789
-485421439
1192294468
-476454452
1633986639
864523794
-44738945
-1420760641
1271211847
-1631066505
536183990
1922043501
1449977490
-408388708
1264788372
-210316126
-300484638
1658999883
-130093779
211893263
2045111082
390182665
1281555262
-1135033796
-1462155129
1516105759
2085924280
-320986947
503727198
1606835446
-2096106113
1070873251
-1654320703
1889818792
-1124726930
-93852363
-600410346
699850194
1724234654
89634784
-769947398
1451618735
858004712
247033707
87273314
1207512162
-325063513
512454766
1513314563
-346164590
1199775426
-301857532
-1549270796
1386165308
-1166962199
-1822887489
-1748735344
-935738173
251955230
1409048028
878327712
1049993291
-1064918154
-597980489
-1957413702
-870469048
-1762890976
-1695871359
-1185466397
-1460342447
-480142170
1644398127
-1973105285
-1849629638
-1971073677
-844827979
1471606618
-1443961760
-1830346604
-1242155661
-1530392011
-1470451386
889853122
1759207407
1105122630
-929945248
-1465274721
-1552627003
1991901228
1113275439
-491289792
-1425791013
1248066319
-706844275
-1421383957
1121190872
604185863
-836148663
1810023457
361851606
502181054
182623734
-1593057570
-212949931
-1096429741
-1774192128
1167820830
-1386136973
-859725439
-1025526273
-263715421
2109522009
1775748864
390357327
-884198923
-1685124104
-20530134
-1884713504
1746016426
-1443244299
541758946
871390282
-1791716633
185662177
-415016015
868234531
1885317158
1073986733
587489329
-806796396
-1747994823
-2100634788
-812237906
1121682730
-1934906482
-987998726
-1135915767
-1545698583
2021049011
-2029970228
-626989857
-958199898
-795171300
1148723656
811957995
1317627798
-70066908
5602375
1958653352
1284255009
-1571890351
440636408
1815059514
-1083687172
-1292882213
-1044936936
-1100264818
672715638
710841199
118046687
1070327743
424592657
335801648
-1980568259
570093243
-1745871789
496922621
-926756154
-1175721690
338027230
-63473927
147170281
788921470
-1475636290
556912711
371121768
-2039044737
-1233863422
805994773
-1029187581
-932559416
1584572045
-443333156
533033846
160262077
-124972499
-803319067
699379878
-1409033041
-968988436
965155086
-1431991274
1311840570
-2072712794
-528739635
-449125985
1568633838
-471880485
-1037443723
1838499424
-972412367
1323798982
-257416520
222825970
-2014818461
2057398446
-1181936020
-1680937248
1175784003
923266683
-1424716654
296352342
-70007663
-794727029
294906771
1830083351
-1573572365
865998790
-1832616245
545165236
-1974711524
1270443503
-1660818101
59118586
-940526038
-705017795
2117261530
580103596
517872975
-686664662
1827531069
1181601905
1054243507
332864393
1858979768
-811348721
-1519949671
2119952606
1695207124
681033689
-2091851584
1523916009
1016689249
-275484058
2056130059
-1864185468
628663230
1475552387
-957934493
-378952274
768325207
-1725927318
1610412764
-335630618
-854620049
-2087797197
1060037654
1247480765
-93129697
563608202
801824997
-1047329882
-1017721699
1010271393
1391536436
-1725685744
-327554111
2090895208
-726862042
1285278390
-1382411323
-213634565
-1555906435
-421987019
-996497076
-31554724
1591126591
1795216862
-288454235
-1034445471
613683862
-1335417395
-854425264
-877473041
1739150584
19483706
-1774573888
1982063976
972631175
-666176754
187243874
-831117983
1486182585
1628012729
1829700829
-847746408
187459643
-15445182
-790849381
-1596188891
-1815163374
-1415243617
-412302456
-47932946
470656259
1733613638
138718233
-941087648
-273169099
1228898819
427424912
1350141787
-2103439340
-892266996
1920920445
-2111935635
1881282167
565492306
1971832967
762599490
-154632956
-1475391207
-1137307284
-1713750181
-1429552429
867460298
74535749
-623149570
1565412945
-1734509304
-1172939762
-202077587
-827267994
-2032586496
-39223194
634962010
1575022042
833129221
1472264594
115605657
-668324108
970363227
547921863
1809455127
170120547
-910227374
-1005550424
29434378
366411874
-1690910314
-173264371
-1664919191
-1711069418
1071189189
767594757
769133983
-992476870
-798810814
670743838
-2135249286
-942483971
-1996523192
-204847133
11674473
887575850
-1947154879
-2145537883
-333848090
1694129801
1529644632
-2063068034
1740732209
-1757979771
-1184130227
-1597810030
-1823573698
1445924622
-985685369
1257398424
303567599
1429798848
-770081169
-1925518440
-541941883
1149165636
-450977541
-477667083
-539686572
-1901356554
-1016075384
750554030
2108219318
-156377656
912144364
-1632636448
707876929
681074533
-315236661
1911520911
1535422268
1957174937
621530921
-1414298715
1247189838
-1457822993
-1031009471
-1973397446
2013907064
-854962789
-1452106092
-1551034603
-1603695036
-165927526
106258756
2111390066
780948798
-1828535785
-1292493663
624118277
1601331107
-279464176
1891230980
-238138306
-1510217384
-250795975
291224795
153449422
-1911762147
-966892000
-927083259
1498404970
-1486664446
2068494737
1562246752
1238356431
-16108519
-379125445
572989599
-1238038523
1739003756
-1032256109
413321824
513328103
-2140202959
1343858423
-47501699
879772641
-1081272004
113854999
-445701471
-274130693
578220468
-72079728
2057237278
1421856791
-464087287
1343904729
833757182
-1195283594
1132950053
-2044071838
-1264363689
271347840
-227060767
-1621680390
868303075
699305412
20823226
-1373530512
-1861751089
1510481212
-2093782077
-486830211
1650460627
1395590870
-906008355
-403579679
266206850
-1436629201
355335718
-687711797
-638785053
-144990559
230249647
503339645
771085119
-955569025
1194502257
-21167313
1204653372
-1528497506
2008434560
-182212300
-264214486
-706626280
-1010577280
1968743003
112482204
-1665643956
-1363712936
468395671
307191098
-559706328
1127726886
1745954786
261704918
568132522
1404595314
1710113885
527252924
1202414499
963545765
-1420478789
1149254989
1000189885
-620113477
-1232770848
1929909966
-2071545152
-1687498441
39619780
1667646589
575522576
-425027241
143548317
-1167565339
569178233
-1470676087
1592982333
-1594845325
-2025939409
-66318819
857627064
384706376
-1765369585
-926744773
-1787170999
-2085182641
-1464507861
-894876906
1698922101
-313611118
-969509499
1713289569
-1084061071
440499145
-1426840295
-1138989566
-1254618176
-1014226124
-355002336
331659525
-861779168
253401514
-5768557
832299474
-1985411418
1285677808
-1214373651
-2112511582
-1830533849
1870915918
-1118952395
-1509338833
368212954
-434185121
-686310853
2071203242
-8852933
850602281
-1469952479
-419675918
-1670164431
1495818092
-1779688164
-1708590846
-280599950
-1330997186
1483201404
-1166884182
-1403346650
-1516293673
1910580713
2105211777
-1774488374
1091105961
1394623214
-1844326631
445691223
-77531724
2060056763
58872692
1309081506
728418839
813726502
1612675255
127761670
-891297815
-283724301
1954791453
437649727
-331935671
-633899180
1033956910
-558980456
59424435
1106656946
-1680069585
756691017
-1846470251
-1042828371
1413893340
-601937126
733958177
-985921183
-2117654444
1117463627
-1603677851
2029375979
1779319636
1411557047
-79632232
-2055469525
-662030937
-1387000266
2020231861
1859012042
2144043997
-1535774397
-2039649971
-2096196738
919527482
-1855979298
-1145987431
-1220275828
787875569
1983349427
-710244658
1458471566
-399136366
-545863300
-2040522059
-1488285066
-697164353
-1219932253
-104505478
2124622802
1953219366
1287411754
-1607876669
-1022599855
825709738
2094938575
1262379524
-22506619
-62023453
-1327187862
-118878191
-228513046
-1526651447
-753594214
-2017754124
-955802074
870329259
-357656160
-579654144
811914386
1920170853
1472405898
-300234714
1242584312
254491601
-1460246637
1387416198
-213819234
-212008323
1624266953
1323242825
23607939
792609694
1021571824
-293379155
1501437672
1057049925
1489432998
1139891296
836677393
-1142275632
-403396153
1456362258
-1033513652
-543898206
-294078702
1743785797
448357682
-1644538858
-287023092
1221012582
-682230740
-1084985424
-1361325020
1921443617
-513087943
-51043947
414623767
-1418990607
873007853
384007229
-1568590699
-1802962187
-152754500
2058425702
660781860
-1181125366
-869411720
-237458613
-1840876219
1271342613
1744448279
-431658731
1172566484
-1051598688
-455216198
-777683311
-1457167180
735887016
-2038645782
119668516
1571867819
1326324660
-121288668
306265083
1128469385
-965960663
-1659688297
-1336406650
-1009087344
-583739940
638353963
-146685914
-593464049
-225939991
-336714299
-2091018204
-1269343409
1225834434
-715604023
-1286856475
1007587251
809263498
13999584
-1462387877
-1606876134
1608522147
561133818
1325866943
692600199
-898033275
-1724008042
1294452348
1775385604
-807956015
660864064
268004462
928218306
-1495927899
-1588209061
-571529653
1208777349
-1439534286
-819545312
-486688927
1854689342
1743101834
-1891389210
-594665599
812671481
1823089598
-852973917
1496749115
-335859719
-1541995224
1308385714
-1720886966
1436727329
971961092
-1790682154
-106156975
-572978796
2019326789
661502334
1387411400
2119691936
-2114176858
-1208426422
83738928
-1620913961
-1424798210
-1578536499
7734926
-1224721538
-597572904
-1426805100
1271987990
408854571
-387607230
285508967
-1882721499
648954281
1071420645
1313198798
1676222324
-285972194
1654676309
-1369664298
1828968330
-1644541584
332985770
-1748953324
1527765874
-1933822749
943199055
1794464490
88593582
-857470714
-776483303
-1368244215
37367403
1914959055
-1435148389
1310732598
1444068597
-353043195
217143224
1747409231
244508780
-712056098
33826937
589276304
-1185591624
52777192
-1032905953
-1956048366
-1722478407
365982251
2011103868
1794709909
-612352317
54876047
-1061732738
1886529918
-90171319
434425723
810607884
69632290
811143895
619549631
-742185964
-1678251196
-1766859707
1376317875
-2029571868
-1105584932
1251986473
1144475808
547051705
-1227506662
-131958643
-1332463011
2146305685
449205161
835674593
1052756541
-971845035
-705841608
2100685363
-1690982872
768666882
-728000971
813894556
-2085100025
1765506662
1573934555
-249069059
-2022273691
1157220322
1538151278
-1656071189
-1811776686
-848420737
-302172731
-1507907865
-1348143989
-582476222
1626799369
-822727982
1336093655
-117473085
-1479615557
122710175
260533427
-1669680896
-1294066693
-995602358
-1811952591
-1325602194
-714894074
641425928
-1568898020
514154833
579237120
154152639
-592028576
1200224844
1830118131
2033675191
-1360542040
2014144315
-444121833
8261010
1326026825
-776356544
777189203
-592339335
-988918178
417716252
-334995965
490161048
-702158797
-620945729
485212411
-339139125
-104537114
816217377
-277689652
1941254553
-1128179381
-1786730670
-266270651
-265067936
-812536048
-336135728
-1842944964
-1090974510
2128053793
1477675800
-1559356530
-57549665
857962317
-1922547073
-991236765
861829491
1686406953
-210630591
-1271297098
1067714339
-364874700
1853252314
-888958956
1779889442
-717208773
168629652
-899581789
1107218745
-695292417
1804375137
-1574407835
1203245431
956061716
514416874
1691676094
-1959523995
2010639883
453354727
1204213299
-10060162
-1427729709
2138021296
-169062796
512987101
732643164
1952623892
1363433372
996664632
-1210976132
-1941429399
1181930166
1525700876
-1031930090
976361188
-1858885758
52793881
-527933832
412867626
1225986937
202588177
615415045
-1906248666
263021839
770305931
-1635347693
-774601955
-1793546441
-406476483
-334877674
-1779391233
1883177260
283299946
937760253
-1523174658
-1743204755
1134425241
146367196
-162869660
-64900344
-1640854905
-982556470
418137249
777269275
-1946697634
-1028477940
1135452323
-341082985
1511645478
1814806386
1835236714
-1176263097
-406717574
-1424513279
761949659
908869392
1652866943
-237651759
625708499
16915066
-2146645998
1528657976
1374720126
598269806
1149485888
-2113075416
1138352106
335901249
360787450
811780565
702456278
405175025
-2105764087
-1338302310
707245520
1004047277
-382952129
-1865065443
1720975486
-1804096614
2098928878
-2140057680
2110101563
2047363540
-2125840226
-1568070150
1979492069
884858034
-397580039
-2017371178
-337767180
1941287245
2113150986
-836565638
-1701752369
-1995395261
349473702
47366620
-310260390
-1191242568
-2065296598
-726073264
734394067
16608925
506735718
397835381
-352922402
984764724
1186759640
-1135995822
543197917
-959408941
2081092636
1446730939
1025859461
1750735591
-1017577309
1479514105
-109963090
1406885691
-1927428189
-263916887
-1787051927
-520595078
1045864270
-1121309980
-2115229865
-1155042574
1906299461
300352928
1172551736
-654338918
-944230577
-2098448811
-1676906302
608866646
-243179451
927440099
-1146940493
1482518648
-667272111
1329855922
-2095519703
-1270063990
986679639
1552521242
1094818353
1000880714
1139990706
-918077691
2099646621
785394677
-76633309
1782699987
-993113063
1942062280
-1322686459
-1121819779
-169761920
-302714685
-1195789371
1329133052
-249695893
1467995312
-728776302
-345161749
1620805387
1805462115
1322269776
-830763413
1641871416
-80650942
-280509743
-1188600506
218567881
2064706311
815625030
653989718
462332710
1779027140
1851668979
-1212284633
1332654106
2116807719
1491195681
1614891483
-1177319443
1305291007
379965529
-960672178
-95179599
1435087614
-607534898
905452153
-141468196
155827136
-618939110
1661965595
750028055
-2023635701
-1344618963
1380467093
1305877588
-1972170920
1463830402
-1846821867
-445423322
486927506
-1807631214
-984591369
1737517388
556792605
-368240243
-1210750873
-1583944562
53775641
-238288057
1849060170
293033932
2016264167
-1720491408
-1773097378
-2007007917
1303447531
857013768
1486249631
515602034
1699361939
965462289
-1658105364
1298827852
-1697369960
1471338373
-414283030
1952132592
-1486421372
-840814966
-1233283288
-27364954
-133770893
1970004963
65874820
238317451
-810028515
-1098432342
-1228627252
1725468512
341327891
1908333372
1883259559
1512944542
-2065807544
1171381363
-1531417930
-1835555891
1117979090
2101863450
-976612874
-1223669739
107163122
1861894301
515847783
991726101
-923697071
-1043567104
-1524882702
1039003379
1466119820
418975762
1042329479
-1690616141
1058328050
1123539937
358276997
1043057868
-1082334580
-1269554064
2052751967
945174008
1251965533
689110695
443267707
-41113781
1632911594
-574410614
960007773
-1371667833
-625576196
-1941938259
378529796
1590981549
2117966499
-1965673753
-359487852
1877953495
577375102
1577540422
-1569872332
182400325
-1629409478
956807234
-925769159
-1129769804
-192357801
1043860276
617223556
-1723520010
1089077554
1927605768
-1717600985
-1105899073
-803277505
-546176719
-1720344242
-18459972
-636374379
171279581
341788764
-511848471
-518848081
517460329
-1523779500
972500515
-115642000
-1722981609
-430462342
55012092
1955818855
431582462
1248892217
-865539378
227538004
955393857
-1498861497
-248671214
-448417045
1530875011
1368708870
382127090
-414415145
-612468070
1853336877
486025244
-815157759
-1285526910
-1131632217
249752024
1329014289
1764570003
870771643
379950684
1902313524
1739394550
1831911020
518799454
849980704
-1934210987
2026696225
-1975298325
2035975508
901276881
2063946889
851971447
-1150938716
447189305
1480310456
183415092
619304948
237694584
-1816096363
449347494
1445310531
555965261
-2142973832
-373829001
-2080184853
-2033732030
672360975
1947907207
437627174
-118568234
798486401
-1268698041
-461007660
-1058120196
343349716
948307783
1003637882
603590088
-522206829
-1120578804
-399149427
-379324313
-335467350
-262754521
917739249
1624006224
-402794859
980202626
-1962832452
-2056473671
159389369
1116581372
528268862
494785867
-410498799
551435832
1808802373
2021676056
291659021
1219497650
599838108
1613302988
-1356140874
-621552622
-29317675
220429858
-1658171883
-1664126012
-1852943800
1308529306
-976348971
1646098120
-401233829
1387254120
1601194535
-1851394618
-483125246
-1251726673
-1666915099
238828133
-1321673591
-787164434
766876666
1709134300
858846609
1657397690
713366784
-1547686712
428551255
-354703443
59367722
-1930860480
748726588
-1826689122
2032838755
-965602266
-604840575
1157078802
1086653111
1491471040
79152465
-1978635791
-2142729230
-64770682
1650050564
858623356
450346374
1788353341
1243655329
763086462
-2071364943
-675269820
-225603419
1998321345
2004138719
1298528813
1598791426
-1967182397
316798540
-1166593138
674500970
-1758590806
756300013
-1899281127
1157879244
1439800692
-1697251440
-704923926
608545310
-1308400270
-199998655
1909712160
-220483491
-984818954
-1668000016
-1072580946
-1228947759
-99172789
695696208
410676594
-616435563
-1445775899
1510558977
-186391673
-343852458
-189973031
-494636816
-1643918889
1632765786
1115363982
-62184706
450608115
-813489468
777568948
-1228436769
649215270
-156143338
455767157
687995716
-1208618298
-136364554
1452730859
339312444
1516875726
1342972468
889970897
363682263
1305290153
1347864075
-1688802948
-410231796
421482064
-1627257946
-729304821
1089025244
2127881110
-78959130
-1401931043
-522117194
2033088450
144146274
-1821721277
471110941
-193002658
-1722092114
106173814
-1553473145
1223490638
-1619321632
-1054538037
435930760
994396707
588549968
42187044
-1129543120
1578675121
28454302
-1370871126
-915924816
-1362009634
-1687072008
-1282045768
1452416067
-151505988
1501464988
1002284058
-591974582
-574808102
1175094172
-1043139466
893291705
1380536022
-376480800
-382410998
1104929458
-2119886025
-1204133007
1421423767
-1200018578
1817592441
2093940468
-1443292516
-1200967580
1166513000
278616179
-1796811833
1178442659
-2134069839
174057827
-99411032
-1517044861
430548661
-594075422
2034239911
-1165665156
-1976588384
-1634031041
155889464
1076649301
-1048782662
-1208477761
1632888140
915005824
2029989372
572454302
1420033290
-1859500604
-1656821530
2125367636
1984710590
-268354788
1173283727
-397819624
-1304122863
791817183
1850603773
-46393431
-353194374
1863798560
1405492918
111308875
-1494562060
236719703
-93650025
1752641295
-90976783
2466112
-826062877
1460736344
-681597298
898565122
-10181986
-1986491751
-171181049
-60052588
-660830180
-1360025245
-1953478548
-1273586596
-572250668
2009385118
-1014601068
-213268712
1501022073
1162383638
-2076843182
-1370238975
-1084819125
-326889671
-71749146
-1413438419
1064565673
2060706078
-684194890
-64257740
-1070703637
-1126580023
682109758
1815565078
-811743634
914747053
573739587
1611959388
-722508305
-991018895
-893871282
-188097412
1818846236
-775890953
633972312
115828865
-1244831896
-1602435431
1914678465
513960427
-552867298
528162997
-944428921
-1462675501
432563897
-562608789
-1594508621
555679315
-1035086478
1911381669
-1934736106
1447897124
-276142311
-91071145
796420917
331726471
649128232
-1567033849
-693588351
-1237089431
259809044
1269522831
-1685743157
1649002945
-385655578
146400801
-1761497098
1018482748
399374090
1111125132
60363245
-1910332900
2109365095
-92953155
-1349578793
-1416715683
-1066834001
-968719225
-1932060279
-948427495
615370999
-312930394
-256392644
26131244
-99766135
1081200641
-1695691905
-1654320101
-1844475399
-1963499730
2113956718
-715810255
-1727455626
-563881413
-1881718236
1137847531
448242017
381435051
1706406509
-49635947
558768675
-298326082
-1060728384
-1284779468
1528839995
1380112886
1671324524
1295233702
-2032372075
-1041409323
-322333936
913589255
564832034
-1513873686
434070095
732075607
1522046884
1731733518
-924222012
-881563559
503813833
-1301420565
-2038731468
-1382439491
-370440069
-1530963267
617894658
621618049
2027746422
-1665841060
521711335
-91603309
1229253146
435661177
-1034348575
-194297670
183682
1291189031
-940170900
-1223774281
635003348
319560349
960552943
-1709184345
82945242
-1661945030
-835010439
1308735915
2004307921
-1635338040
676243372
1331672010
1681658241
-386217468
688425977
131440405
-544483955
-1230284962
-2089812211
1474965259
1848487180
-1007650308
-2013439350
42779967
-1808651177
-592025852
107512826
-753133513
-1846980060
-1656960230
554400768
1190519959
879184851
1483856423
-1300091697
1357778047
-1113543928
8918876
-1026282528
1779288368
-946085767
1792153974
-989044001
1709298421
1606357000
-1226846397
1810748389
1671996224
2015269395
646776932
-1011618580
387986706
-702433781
2036942419
-1967120769
-2050693216
1293457987
1306335655
318613937
508127027
-508089078
368152471
350214479
-903233457
1175890683
-1998425156
174987864
-1296432873
1713385106
-571708902
-669734995
-30208785
-1084742397
-2074860192
-1591231228
-1136228765
1445706822
-122405521
-1032682206
-1360202938
-211902858
208890392
-1660274871
296714014
793284187
-1172494807
1647384558
434175935
-1015563963
74645162
-1516482385
-1420812235
-817507813
1856836196
-1993682045
-784935449
-1371846222
784631202
-1152729806
-2134277128
-1057146782
655027771
-751965432
873099504
3656919
385743822
1522907077
514618011
1438667812
-327753649
-913763369
1444541489
-666423523
306789571
59206858
-547112266
44255461
1885181511
-2122442753
1949109155
-1908022587
932157270
-271764325
417405382
-2114008769
-1185373878
-561760062
-1663574938
1747338850
1691578915
-1953653243
2127475882
717448544
-2010258810
344219928
-948206278
1318738781
-479592439
-1623897912
1866932262
-931649143
799016877
-1585895381
765865735
1607322736
17237163
842305560
-564790941
-95088
1646401395
-1189305383
1563733333
-739621844
-3364623
-525859553
448990829
-160059809
146804241
143526709
601337556
-1537207437
332488581
-1096435336
-1259727180
-2133399949
-1899066939
-887543545
652115414
-869455874
-1060251305
-352757322
1721826187
-1675255203
775128912
1686740551
-1268166448
-996388136
-823850471
-1571219493
-110186324
1330418756
-1336267146
414446757
493169373
389471968
968375492
-77765151
-829121357
1627533666
-937185662
52330756
-1309455302
2061662028
-247908334
1925546037
-626224738
2102296707
-1587074369
619976187
1277047499
-144351711
-1281279
382912566
-1663216300
2139895945
-2100119808
984254035
788408981
-137694532
-1366468266
1875177147
-672679398
-1761661206
1732207641
235337612
-491819454
157452364
-1991860201
985722506
-1718728929
-447080912
1137335395
610927703
-1615079520
1112706133
-1091524080
-1414736158
1796829426
130911352
1212485692
-57823459
-824565726
-268829394
789052496
835347954
1543135750
-1267041804
-942771579
-1977670537
472166749
983183492
-1622293847
-1441107105
-171027659
929152873
-1616427742
1088310707
-1624636020
-519902763
-29072333
-2116867390
256144442
590034098
-493652611
-869452970
-1552377843
205177078
1274685385
-1972169176
-509057995
-77727941
1197115652
-2093404267
-1350015518
-2141333362
-1093408630
674953360
-1156367829
-152827770
1496914343
-987238182
-2111570383
489481368
-28714407
320370801
629480836
989019305
-1319804326
-1410184123
-525131067
-1241087771
-641180066
424385073
1634299531
397768910
-1870079079
-271130584
990443658
-968566889
-1238964349
844171950
-1605927182
-515227213
152102879
1754171018
1536673812
1815713704
140963576
-1210369607
-2103322037
-117728728
-2013753298
1420597157
-1792258535
1648507745
-1733494608
-907787113
-96067952
2076193171
-162705270
1926560873
563256306
1655611107
-190470174
-1172131713
-661691237
-731585937
-630131587
62001399
-1362720737
-2139887967
1825104776
-630524642
-27445073
553091272
-635796587
-19638490
1787932352
-2082097692
875367139
818403093
1505829613
-196282176
-1109901854
535165185
918094364
1206891846
-1092863499
1666421370
-1683701792
2109521166
-1624987527
-186901690
303819550
1770613047
1188929029
-1524902573
-706057998
-1972664966
979413491
-1055916055
761723347
1482578044
1952766495
-1936029154
13266164
616521058
1984214766
-597034865
-1807997459
-52133206
-2116453486
-2087882164
-1133586278
-807992775
312151691
822618388
-839737533
-1252317521
-660046224
-281636671
-2112893187
2115932674
408225518
-1660216827
1531981391
1617680714
269607441
1196385366
-569216489
1801161177
357394882
1232214822
-2132925266
-1989678194
1801735568
288944728
988568394
-204860310
1716117682
2050061806
1606147492
-1889787549
1901642828
473080070
986555354
1529194616
-770870799
-152276986
-116339051
-847988731
-92247447
1788994070
-1672250002
934737752
-2138174285
-285401650
1518348173
1617673347
553015629
-340480720
751131283
-557765773
-375446094
649331928
-599784519
570143297
-809008093
-2014786959
1486792505
-1058507064
-1365023830
1324977771
196487660
-661616265
1287826523
172092650
-2123951820
510390631
1930910684
-1548006911
-1749263077
1722869167
-73243096
523803935
1578852540
-598947849
-1341694321
1355743177
1441676513
-86395829
-977064704
-106171511
1370022125
-1933788623
784487306
-1472883930
1117959676
-574221572
98011168
761275156
-784508856
-294786718
1331406492
-404245202
796066510
-2107799988
-1823719674
-170667102
-1435659984
1067316973
2144224277
680945451
-1368310819
-406683627
-1924227595
1870023813
930378350
-1024036153
1355982154
302599454
-1435469741
859518472
-777598348
1082683145
1443669934
-1113810439
1706683668
486854711
117472894
-1527855064
-1613223985
-835551000
1135008256
118121762
350229585
2111967582
-1795226543
-1347373236
-986068075
1637402324
1476294743
-58005774
-293132702
1312992174
-1562345502
156543904
-755432936
-1879511312
-179367923
1265892016
-2010280532
797591284
1913817066
-29062364
1261953776
-803583145
-341035683
-1904786763
-625905641
1795684916
-451296184
810737708
1723463032
1721425044
-79823896
732198639
970136466
-2013692380
-867340674
771985374
282125648
-1176294360
392429361
972489567
1810399885
1792159664
1364353586
-54206281
-75807015
-1379207416
-1962869983
1988687515
-1328297859
1416618612
599244207
-976039674
971467708
-566712292
611382403
2059747405
-1752244645
-2094562491
861344353
1388232048
-1546893469
1866834625
502002057
1983070130
1507733285
-892106071
-145087139
-338339990
1615487871
-1330553528
-1923661243
-1481268709
368860252
877543257
2064138198
2010966978
1531372672
28134261
-993568463
-1286172305
-1504638331
-1744713530
-1413673047
1910896919
343055904
961255680
859059112
-1157942616
126139816
846729618
-1381296174
1730680412
728709081
1461367832
52580970
-778537903
897828308
1695840786
1330360565
874850649
1220829546
1723312091
-347979236
-104649457
675429273
811686611
228497878
629992746
-2020141226
1348552414
1665708998
1639287317
559090828
2023446290
2107316193
1989855422
1347745636
-942266965
-1249827501
-131871314
-878438457
-798720190
1500817315
1676146009
-1463442144
-1442355906
870128148
-965059145
-957261210
1489585034
-493535922
787215634
1513373273
-513127032
763487038
-1235279327
415312907
1090598469
-1016130247
-73049770
-224206943
1475524589
538376295
-1987038348
-1527018662
-1818911104
512234590
1730468195
-1841678128
-1795143227
106356749
-730212025
1080982142
1238882943
39893211
318027982
-1436077695
1690861278
-1817925617
-1122117431
668036002
298947128
202938993
647396862
1347984788
1309115384
-1566052814
421925691
-1508262535
-837240362
-1661830392
-175048530
-1999699542
-1442717368
456226973
1195144308
2100447159
-1708039113
-1457920215
-1916233617
-9410644
-366938890
434789981
-922603172
879228822
157771119
-800299390
-283372765
-267238587
-172737122
848281570
876631665
-937591726
1766442307
591936614
310336387
-1532271005
-1851689773
1002246016
-1960073659
1452802989
204603823
-1289570229
-1274091621
-824179270
1930262936
830925295
1825949693
1308034668
58794337
-907536822
148195145
811191617
-179827995
1651015372
-668613164
1336485079
1014797883
1982263202
641534657
2036204722
1787056680
1212516630
1827789718
1978667837
-1510674476
-448185548
-429328117
22266894
-1507312191
629331889
806655269
-398092690
-534749704
-488841720
-2115201405
19675159
-1363367036
-1133025818
-661177096
-1280077761
-78445788
-1255289912
-325125287
1138685653
2093507387
1035469793
-1790207337
-1401873398
-176220405
2043918144
1082259983
-714316782
1260380450
-671117518
191824160
-1235829973
-106505965
387273444
653759998
353904094
1148448873
716553037
137407941
838570372
-542485799
-784129718
1035979217
-1278367477
1227429302
978741770
3503692
1955443194
236645033
-1788095061
-361193977
-1813989967
532793760
1815843877
24299405
548895477
-1426143738
353125479
-325415051
865866668
-1587182795
2106311103
754643960
-282852636
-72483800
-526589058
1126909378
1213218585
1531875957
1599017691
664064524
-176909129
-281831303
-920724713
-1465869846
1943284957
-1389835564
1609357282
825797345
-1028047773
299658519
-217405955
-55710532
-1968562402
-1549075012
278116895
-1127450465
-1195482270
-1814186666
792871452
1895157084
-1254454841
-1376434935
-481397692
1924756741
-507413200
-1606580165
1625878793
853143489
-757659895
-746709621
-1798890780
-2110457885
576635855
-60351743
-247297928
-1713147080
-378053675
1066946951
318436598
106341792
264897604
-871050344
-1795403069
-1753384737
425888866
-824462538
-1201609640
223735220
-492537065
1618619169
-259948694
1107036715
-2143944531
-906320059
1631870538
-2121737937
-150880041
752312435
-79879283
-634826909
-1292060428
550403924
391574511
-855758543
174966420
1440807578
1542179444
-1747773918
-79130054
1201972343
-843420976
-1848851088
-251272605
-727377070
1516148232
-552425511
1333762759
1343656376
-301636264
980581045
-889787426
-791109232
1834086231
1028190282
315586213
-168386926
1157929816
1994131807
-604870495
-1447683078
-583416045
-1308036082
91804708
538679672
876257925
-202341410
107792590
534285161
1864721940
1433048848
1919217750
-1005243828
-346011915
-1128661703
-1799965814
901510510
-1927492142
1652536080
-1825100908
856896744
-748194906
-1115322487
1782801278
-1479686453
-342251285
166034978
1481420279
-1786145895
1120054007
-762019204
-273804458
1345783286
1040042915
900481324
1046223839
-1034206818
150146861
-1522976301
206600773
1707759001
640238687
-1794154901
-1616422288
-1382687315
1570700016
1534645219
1216108672
1220527892
764541993
-608720914
-84843504
1644702831
1169369547
-947089384
-1012264002
2066251002
1082058543
495060506
-22401813
-667065600
-1890553681
1440503150
36594623
1984175504
-699873980
-1794871772
-1023240337
78070128
461899376
1900843254
-1236726078
1226970449
-1413320098
-263509862
-2116388656
637599044
1260936263
1996055639
-1868646899
1345890668
-1221933290
1955096539
1203416453
-1271596043
169641550
-1682365366
-730877336
-522462652
-951449301
-424661350
-1924317751
1330601327
589313031
1459627805
-467795806
1992168943
295496703
742032991
1694863899
-1253615980
1003108566
-7375
986988043
-857425224
-844160744
75892229
-320161858
346643383
388998274
1260084605
1348449528
1320839582
-569935711
278177853
11908410
158079777
-2086573128
1057679368
-1265665725
2032740562
1900515814
-1675824630
-1128927527
813320080
-1505320824
172568690
1202361544
384194109
2019630044
1076455748
1043176235
-2051329357
764754662
-626811284
-707836951
-1101370889
-922573418
-2067768555
840451970
-1348192337
1374384426
2047345211
-2092088821
-1697740591
-979501359
474870398
797797495
-224594531
1909170320
-51801287
1749886487
1439295180
1856645225
818585299
-1892609437
-977249783
-2055420487
1071070804
1918291706
-389482080
-754789151
2144848443
1835304423
-372999307
-1676573399
1260209294
579395621
985168694
-276334368
-1337139151
-920052635
1913865172
303547335
-192140933
127094285
-1344390098
811330479
1626252294
1038551172
1734208271
947048287
1086255558
-490276180
1041876570
-261318724
-313862308
-1433780561
-1976221308
-1339943133
377139628
1070359038
715575105
-2045232359
-890097492
883386775
1131465345
-705268698
-805213313
-422357370
1372289693
-1507772419
-1366646335
2056973997
-9525555
930611680
393362980
-112341562
-1138987811
675837250
1567878715
1943274153
141971232
813598381
1150346133
-1182286646
1346416036
-2093756699
771265038
1925041670
1942494887
2134797390
596541281
-173144930
-1554032056
-1484646774
-1119553536
-134700669
-601641599
-758364058
-1515340505
-820613421
1168189524
1009689590
1335820334
-1965737309
1942944580
374928637
2111586078
517650943
1802483718
-1599703661
-1533553017
-1757145042
1869113720
-2119681791
345726096
152614457
2136782546
-2093948689
-969795249
1705696942
-368212454
1166278849
-1882050469
1751740833
-69545507
1284363069
2134265758
-1655583501
715171355
19801712
-463276177
-1688111914
-416122750
468427218
-1305497633
1717256335
-1590210593
202558120
144555858
-433320066
1868328657
-1869190487
-1077201327
746015323
184251839
87899364
1743414431
177452226
1856778251
688063712
-2003629175
935678704
-368476025
139555844
-1455169150
-251041842
359932199
-1860730567
1530936046
-845820113
-434820616
1577850573
-1285624770
1031616598
-1878158511
-741131622
1310505276
1325270202
-1176557753
2089489511
-1701452377
1931071244
1139709541
112752269
389004034
-680534408
147170204
-1310667555
-839641176
-634058197
699898744
-1348889151
1949195044
835178773
-688289131
-508311136
1778009023
-1274566161
-580720816
-676604793
-1737846439
-1769812097
1713545920
1424819717
284590460
1744702746
956290279
2030148437
-465930066
-1978773654
-411273180
-1195980862
168389894
1051983217
-1314658324
-1244766393
1586619905
1583635917
-877259079
273549173
-1322080875
-286421955
964407105
320213657
113790598
1332069219
2015270123
-1956091619
1946065913
-1189151029
488994686
-1029036754
432340550
-308004564
-806851045
-382679905
-1347440366
240503532
767544685
-493480692
-754213221
-1886475031
1334684958
1310473794
-956521387
-946560138
-1940533108
2052951774
123931830
-852388445
1872684732
958000947
-1363258802
-1024158527
-1768729202
-391242128
873496601
-1627563996
-1551432654
-1830871550
36094744
1411199274
-940910374
1717989175
1122042141
-1807434884
-1878139471
-1471019229
1750829287
1441123731
-577289974
1041571015
1350250350
-1167757954
77833436
1062548846
-1232245122
-751710751
790851950
1498485594
934500490
969709376
-641786034
-613061984
-1025018439
760873341
-127816569
-812810160
-2116297147
1648984479
366522642
-1237575720
1307518469
1588924372
1157416588
877351593
-1588859577
-597669448
-1580452055
-450337254
-1053807901
2014377175
1225598952
2093632397
144081804
-108092048
1688973832
-1517236528
-1018346903
-1070625412
895197113
2006687428
-970209565
-1447774226
-699613161
-856734653
-892306496
-325569477
20710995
-88595649
-916542608
1880356379
-149231565
-363206106
-363543129
-1018139247
925478844
519836557
-620172757
-829023447
586724396
-1138074100
165858542
357409920
-1936740819
438984294
-1589164193
38677769
1681496904
991268845
-1566889220
1773270797
-261692265
-1965455580
-1157093077
-1738174221
-1023492930
-1573508443
-620239798
-500821311
-946607845
1407981125
493256196
1457991650
-1937741252
-1983148939
-1817233690
-656269015
1093580689
2004261355
1644884785
823831317
-1257340318
1622101888
-1933461263
2033697878
136197122
-1154140580
-1559397554
-2090753904
1188141893
1321427535
1325254433
464462686
447839534
1123206786
-703519542
-1630994535
1184300269
-790974386
-350076096
2131298009
1008799495
-1216115605
1435779177
-1061130949
-1758368810
752769613
-192240981
263718244
1193391412
53834186
1823397826
-274089786
725140339
858881791
1422806227
1336066081
-1544335985
651679860
1186558913
-651009971
1144152230
-1600810114
-1216525889
406925110
1200970408
750582500
-1718209753
-1146542810
-1788060598
-636400699
1448362121
-513343927
-318020033
-917054279
-1097453307
-1748914066
-535456342
-1432612043
-545143331
1867315467
-1394920499
-883832013
-1288357051
1685604227
89951494
546313489
148306557
1252755370
-1305558276
391015865
-1473914591
-1022914424
-1700852203
-1490758399
603814335
771242844
-1874582997
-1919064491
1516741034
-1121818908
-1024152962
-25929837
-1324574707
588802779
-1508568853
-492928458
1868685890
1810087875
1889403998
-1026762059
2115498340
1696259812
291533444
614824493
1916572962
36085395
941811909
-900653507
1536247766
969576119
-310407055
1686520625
-571365419
-1724376695
-1909900744
-1104593823
-828919288
-550736742
-38720289
-1205145893
-724528709
1259695642
-1605457103
-87682497
1938692532
1496990294
1841587506
-1730864150
-1016186233
-1717033598
-124827494
-252102569
-191690200
1684839864
122512513
1894577857
842739906
-558741184
-1040001962
-136082677
-1867264314
300272913
349038101
125815268
1983524933
-2074302568
-721752135
-1107541210
838132098
-1706038345
796624878
1506811519
-963577661
312027152
-1479797238
1303551570
-108418713
-994050430
1603136830
1570335967
2045604925
-1312083981
-523540728
-395569248
-86669038
-684711856
1245622507
417946870
-738644597
-1620568367
-1924447902
-790548476
-1760543435
1717747329
-1545263087
1991284443
-665512230
897690365
-257905346
2082129623
-1935176938
-2092898949
-1076366210
1097671496
232235049
-1838365171
1971033779
-2037251501
1454915341
-1274700505
-486643915
-1215276006
-100196917
-1577717410
-1961109426
959760411
-365397239
-540519054
-247745812
1065512149
1644855015
1171659406
523048337
1615906224
934106380
-751279411
689827469
-614112482
193614843
-1621534720
-195861137
-1264121604
428197290
1302039214
-461707335
519687998
-851696299
141147483
1286786258
489302219
-2139822449
-1788764147
-1075526336
-1807289178
1007819161
510672907
1056672022
-1641480883
-1067089674
1809788904
505444778
-1377269147
659090494
1572711359
-1815795061
-521672554
-639570894
-671007297
-1207433807
-1608250444
1657680912
812492521
943881974
-588599521
2097364009
-1475604456
-863860027
-1138255765
347666864
-669887
714624016
1383129154
1280753619
-1162408708
-1887687289
856974729
-674324977
-858606013
1130420742
1944506049
-1758408768
406300280
-1442330546
2025242031
-1974595337
201680300
1730563575
1380784447
1550445711
-1542629603
-116101723
-670199387
-1921296510
240276481
2044580985
1591263941
-410309256
-1197429119
996195018
771987669
-1884986720
24436999
-441607147
-1706173633
-1010106685
1309109692
177601073
687604171
-1214237290
-1346850228
-1517838394
-657016835
292761679
1702867948
1320490496
-569068869
770530426
2125146013
-1956429442
-681984973
-2088086516
1400126129
1446992528
-12576261
-1928547656
-774447218
-383798110
-1114656391
1826253953
706454193
-523958030
2140704388
-1213236848
-491041802
-631687031
240955467
1286531911
-150679531
-1262241432
-40943499
-255345003
1400002159
750461696
-164783991
1021575051
-1105045749
-855732761
-589776496
-693235153
1035343066
1268300489
1566317049
2082550928
489093186
-994429796
-1808208453
265784858
1144557017
-1562975721
584797376
274292779
1246047601
-309937564
1435556737
215362533
947883348
-1536126701
1773066733
652861765
-1314667056
1686187346
-523256689
1084058484
1001818357
-81780645
-236014610
1760767581
-853962084
-1875439827
78235191
-1790621313
-584543061
2079810430
207183641
-205212669
-234740840
-1416259601
171342320
-1329232367
-1655412949
401642369
-709440987
108397406
-1187146873
1703856199
181962195
-765248759
1758228074
1707215197
227391150
-1090039641
1437426867
677268504
-99535584
-1362443620
307557412
1535035518
166572468
1923301804
-1514115735
1318595832
-14585673
-1240470063
-1879944615
1993201989
5217308
1172048974
215995515
1735087282
-1801826400
-1676768509
-1025951798
-507350137
432980782
-1426201341
701439420
-1363025980
-968935549
-790283165
-562889600
429848845
-1891858155
1439743316
1330726535
153698273
-807695055
-729506188
384304710
1007468562
1473289570
90395232
1017442873
648818289
1374549273
-175325555
467811626
1720888776
-881343094
1035570008
-206985550
-351768820
1263215571
418570587
142184448
-2091605805
-134007453
-1401411583
-1296033575
-588619261
152714905
-1658218148
-579041057
1969597388
1320843179
2095562549
146245909
689465047
1221381065
1220881764
1334243746
-701030465
-1106123135
1357450594
-1319489580
-1179119936
-638307483
2044088092
-1365735320
1559127725
1099412458
-306932983
1768602119
-48816345
672583570
2020942206
-249707500
-1750356469
1877574221
-327187648
824497572
983721004
921079068
-466186405
2023532749
-703897279
-1769698057
-396361167
-2070753757
-1074506975
-981787663
-1316621867
-92820353
57439277
2114085017
-1274367079
-381011710
-1020953332
2138156962
287114981
326675289
-1228571235
200549317
457414986
-782126526
-1832333015
1561612261
-384550954
1897262157
-317546024
-1840353420
-1793310295
1001498855
-1891782810
-1779779307
1011167176
665007508
-1163506410
-1000884350
358172208
-1447937157
1950468838
-749286224
-101072338
-1059000025
-1092174333
-154451152
-593946131
-74963829
-1393763201
-1558277672
891363664
-895786681
1296195648
-2026719838
-1072289790
-2095925463
-947903173
-2079996461
-1350212406
827057397
224720610
79177311
-484556253
655158120
-1582055205
1222179979
-88383477
2129546362
1274517233
-84751916
1167679259
-1080853788
-1855207345
-125021937
768002263
712785377
1416983018
225454545
-600200889
-308146889
-1593883585
-1001413104
1403825606
-2134857352
-203460546
1761340938
539942169
-1889962875
-243601531
649754213
1148075202
1400196691
-1286038575
1843934359
628553622
-1692337679
2022295985
-1049545337
-1893344883
-2015605047
1895127676
-589792652
1344681177
-1678460379
-1695712892
417742870
2034271289
-767044363
-1136166773
-1110371326
-1304404338
1098060239
-1750040715
-535274414
-603091026
1749141302
-1016003777
-1349700220
-184718729
1987779102
1400649775
544262818
-685856729
927304879
-1396182195
1264421795
1905486059
963523913
-692277487
740484625
-483251787
977134024
-262887587
-804166677
-958413998
23505672
-1132707668
-206613300
-828258629
-600261461
-1548407156
1420584268
-896939350
-738896615
-484373175
158124197
-1852866960
-217890360
-1305517334
1508563097
762877445
1329093564
-344573087
1480085395
-1253383328
-1063270319
-1443113987
-1344896756
-1934216951
-732102088
1974143522
1420768304
1068020203
-1765282114
521371964
1257112768
-249947538
-1361149100
-1758350351
982806073
-1337542971
736935755
-1559599979
-761207498
-246082941
-1928069666
-1213718301
-1169972462
-1560935052
1835459701
-121582360
1763837905
-1019725398
-555781848
-566990526
1414772288
398819029
-1630999167
2046134410
1792200282
-1974370600
-1215313530
2080319502
-2083853844
912697240
-494558475
-1677533245
-1446461572
456613398
-1605894959
-340419207
-1048146073
-1612263745
-597923043
542138192
-131088567
1008594690
1618818791
826122602
1572358048
116818979
-96616825
-1002212639
-1433741389
613368655
576591400
353787
647680944
-734437649
345615495
867749788
420843796
-1621027520
-2127235078
-1315370501
-708807345
290984995
-2092273740
-1739542887
231201446
-1153317327
1529159
-1587020947
1201463131
-1295065838
2022511209
1595397987
2059305740
1735830798
527707898
1441016327
-1825786280
-1649267228
1874469701
-1252558211
-888520504
-1280985894
-934049146
-94041676
836542699
1944304661
-1045399125
-862594085
-1641592126
-1429976278
207158878
-260545261
-1978537890
1181865204
-47969725
756141413
-996179769
-360341849
1239109246
-1433731083
1492560160
-887421915
1967311735
1027799416
-493280248
702688656
-1683810079
-1793914397
-1435790526
-1758459360
-1788761609
-1406599836
861151127
-627923915
472027656
-1901698923
1212234490
793649839
-324825802
-1686940689
-2032672531
-224916611
-331853446
1386652284
-870647516
1890294644
-1865651222
1036783568
-1185693593
-1272232095
500117054
1164775737
-912434244
-168773023
1806856336
483354165
-1846281788
-72489617
-1695732894
1142965283
-657840539
-1630079939
1124019685
1635387709
757937321
880163656
-503090056
1973267142
-1565793563
1325953830
-835525778
1226330751
-725574371
-1768893150
-124687852
-1658790049
1957888422
1308224778
-82062863
1744846210
1845136397
-1194249146
1164754511
445827425
1231456823
1857604140
-1791778822
2057318978
1961738185
-741614189
473997639
-1750429710
-1488299063
1273469862
-527118761
1286381490
-777182075
1267972089
-1542062692
1548377198
823983539
1902305761
1568291996
-1384749516
-1295635239
928299775
1794557173
1740762339
1154416623
1112023838
-713376352
2142507554
-25314750
-1490686658
1761496185
-1209993580
-1865028710
-950447632
133348350
-1303910839
-627993185
1504490212
1835579735
-1711056777
431801208
1458996160
-951193963
1456256617
1082161076
1818979378
-260866754
2105613751
-1005317011
891811656
488840457
435392950
-1835359830
1389716478
220259045
-2111025102
421762565
-546149608
391377984
419183962
-1403189875
159518258
-164582780
-389637381
-1493214483
-1250966507
883092197
1859288817
-153551155
203003467
-1847609767
-1634157351
249729399
342230005
57751016
-627427573
-1607820610
232046043
138463013
1486211783
-1896754150
-917073980
1771490555
-1867232339
859795735
-710276345
-130004820
364135026
-1765340688
-230701471
948338455
-1635360048
1936723063
-394115319
-1213911495
1801907390
-1066870985
76211969
623908597
1217359073
-1917984037
-586265425
2057363223
-1302359999
1502584273
-1277147220
-145584234
1905459008
1732763178
1310205658
2143302425
84243399
-2091250237
-505685061
-936355652
1759870657
277312681
1634303745
1699708691
71938252
-791460423
-1805907360
1960291182
1965234733
665342343
-1029612629
-1652313762
-2101127675
921469825
761582878
-59707784
266048706
1189907795
-1030541576
-1896186280
-1992468009
315384972
-992915891
1598368488
234676399
1859090048
84489497
1331928290
-1558160162
93697648
-1857200232
-1217490798
-536442471
-1147606552
-939253036
241504992
73546856
1728567144
-1018044290
-1335555443
-1404047591
-1680655546
1490166785
923570621
-437947144
446342866
303889620
920183733
1156271932
728083898
-1130943985
106947300
1752323267
-1527249488
2145446721
915241767
-504389375
1297448009
-350188929
-706845624
1773403702
2046093096
-2019363904
-2144991033
406011615
-1670417829
1008594280
-1593469731
-102548882
-1653870332
-58407390
2098622909
-1144954564
1364988987
-803632142
1563078940
-1945560130
-610554829
1601314953
740961523
1016359159
-891267173
-808861989
-1824825469
-1912377299
267011398
1433191919
-44877927
-1822492193
2068638733
1435884789
1261923603
-793443339
724622580
904971421
-2018305630
57533753
-1671556213
-1234671195
-1049257520
202093573
-319788906
1579879604
-1055917500
-840113090
823003887
-1473735834
-1912244923
-708423552
-1928191317
318527143
1378337916
1914184346
-1961098628
1970602564
-557823235
-1792782532
-434795691
1090673087
-543990904
1025808623
-1068915117
125433442
618340107
1491684932
164493531
1461801622
-1557405845
-1142343856
965818111
268220020
520862339
-128031145
-1928218587
-850929252
2116288876
395501510
-858377750
116805190
2039662590
-1824830106
1090305347
-1503196778
-1069061993
-2048053042
-1613592091
5741875
1438449690
1470187802
-2102860825
1641608729
1024599610
-1123409959
1765961636
-1747929938
-357734920
1888612683
-998391834
1571779091
-342738326
-917347381
-2087671232
1370851005
427987901
579584650
1987706298
-1599789501
977610876
-1136087171
-1434091597
-648420232
1059657489
1731625112
-48737533
1605040060
1952684940
1770634300
733621599
1988021391
-965943901
-867604243
-122552575
1481358950
307043065
-825023417
-942477176
-324335166
-48516702
-183159502
-1182737636
1180715901
-1828335898
-753201836
-2134794539
-1198972570
2001389125
-514069049
1587739485
1355661328
-1996991301
-1073569013
395497171
1218744807
-602844091
123767870
-926818574
1179136899
-663903325
942498186
176656498
1612734784
1330267742
1649962462
993996974
-397170163
-1033043700
1950822367
2055058822
1262549892
-869337646
-777480671
1091114886
1342004027
989201705
1069763217
2095622727
-287088295
-1394805019
-2003254986
746067733
-1392031637
902213491
-2053243368
98360785
87795320
1259926882
-647608705
1406697497
1031807826
153062180
1017852256
-1007699291
192200751
518037780
1507904276
-25071373
1627489399
-1036524613
708558923
-34722010
2097914846
-6444466
989512767
-795122133
403599797
1263798651
1092855340
-1062484451
-83905155
889966180
-1342715394
1710775018
357315773
-1884314133
1516959820
1902923574
-432896491
-719064016
1830992261
-1231062657
-1014005358
1571692631
-1540116376
665458561
-980360638
-2069997426
-1724536903
-772908069
1224207627
-1543302579
1788757809
121287153
-1981861704
266193631
131965877
2003950612
-1668041900
-893072350
-843637045
840191968
1648566459
2052454794
923027785
383284453
960876141
1436215659
-1900626610
-818566775
1575266469
314494583
1405690742
-895471059
-706192214
-1334119036
1579079496
309491341
-2009050012
-760816750
2136268531
-211668628
-807053519
77930508
-75617734
656832111
-2029722631
-801712306
-1494201173
870167113
-1564501889
936575335
115681046
1578174744
26622458
-784848609
-2046217155
-1339771122
-599379229
-1010143429
-1688900408
81483603
1133484560
514885119
-737216901
-1668532950
2053904130
-389652237
-1464462678
-603255982
-1663092870
-1868260118
860946411
1531041198
-2063725999
-647502785
-1961442547
912496935
-78310519
1775489889
826870601
-1582742063
45149598
-484367982
-1941199433
1794643788
448736290
58659307
-1946471421
1625495404
507663240
1112305827
-735307168
1768924956
1911355967
2039259280
-78260037
1998532991
1839556354
1164016876
-889306316
-297898665
-1271644050
2140869468
-256160311
-2120429398
-764010028
-1627751890
416898900
181738146
1481714000
1205159650
438263735
-2122704971
1479332634
1251698923
1007220052
1946747909
381400603
-325489482
-110975549
1739927560
-909380157
879586027
666553791
1328991083
-1161003751
507848690
-1948933024
117504563
1979864851
-396351560
2072100239
81893413
-213207001
-289883726
-787628107
1548701288
-1107587807
-379371231
-1418248011
-170860696
138257207
1952660888
-76153316
-1724723972
-1739014822
-173418565
-536484713
-839992118
2098932430
-1494616504
944085668
-579191062
655078140
1764368219
1806074508
-1771513143
-1347556730
1203546605
1204184976
396854863
-603044452
600507293
1947880034
-1764365500
1967946637
-517402957
-1844117290
371465967
1848643489
-722346911
-739533607
-1956532224
-1858333915
-423671989
-3879263
1834299055
208958662
1382167112
1212134950
-1270770908
-1604816606
-904302742
-1592666160
2029069849
-742721380
-1398697157
-1237112719
-923545667
-1084547473
1733834825
428500085
1765339355
-2018777851
122779365
-1296357801
-401921477
-1034159223
-2065263322
-648384426
-17385912
-182239046
-667864268
2105908584
847853810
1298472706
1112963010
1755508079
1399073237
831788487
330957020
1376919722
-536265574
2134115327
979934434
1820776045
-883266659
538839050
-91811885
1159570196
1060997328
679610555
-862885681
-1730670283
527268062
1112488887
-1359238186
-415563244
1149336723
-1150403326
2056049621
1955471707
886385786
-540242986
1993961699
-1963827190
-25031993
937590967
-2032965945
-1301239125
1564856183
-44429117
-1866952771
1551978186
-2025925963
1527640654
151144313
-492846172
1981430143
1895691950
-778821012
1887816222
-840578935
1095675218
2106086725
1826887672
1232175457
-1640520679
-757296966
-1910635966
-464818733
2066012384
1848268167
384883470
-2044576370
176500829
1438778550
-1069091226
1359059463
1325991467
825241633
-721319296
-1650109283
129051173
-1532432587
-1450975440
1162793725
-2092966154
-447923208
1182630045
-648389177
648195568
670735436
739797303
2089301361
-1811602403
-1063937164
193681128
46633323
44682387
398710743
945799049
-124785276
-1415054324
-2129483516
331225239
213338507
981615029
802398710
2047501862
-981844167
192057670
1304982424
558253333
1163203150
428243538
-1874070645
743236738
1822105337
-713621281
-1623307483
-11492736
-1146336644
-1999836359
-2133421379
-1807138809
-981575153
1352374531
-690201307
1434247211
-1389734907
1563015054
-1594886281
-2143467887
1636585261
-780114067
78668052
-1785329378
33969274
-61954232
737820649
-1321228048
-446875930
1813518320
-76851980
1006028433
430998930
-1601999436
1544172806
1150674281
1090321457
1930306290
984238538
2118349429
1789597095
934297584
-1566548219
149750326
-559831828
-1823192084
1742487583
-1889273365
-1016162250
-139150479
1656760801
721360897
-1919530409
191983595
106370175
-756576310
1279002211
1195711614
337058265
-865096595
626827669
392930322
-546472963
-1254346979
-1006743694
-2016951118
992350192
-420946803
-1689840593
728212502
328732846
1633938851
-727877297
-1578299010
1855889006
1422088043
-1962055536
5738688
503541289
940711502
-983215865
-201620828
-1234801315
-138205053
18741897
-950862225
739597837
-1084603452
1147251533
1711943869
-319639795
-1112321467
-1414691889
292705171
180032635
-1118121247
2043819254
-173829196
1877845136
-1310050154
1976005752
457668403
-1819116392
1401799987
454546301
-7694007
1498952254
1644223311
-169813118
877514600
-197094131
1000930173
-1128426112
-342094960
-1365670861
-1689853763
128966477
-336883744
1653005447
-1170706380
897528641
-1543092369
1865335500
-306352097
1598670363
-2032248740
-806760905
1985755653
2121211686
1850819363
820827950
1889721388
-506884457
19735346
-134582702
693395021
513680953
1374741691
67518399
-69657206
369170507
-1980136501
-1265310062
63206303
-622419800
895199387
-1387858773
1756437848
234282024
-137743066
-609865037
-1176955838
347943494
1071618043
-516400032
1944375205
-1070451454
757659732
172678391
1656299696
-47637752
-609251482
253710354
-1983242762
-434620398
-961690886
-1453798749
-1158884839
-2092558454
-387787460
1996894264
487104964
450567538
-1261355566
665196672
-458973986
-1343106680
1331757104
-1169880819
660352763
616446116
-1793027286
-560003238
1946805014
-226041755
586427850
-767965424
456011389
145785100
-1213428381
1442642052
1896052492
-1127786073
-100955931
1562540932
-602945379
-964711823
-1093794445
-1548715437
-82317890
-1369902728
-327671758
2102112497
1264508837
1646644608
-1332108956
1968202910
1733804384
2054466343
-294777676
453300129
-1784686000
754163785
580707027
-392166075
58278871
-1532225115
-573315005
906793508
-1269416368
395919040
-507607695
-1191289689
613441855
736505865
-1450535927
392661452
-2023351607
877626173
425471365
1875929642
-888393114
1022730764
1813466887
-1596804302
-2142747948
1990455037
-2046859671
909674678
-253468850
275436686
840572049
-1421600081
412833789
749281950
-1320947447
-1632838854
-1977593425
696475151
1773828814
1647022307
886809798
-1550981465
-1916181913
1027524902
1528969074
1180243766
-1518048967
-848990414
592168738
-404962306
189403673
765823728
190829879
1941093198
1919926051
1209101378
509094650
-1746523025
1680955593
-1235368305
1181952208
-518514492
2114703918
1992261759
419386540
1293366060
-146071884
275790851
1353505732
1141625259
789146835
1805965975
587791239
926864712
2036775468
-72252981
798131661
-745755592
530388189
197846015
-501877680
587452987
738663958
797757805
1777516378
658535237
-1636589076
1953125739
1943202751
1259148385
-1887807379
-391388175
1853424654
-1880463662
2016617460
333732697
-1932005117
27175291
-1208852291
-871506330
-487889601
-787530624
-792585797
1712048776
-822161350
1991068460
108607144
408899164
2038172792
2112401428
-1060178082
-944741255
557464826
-1666549891
-2015735707
-1499122071
1826131447
-1643469830
-1051591476
-1583469579
1245170891
1955273049
-1529128644
-1953682779
1860242223
-1470377537
-1409065911
1065535878
777437611
-674578158
543047691
1123319085
-1456396984
1430522518
1023389933
57343996
-658660216
762146010
-1723427388
796424867
1776598938
1127352277
-1894464221
1254764777
-426201143
1430380875
-415482899
-534661460
977441334
-354759819
24160554
1178464550
46860742
2061930976
-1297784034
-25401231
1748405341
-355168108
1387075991
964668748
-543371445
1884494201
-1720591994
-5253345
2126907142
1148144630
-2106509871
355884604
-2094010855
-1511505189
194095463
-1285106073
-991443108
-1108558720
941852308
546983320
-893005979
-733437650
-885979242
-1818537218
-1654009538
1081740221
40260719
1964829255
-1071656360
-226772867
-1508666884
1217851166
-1915811394
-1299382695
-1067954618
1652993269
-1148938611
555595321
-1901535721
750432004
-984700509
-2121878360
-355237936
1849494672
1412699797
-912410185
-1263249543
-1142966928
945782758
-943850720
1092917274
-2069724468
-799763850
1322036397
-1633522104
-1033695192
-931593160
-1101845798
-1846247422
532848800
480397864
1379838905
-1914366531
-802253708
2062825851
-194012651
-161595204
-1698942265
1399588887
-1069482278
-1443786075
-330249309
1966497861
-1747805005
-630506927
-1516538304
-2119795804
-1972985355
-2034656797
-973738106
1334802784
-187820869
-1687180773
-778674993
-1474272348
921525585
-1665548564
-1479280912
1400281164
907317973
1510048075
2044518777
-299792161
830303771
838283849
1130082876
1695417788
1459291857
-628913309
-512791284
-1711372142
403029731
75943961
21034950
-1424412139
756023328
-193010500
984435349
-1419022610
347516957
-1065910644
-450109328
-2083620878
1747615321
507822338
1905077223
-493411946
-1268944735
-331752343
983897119
-131158366
1783779766
395477426
-38683109
-1772512731
-1901992404
2145337225
831465020
-1429435224
-484177004
-1825432413
-1244901878
-83955546
-2081872419
-859176103
1220477492
841865787
747798263
80794234
-1711309611
1652110874
1256094904
-1263982756
-444241928
-365923388
-2128097021
1703294260
-818674594
-1912398090
-2048587737
1876508071
-1086621570
-1961026462
1177033092
-691700064
-1852732468
1618836898
-1628184973
1283762532
-702262722
1079124073
-835218585
-2001520926
-1198683125
538021115
916375375
-518181553
-2060075595
-1951414306
728128831
773401330
-2092809142
-52294959
156075086
638110268
-560338459
-30369539
-507262527
-1787645157
-939540869
-1042996630
-874272408
-878973553
-352569133
-1319671116
-1915011000
-1278523012
1313399766
1807820541
-1487207046
-356847678
-1812784120
2019378981
-591614638
-1956024182
246325590
-494526920
-1458398526
-541269278
-99024623
-213311960
-2056092928
-578819700
1346051130
920525499
-1277941914
-1201032941
-1213837824
156977094
1309100442
-2090910946
526317190
-1762761061
1003634158
523078408
413036008
-747186497
-2005090295
-1595832401
1720886143
-1562149408
1579216326
383493771
-1579029148
-1435321595
-564753316
-1626688509
85838899
-366880505
-1301611586
731532539
1488430865
-528698305
-1281721277
51830193
-1665743889
550864768
-1947882871
-153994807
480182287
-1476914105
-462924393
-1015995995
1928072390
216701489
1019548481
-180664070
226309252
-847097428
579548880
-1320373601
-1349915631
1085824497
1437797857
-1218415192
1752675353
906455601
-1029273715
-354795597
1970147050
2028561934
-922048054
1714759809
2114817659
-2062543540
1524660496
257141448
-814006609
-630561080
1339700799
1855313478
1682042843
-357316952
791418559
458755865
798958981
1550442451
1827527400
-405934515
-806769297
-606568285
160753316
1766987703
1243357907
1639093977
-261832621
-226682624
275636719
1655338705
-953280018
1323476484
1804152771
-471145994
-325924754
-562706852
-2120902120
-931823497
-1803072146
898222137
70898628
-1702706630
-1557080305
1601113203
-416771796
-1790289136
-1899439589
-637009951
134228234
911920682
270379628
2040780266
243072368
1159314636
1088009614
-1825449892
-310710003
577629248
1563509667
414802044
-1035834195
-1657850100
1043391111
506449245
-1939752698
956816742
-1192960204
1955007349
-1793347408
1077274856
-281775770
1935966572
-696185227
-2074962049
-1076789887
-2137426377
1205459915
-97451607
2101874866
-1804385179
1800979357
1883533279
-414778539
-1534398791
-1737863855
1091703631
-1360188010
421587448
1385055238
-885451315
494778970
-460640254
382324253
-1848167157
1855366239
2114514983
-1113261829
-1849729784
572840353
1924165811
898546956
-1520765498
-1458437889
-580848182
-1917927926
-916072385
-263258594
1525399931
735857534
-213901671
715673485
-951811826
2112251271
-1651489896
-251679958
-1665483872
1724959193
-1667021485
609778883
1682118130
1080446216
-2002796758
-1814353152
-1896841347
952173574
-1552142601
214779519
-366306104
-1905458710
-1829250686
1505429312
-617610498
752004594
1188627002
-1561281470
-1337452358
702674379
-1733662174
1395200366
-1208897499
-439885809
2002602505
-230731852
-577196477
302793486
366230526
-1828521101
1227772809
-1223842864
-1699821567
1530688798
-1062929998
-1179811494
821331965
466124827
956914386
929009712
1069160181
-861219858
1577104811
-520967653
-1714864258
1549147030
-1424727234
-460163540
-117891731
-1939208393
-1482116699
-772993792
1517954768
1728992248
-1509550049
-1873273532
1294290977
689696302
481892460
579163259
-400769096
-1397517894
-251764389
-1240592386
-1845508991
1878232238
1177945760
-887449020
-1764031505
712280118
716300779
166295651
-1877404880
-1940948043
-1562349259
1430227926
356970402
-1460851154
-1844001188
-1978528640
29559428
-922621467
424762354
575119089
-1180378128
-534886843
-1855134895
444467943
1519792393
-983028732
-187342862
1301698070
993438064
312309636
-1648679938
1017202475
-936044549
1387519356
-960331227
2061669646
-388908376
-125831721
1713129647
-1002355097
137854415
-1744334628
1128421840
-186645148
-1924546921
-1597916530
-1619724993
-2097124424
-2107162454
-1907814315
1439336201
-587167002
-109425876
1177242845
-227733599
-999148354
297345256
1590373949
918387004
-784349144
-1694939188
-218621348
-1295618469
483034656
162222999
-1305401969
1089308073
1495970560
-1648613424
884957063
275437318
2088372229
1358161145
-2027058582
-1560523293
-1617610485
-700844796
274833470
1674267856
-1287023973
-576132346
-1157707122
-841976238
2058351655
416557610
-604196793
275427065
-1916360045
2051835879
130760162
-1365529422
-2005930249
-1299161739
-1557640249
967681881
-2146234973
2120662140
-549533968
1479212690
830110051
1852619534
1073561549
793372889
1634291459
278334167
839648103
-1132757034
-1190720235
-237416557
1638474439
133086709
334005233
-1689786177
-416084840
2093826358
476660220
1109402259
1334877451
1510008641
343474221
1483604526
-2144352262
-1548839235
1765069517
-205119213
1447182672
1669581281
-690216323
1006455764
695322535
1371123274
1563275645
-600909812
1908143410
998895119
-2110181078
268297617
1086307036
50230802
-1753863224
487390954
-154867279
-658059880
448349825
1214958846
761818749
408081180
1588404142
141152782
-1285676110
-769920417
1694780756
-263954459
1080253838
-1123866685
65945584
-1421001395
1015780477
-1086626599
-659485321
343977669
885182907
379398712
921069719
-1001335184
-436747715
146369168
-956676029
1019453263
-753298479
-372307202
862847854
-1968724046
775159939
-936930143
1934288149
-720838933
750136387
-2070615188
-1923384189
-245052859
1083652292
303242813
997404112
-425089740
-573197402
-886135762
-2088778070
34263245
-1946336554
-1526686933
362355543
577259128
-936365259
-1164452923
788459514
-2136079901
1407765879
-2118191548
-1707757036
141268537
-1048537779
-1870893822
-1737046451
1261658771
-1882597690
1655422966
-2001637772
-296478290
-1008065038
232988047
-1197110332
-864644898
1651160264
1623379139
896647529
-1093334461
1214096201
-150428570
-1367164095
1801481785
-238703132
1452483519
-1737909018
-1854199788
-1788879332
136642647
16506092
356030989
1841635687
-1166852844
-1015082905
-1534370698
-153884071
336928391
-1765315921
-507790283
-1565507582
-1165062015
1616377190
-702337937
95084435
-417148692
721405114
1455464322
-1975102393
1587966935
1969204199
1963260729
1620781440
-714795822
1769485823
7740474
-322266321
1419790715
437774061
616176835
2034329721
-1854756519
-1979840329
-360459627
1233300631
-700776728
-217675518
-1678460881
1665982973
90240500
905423579
93828415
-328633411
-947528918
1171427507
928741973
-442924754
1833517291
-1072438613
-1406508071
1293465544
-957178525
912397586
-1238820801
1733912402
-540133926
972755755
1216632184
-1859439554
1763502921
1175147059
-112614997
-1246753709
-967066576
-1070296927
-1790061787
1385775500
1134628774
2116732335
1222615949
140570432
-2078597711
1756497177
288604763
-1731064446
-1147402025
-944743644
2002459274
510908106
-1344963339
-1665997599
90914699
1234396116
-978393266
-780818254
881603965
-974085689
-767648794
1257370381
-300021605
885130906
-425755632
-1888535681
106686453
-1542150221
-1889406394
1263457780
722057059
1153734352
-856664264
-854920139
-1475064651
-1650218710
2133595175
-2124039247
-1646539729
1260588247
-854976910
-2058521729
73586740
-784969617
-1102419856
-943255901
1125419072
1466745074
1657799553
-1283418481
-1719772389
-1347927575
1843081055
1908488685
-512059317
-2069429302
-1665531207
394593179
-635775799
1627896992
-307767038
1039039990
-1553363208
-1345960213
-36843131
-115816869
152376786
1319684804
-1713132612
-403122965
-863686812
-1745627835
-183397150
1302658189
553661052
1564344871
984136391
608560952
-979662945
2141330347
-2108573726
-1000041870
-1812019904
471389374
548220076
-1266872301
1740626735
-2085519017
22288939
620105550
328335695
-252481245
535482828
1880715761
-957850228
-2077765532
1574080118
480932331
457741579
300299030
909314779
-1871045873
-1147618142
-1472450989
601270544
253959446
-1401463671
-244669449
-1326907553
1277311466
308509522
1035576455
-112140708
-1089416159
-2073697258
-1701967026
308028469
-786734649
-1756619792
-235259703
251982158
-1406810272
429439663
1572179780
-864218611
-89399508
710154950
687642052
2470385
-745754452
-668756857
412476711
602319849
-1294787483
-1447249776
-2057944182
1765411811
410451939
1747795333
1447072234
863344034
-868346368
-976775937
-1979420659
941974740
-90957979
1158634435
2120792738
367524451
1168498513
-1056958154
-1654831193
1483557643
1753454745
-1900281328
1296139530
-1338006740
1405761263
-1218989488
-1700536941
-401181728
1821687910
-900525457
-677902336
1960861008
1132079925
1168038872
-1912560527
-1833760189
711250874
974221462
1896532998
-1130057481
1096601282
1378155086
752907974
159141172
607034375
-1878784912
-461317182
6481821
1500249337
1183385001
452734841
-795771320
115143617
36211867
-1857919874
1385980561
-1940705662
1107624912
311087703
-1028251605
1278370529
837173483
693429928
-162446985
-1390125625
-1430367456
-1805630319
-1104575208
-627586203
-335002395
-199085
-718120761
-703267976
199541993
-621112007
-428757661
1784948173
-2119964091
294095797
-458524597
-1489702137
1571457009
1774179784
-936151568
-525382240
1570030456
800908199
1048576421
777109293
-1419844881
-1209105765
1970411193
122341
-2055698909
144633896
-822882618
1266126435
-1959411951
620919665
1641017675
-948691541
-397099622
257251546
-4560776
-1581090966
42336887
-1701803025
1605021513
-1727136639
-1202696855
-1452733564
-1272541994
-1468940860
1082702517
-36010980
-1607683864
-931520770
-1876245553
1689345166
1079248335
1013917240
283318101
-643964699
28167026
-2090992838
-799310786
1687467912
-1035612250
649878354
109392979
1994327194
1224562627
485033299
1929548253
-1484857437
1764921204
1752719840
648524959
-239927441
460296399
-1502811158
-1860853242
1068417078
-998680155
-1049682570
1257385118
-1253447684
-1329053158
1729160355
-160276792
482200890
687392887
-765139733
-1995154262
817611710
1029490238
888277160
1841361254
-1920797745
-1732091266
1888495322
-1386464371
-2074476652
101143913
-364723929
-531616555
875764405
1583632675
1005788706
1024643338
1569159234
-389700644
825967567
22384706
-1058983212
-1169987808
1317508711
-2069241772
895030001
-434319251
-1444077737
-12904054
1757403060
-1782614267
-428949362
-318479723
-1400838739
-526605562
-45361160
-1595611199
-1161396219
756808119
1100420933
845402473
-851054618
1495014179
-922971154
1209576876
614219289
107414764
2106217336
516178272
-1836424464
1737051736
1874778106
-1921977274
887754853
1490588079
844460253
414272639
824343171
-1855547703
-1031777309
-1920586433
1786167812
1029968610
-1413692822
786287807
1191044411
1750012336
644726512
-1976068744
699292468
-1636410441
405673689
1208510093
1105575192
203189723
1418904688
910026632
1148658134
-501623241
-1054675669
-973675703
97587200
-980940244
266010674
-596517318
1517693426
-1225061957
1692711202
965893063
420608056
-278830057
914754317
-1754233075
975533617
1107784053
367343557
-1116851503
1658668271
1303631399
1684051801
-108567373
1432201313
664838888
-1742941216
725868450
-688999756
-1015699847
-212558476
-669884014
1312113141
-1868708756
287382145
-1473410964
1061925882
278553919
-2010998721
1756729926
-1688767358
1486181291
65355644
-223777581
-1285109349
-475882690
-2125082209
-2112042979
1161069124
136920103
-44650008
1957699697
841313106
318949456
-1899643140
-1658129511
-944918889
458177970
189251744
1533515088
1116373055
1140568547
1882615236
650335986
907984509
1490002675
324685507
-583207309
1963419495
-1648492167
1508507625
-845772655
-639170273
-1384888344
1675401269
1718571597
498438194
1760768806
-969590689
-1164098154
-1512826812
312602719
1690961436
-1688922809
-1510300949
-1526344683
-1956046945
237704276
51370203
-2057965957
593630051
-18459585
1650014532
-1379725053
-442267609
-1899841840
-1368106121
-138274507
-1895349958
-1823086844
-277862705
87004354
-1000793352
840330565
-1754848050
1963004633
-1571284076
-104639781
-1217769082
917092024
329896983
199100578
-207745478
1671225221
1605651879
1833927933
1734416964
-1850541731
-372046068
963431690
91207224
-253637715
2090845808
1964924182
-898411191
737859777
2035303270
-1808718765
1687257323
876061338
-743051987
1343162312
-1231891783
864348419
1753043252
1351098504
-211474279
-2030357274
958326240
-332060378
1967814430
453264603
-1211417203
831442535
221765165
-493736191
431547859
-1285761223
1493099490
-1815720943
-1344637174
-1512351772
-468387404
-743227473
1634179087
-1792842625
-43274282
-1715031549
1762392647
-196610396
1997421280
-1222865272
-2126802461
2121202279
140455854
264690723
1583058533
-1690716541
68917640
-2127396233
308533091
-582024234
502713987
-1971154825
630526347
671942671
1525982758
1195431996
2132504550
-410032219
568194639
-212077544
-684272288
395453194
8747607
509085930
1325730440
428380960
-850294668
-1676093005
-393016429
-1010616085
-1528743585
-1459552151
816231078
-906603384
401204790
915103755
990003796
-31557794
131342498
-633265163
-1644719004
-1092647534
-278034116
-465575819
-348589864
-1186080064
175581228
162048157
103928106
1725466087
1093544979
998911322
-65924136
268882083
1449603882
1902459333
-1151704029
-1188395614
1706197675
-1332993864
1348524562
172730960
-1249783697
-1802309724
2117146301
-961962027
-1783725352
1242528418
-2019860281
-1116152000
-280392976
-649751097
1736082731
-1270627068
764165330
-347271236
963674171
-959963230
-1017918904
-687586932
433468134
798127527
721896373
-990165057
-1130715079
-1422706983
1650606901
2008103080
-1684885720
1828277421
2124195330
-1321341957
495045773
1524678139
-1710622695
236464034
-198063761
1713068532
-2133756388
1464944080
696148359
-242966957
-1056323206
-224614315
-1383148032
1588677842
428991180
-183857868
2077190270
-799120417
1420990082
197335154
-1529281950
-1391825265
-299180098
-1786271952
1234537547
1505714130
570617215
-443695108
735295967
1656909032
950033922
1302869091
1113935306
-381510893
-950514588
-1612167222
1460607494
-1183452018
-1050536820
-802558083
994197597
522229949
1440215367
161185800
2047506219
377494437
-761210701
1283611589
-2112530840
944302237
-604947743
-1300007242
1047720166
269130821
-490305866
349160340
-1477427754
-131364425
-1399088879
-1660821977
2012223120
486203133
567441970
-126122280
1219480722
-1671684926
1228016985
2078720900
-768566327
-2138712757
194811565
-1704478318
-691045105
1836639911
-301057185
390698311
-1154933515
-1854626779
-1623138289
1254232664
-1166017855
-1006656762
-465237650
-2012448320
2008478650
-1268507021
-499801309
366356692
592625314
-1023793488
-450440974
1996748180
622402435
1065947026
-473027045
-898038718
-1005798482
-1649618386
241508096
1912398392
-2047793664
96687570
-1943267063
-1276642826
1349655399
-122629063
536872139
-1239763846
-574734428
1980353785
534847079
-1540039724
-48428463
-635159488
-10684368
-2075651335
-905690074
326699199
-2017229936
-1248233770
1907463287
-1478894363
-987151317
833862824
-57613568
-1987125424
448205124
-632528502
-1778347547
-441254272
-303429280
-1416380593
-158280717
-950221875
-580084696
-340714863
1659609899
-1047731814
-1621373293
313064970
1751587713
1538977995
-363193020
1794996002
1746681313
-43249293
1459855664
1748830152
-1502060686
-1010408750
-93496701
-1901174396
132106525
1942980222
-1064057404
60046797
-1218688176
2083758815
-717545674
-1989810281
-2101687810
1163237600
-452593535
-1408349648
-601422614
1832935650
-978516846
806132044
-863690715
-1172520204
1569537470
-1049696674
398242005
-1202856383
242207277
1179662120
-853454281
76166089
-1212071307
-787943019
643892966
91105363
-1079755131
-1042698042
522250844
1583362466
-1029354300
1405474666
-1963657543
778969830
1033156473
1171551058
-1763188029
1817070709
242007149
373507652
-745251795
-1943641414
1047599822
-241104882
-585031140
1868914797
-2095113387
-108972578
-75119642
974968836
55801515
1590493904
798361628
-1894160279
-1803698680
1339702729
-592560182
1539393772
386869789
1403666562
-340063747
1908088954
1137505331
390085607
-151303292
-842097649
-343106156
1092580769
-561815813
1821603945
-765277911
-1225307407
1886699781
-1248136451
1152617316
462163135
1968028888
-804596178
-1038265248
-1270281998
350805245
257987772
2116409413
2144949506
-738450344
931539066
-2094884367
116010442
1214534502
-1278629821
1598880724
1595080866
-2071413306
1340328238
-125043941
1393324461
1407742970
1279835904
1601960208
-1675562129
-324418194
985804770
-807455040
1414972321
806444728
1426599763
-232266019
545022280
-162101216
-1879411617
-2122909210
842911747
-174176157
-1703264495
-1317468028
-302367579
1614770100
33071397
-1304625097
1266079491
1745735427
-1747706367
62289457
-1660619506
-74768512
-723790362
-1722301311
1132385059
-1564451230
-1157779358
642667892
-2015394399
-1268080412
-1417135607
-22167241
-1032851524
-850221937
-641717916
1602003393
-1664363632
-1554604098
-1458258136
1633698031
1688162168
-534636961
322794922
1976730864
1915640993
-1928874250
-2009156718
-677396766
-860020007
-299007001
-268798514
1931493309
-1056361044
662424820
365765834
1132189552
-1468985679
499367171
-771356451
646160969
-613918431
848986148
1846415878
-1970222951
-1129520472
1974617555
-1375279401
-811789161
228148607
-213212295
2027384496
-1733000572
-1137729606
-387572936
-1791341776
-617795824
440921054
-401945880
1656091881
402999292
-1074606410
-1766815909
-810717358
-1617108225
718990950
-1637947416
1026803713
-218374418
-1233377600
170001959
624678169
-1775095018
-1633079594
1755641337
-2090801408
-412921620
72188879
1596799434
2065457493
-1544324120
484617470
1411561241
-83398879
-1420280915
-588436176
-1736184008
453461579
-1552200596
776385860
660504656
1312140881
1739698570
-1858049023
492843688
-801194443
-2025927039
1828806435
1628771878
-1006107212
-1787450877
758280631
1252750357
-2046519875
436780900
172645288
677288232
-1294164959
-1640299976
1138855576
1060486078
977700486
-1716848581
43979764
-556498329
-1587879775
-107278991
-1228097470
-1896943962
-427073117
640190094
-625862724
-1916096520
-1896293132
-468404841
-1715773406
1431577364
2020280862
1171936456
678026188
-1209171595
-2014816245
906177464
307862014
864224533
303775603
-1924111686
2089339007
819397754
2073413775
1401563271
935498348
581257973
-1831127022
-806253031
2061015113
2087530793
1210259289
-1466319655
-2089593512
-1482278454
-699921440
479980283
267585070
-535087450
277361144
-1502891479
1516233858
-513525271
820244150
801614942
-1123955640
-1070082148
1044606254
-1038320876
-1843094018
516979566
1868184289
-219243358
-485494204
472569527
46380915
-2042514466
-1685196110
648981177
88755104
389686793
-792302619
-64785624
-940139663
1671443180
686845147
518436076
665003946
-675681474
380503936
1802630436
-1029434746
-1889294008
-1140128120
228236398
1171913637
1973743563
1330687103
718686821
-998103227
-411446495
-2073178083
1114791274
-1266326352
258429089
433318367
-1638550873
2133485557
-2014103481
1553917650
-1831869871
1663535834
159288468
2129056945
-1704362964
-1537529584
1988852915
-2122859726
937232468
640748456
1583766749
1495086748
-1667706823
-1288792123
-1950662403
-730552419
1235596267
1971762323
-786948714
-1559098279
-1412460649
-852386697
-1963617564
384882374
1185936720
2132020616
736020033
-1091873738
-1794883821
-1585148611
770895306
-1853326795
-742114043
338998118
1803645506
-468112236
2029978622
1466937440
-1054094539
136007877
-472407990
1207861891
-184125088
-513129879
-1470910291
1695911647
-773536944
-1339458265
-1001771609
-1950969560
-1164896184
1255116735
-1696538374
1781339886
1483619687
478456926
501961065
-1241843184
-2112116470
-76977613
1751525057
2045611634
-1149652881
-1232106431
-680113636
-1469352211
1460693914
-1917329033
-2013051292
-1164552825
61240187
1787138557
-361190122
920308451
-1912414640
218656208
-994933944
-465798918
-1733812664
-1585114992
-1479214356
-1974272757
-1475631511
-1401229672
1158675542
-204991280
-341280334
-2125095089
-1655487493
2037801714
-779548541
-1053296451
1023416443
1514899133
-2067333059
-1356541855
1240587488
923237143
-1371147995
-1766689472
1611072296
203321518
64482957
2142451521
317203200
1184995184
-1555460811
-183595080
1935882450
375819072
-960175122
-1800683712
2005750017
-554936346
-724471168
1527248077
1866277747
-856143802
305205965
1679774208
1452630863
-1076628268
-1657251787
-34512707
1987954439
901334343
-884801220
207539706
861277336
177232268
1472946026
-1683522087
-1927381488
300846589
196467058
598559993
-838485424
-662368558
-120591466
194056969
1560528403
-920604969
462703177
-393954659
237414702
625210719
305924885
1158054468
-1984619495
-2072012937
-1505822786
1416018649
848300461
524079199
-1830588504
1119524633
193194287
-51360459
1386249077
410247286
1992766604
434348019
-1004865806
-1006721750
-890011930
-651268709
1085338931
2017670030
-509939889
727174064
-938163460
1845229227
1031021523
-55869208
1353395042
1286866961
-1120747333
-153740002
561439409
943491815
348336144
-753525619
-2104149104
900998211
1292129630
1149209147
-1695643037
1629299899
713177529
2008208818
788454128
657733436
-1302268924
-834744331
1002560580
1610787097
-1311288976
-1829698638
1410803415
180658023
-1802698173
416734387
-727564050
1819069831
1630031578
-337292646
-1266940608
613712131
227776752
1197738701
373379036
977278622
-1237111520
-158063186
258282825
1204628645
-1857541976
-1764087025
292177902
2095130251
-1350207633
456509925
1275867060
-1417423436
2633289
-1773576389
1990334441
-1678025840
1423230328
232683624
209024871
1589352684
-602998923
1072940164
-376441099
-972243324
863651825
1362372887
-1107756564
-281947428
-1595050218
-830607853
1118866717
907100495
-2144115439
-367250172
-399515662
-739326360
-1745344044
-2000408699
-1474974766
317148528
-351705832
1569376501
757542346
-1848339641
402459297
-971065493
-63662487
-934829449
1354903237
1289627622
670700522
1571191941
164861742
471759304
1074059928
443188362
1576801246
1752153477
422956910
876773123
-1273437069
-32707945
737261821
2125740772
-398021204
-79363915
447290002
-16304142
1168753451
364415043
1902124439
1963122258
969591164
101328395
1719741753
1604328284
1384969301
1146631725
-859101109
-1233684556
-866949857
-1161780652
399920489
733084315
2067754420
-1987090646
1320764768
265580162
-120997014
768310541
-1391857715
1981930208
-1030443440
98375682
134993411
-1496627388
-260677449
1011053289
2123917362
1089477549
-1432542476
-318793230
-1804900156
986952217
-308711581
-88283057
1329605130
-1746801317
222599853
-2078855893
-741178857
-1419384527
-383007666
2062134234
346069228
-512551019
-912602287
915499857
-2106002219
-1364041901
1272662878
1505790167
431122705
-1463152677
-889723402
1680310780
1151453880
758169176
9722876
1393863114
-1497657383
11034625
-1552991370
-914801350
705543394
664810926
120202645
180800233
1822475332
-460235603
-280891150
1276043787
-1558954922
1716721878
636496922
1459240095
196513658
-1432278052
-79444916
-2117347100
1604651646
1910492645
-1588145024
-1711819253
812903748
-1379001507
-1268522837
-2095306707
-1766563420
2123435015
-253951679
631764862
-358056816
-712095916
-1161051397
1986444995
-1026314888
86993400
1088995034
902839553
370687984
-2061791047
-1891226006
-896627082
-151465072
-1124189047
827916363
-914718515
-442569189
-909122601
903885037
1166833292
-1934226461
-1945778911
-1461556326
-2026664496
-465776021
1431555789
1425422265
-479461828
325339470
-872107975
-980863408
-485957073
162479454
-308713456
-870370358
20242228
369242639
-207428641
-355855878
-261070402
-763984618
-2116188953
-89665953
1988845588
-2083936179
1287626292
-1371264855
-1518086006
-1519675943
19480558
1905241467
269582065
1170072205
-504044562
-336189070
-667267760
860295825
1678626708
-1724200858
1406331859
-776727490
917126871
-1688181521
-376888317
-423885492
412396700
-414659541
-1740254409
1503176239
-1370436532
387840445
-443084726
-301457475
614336672
-1656451048
1034582157
-1947009261
-1063085122
1757876476
-613754881
-518288455
-534276983
-1390568896
1221828795
-1192633340
973036852
-751949102
1371530673
-1984279620
506828568
1285403644
-1247687528
-1790297859
-801087544
1162509032
166374179
-583455902
-128429215
-179532187
-1766112398
-1017984673
1167974437
-1738451733
-1258892341
-910671890
906477387
175339228
2135616905
-1085931411
746563344
2084612364
-630634669
318568646
1984924177
590551939
-1026556271
-872109616
542308316
-1130590079
-212861924
491634676
-679120189
48062402
-834113484
36901395
-255865100
451013122
-1484154442
787557031
-704385338
-1643822910
1027624078
-1297432793
-841519019
1343227468
779021162
1664268720
-2145181616
653707765
1418709167
-482690847
-48871920
-362060638
256385712
1141844486
-353755923
8984972
1003630365
-889691785
5443277
-1558479033
-516429383
-1041607358
137528317
-1568901889
-1512072625
-643637753
1626692675
2013636613
897992166
183542307
-1674025677
-287937143
-1747747021
64687889
-2096275007
1316418729
-1972024754
-1777990388
365983511
871240874
-1519777880
-1003349769
-47770967
594492292
629308
-1889234815
2042535301
454705315
1220427013
2135981188
-218984209
-694214676
-1955546193
-1219717714
1726398508
271835389
-223149423
-1078476958
-635704418
1835740857
-1863370279
-1385671456
1985081617
1113481987
277929992
199271586
-504615597
1132858056
528521121
-1782235639
-549330167
986195523
-1969054692
-273156807
-275924288
-17585797
-2070736351
-24854208
1422700610
710213904
786081522
817617021
-1039269590
1166516023
-1853279448
-274288833
-2017791814
2070205699
298538145
171687084
1517712620
573602789
-1209322568
412035555
-1801314106
-383241354
796649399
-1115893915
899080178
-1063110797
343027337
556410032
-344631411
1513427463
2095344563
-1211824596
1046151231
-1506693552
-1672011131
1053717835
-351908469
5082908
706371468
244233962
-1597671833
-688706062
-477117110
1329755133
-2144292081
-880097703
209203240
409387116
-823524331
1718489428
1575167403
-427545545
-1784031556
324908331
122258150
2000110303
444668551
-881365648
-1879040465
-298377976
112106508
1947742016
-792309739
-16717734
1055832333
-284832311
1627363217
-1344697943
336183752
1139794701
-1603875462
-2109424299
416717709
1443889381
-1610835138
1696815602
271349905
-1364365753
718940366
-1281320662
-1852327678
-154602293
-592693798
-1271887134
341002587
2071560810
-819326402
-94366053
1984500216
1103799177
-450942533
-816238822
368135149
-1132848843
-2812183
1308892235
-1961767150
-1476259920
-1776848532
1255735138
-1596215966
741456172
-1041642650
-352127677
-1393119355
1852723414
781947436
480803620
-806386006
-925709803
-1821587909
-113051281
1031194522
-251351021
45203052
-1524000532
-617872630
1375271292
697526887
185714207
1687260976
-1907633020
1013762133
294258414
-1216686440
-1451577553
1050509785
-1315305849
-284147657
1434451916
1437918272
-486737024
-777976640
-1136356927
374843382
1108986943
-1339259594
961698446
410401595
-399600229
-485361983
-2072962293
2005959703
1297840067
1458468805
-107654924
1042238859
-2137862818
1017045553
-368165721
-1744120824
959656179
-1730416876
778567467
983115044
-1821248373
-1472430219
-1002236812
-541702517
-503124075
1825775203
-541938204
1512265779
1054131976
811143242
13086997
2000233939
679941070
-768965752
-603562283
482204565
-458093728
-1334004161
65070705
1293210122
-697463123
1232086380
-1842255562
-1526028963
-419445952
271456568
-1487785420
-1678832693
1383701153
-1251859826
-1994709435
600907602
361360378
1851088365
-621301683
63573672
859177981
-738553986
-1313296958
1686989166
-1968124155
1352100968
-839245970
-147489883
-579337861
-525818525
-1221811597
45444192
1987109498
526616203
-1278282352
-1799220293
37002422
974209142
560205474
1520286731
559298969
-726847864
-1401518996
71451222
-43341138
384872069
-1765650278
-64468475
1128105282
-930325145
329920002
379680728
-836545464
1861733745
-911337683
1084680217
-1543199619
-197260925
2129438998
912020500
-1647628596
1035893168
-1492029903
-1466197307
-561199885
-650183411
-22129234
-1377591085
-1822038939
790973643
723442430
-784286787
145757042
2004548744
-889740907
-395043758
-44143452
-1782535199
-638744334
620948582
-183698324
1657421131
1615559900
-1725099070
-1292512002
1160193571
968787437
-447293348
-1110901640
355937282
900980308
-1552953913
-325936823
-1958927530
-721613099
-812333076
1236074704
281445166
-1591060460
919717114
-1200452541
215474772
978054163
1774453402
-2026022958
1086042528
869186553
-802442649
-1618915317
-1152268405
691133973
-142605923
732901760
1335070978
-744632287
-1198561265
72703654
1911159676
-1707664950
845247070
-572674049
1412394062
479859567
707689319
1150657147
185162045
-1719282391
613746941
-677345253
1307203156
530092555
2054930392
-1421238568
-423187208
-77601878
-276159796
841363906
1687343161
1763953119
-2012114627
-791271317
-314293654
-906272053
-605865774
1144236165
-964509709
1462148891
841412200
464039369
281068388
-325552500
-888004023
-1284785126
1280292558
676421809
-828546147
-1294790678
880109134
-270395917
105522975
469758172
-1093826583
-596976423
1794229524
1511656107
647720095
132900746
1907483257
2087514185
-1185075526
-251689585
597277051
1563962699
221442406
1549741532
1576989996
-450590333
-1480456826
1109435664
77075571
-430480658
1046808516
1873331195
-1914337213
1179075024
1274498026
-618290591
-1252916978
-637334755
-23385744
-96851459
-2012897412
-1748011749
-1916797611
1335973320
-1460732840
-1726700988
128316722
-483417734
-113230902
47187568
317388683
1224568144
-1412587573
-681772493
227360104
401431056
-1096921644
615030915
1149595939
1366155594
1842822104
202113694
-1360828796
-461001249
691239029
-11434454
-227164150
-1993443129
414990949
-552001123
1605768587
385510926
833004346
-1407126818
-1137152001
-549691873
409174346
1563302956
-411685225
-1481949372
-1672848153
1890323263
-1028019948
-1694645396
-82432813
-1445556564
-76471465
-645724625
-2115039758
1738890637
-326834637
-2138466545
-1238189503
1576400224
1488294282
-994679807
1289288454
-1982139857
851770263
-1652471765
-1418687927
-1094302479
-2122501753
119882477
-58452094
-2051675088
47082831
-659645659
-2114034797
2145456875
-344582983
-441355601
1847568376
2111683005
-1121053250
-1294496214
1174781244
-787132866
-41602021
-2112072447
2062267566
2044777640
-1066001378
1132088745
1214044500
252413885
-1260630336
-381838809
-119387104
235213544
994261752
1617115349
-411979935
-1946498398
712841293
-1515909788
223778172
-2120120553
909399725
189724196
-1044928805
-1947204344
2072229757
855208322
-864832732
-2052853518
-473013263
-1257596974
-786292306
-1100349328
-942500708
648441167
-742034128
1596177885
1233559114
-1581002657
-1770662213
894167613
335116301
581666842
1765071849
1143249245
-1033040235
-1099221235
-897909674
392719416
-596510523
-1348585926
-1423807921
-1964339813
-1322163838
-2083873693
39469769
321344780
294337229
-349112953
-1987557227
914469864
-193196525
376532652
1403952848
-469249845
77528515
-1865319969
-1823590753
1566274867
1440074785
-1302778247
1276503068
335622503
-2006320295
1110436259
507072139
-517776747
949443287
-1862012133
2135568336
-2147203270
664901077
499198519
-215902427
-248681018
1134270261
-392757462
-2045893881
220154239
-568273264
-1584513915
1935107697
-618649180
-1649548658
1425237249
-2022314676
1778798294
843496567
-1864193669
526554149
-1078199629
-1712400118
-124863681
1297557280
-1358801468
-446702963
330038920
-2105181140
-605925480
1588156453
-419569337
1944681591
747167024
-1288354201
-1902355933
-911355612
943602077
642897198
-144452671
2078418747
-1090646808
-1038428498
-1016985532
-1212334367
-1137664719
933888969
-248082153
1704212936
-1939640806
1981198753
-1601818903
1012129000
-756944283
-1757229971
571215353
48216430
653603803
1392257936
-926643565
-1383698188
194745711
-1042902297
-815711783
1559857395
-1376250973
2056516962
1106131654
-2010480267
1623893803
1949682902
-1551035536
1649812238
-1405506097
489397008
-341205364
-1516095476
458128789
-1564481492
693226807
-1874778899
570787358
-467250648
1453408499
156374033
-1712020400
1201832371
-1514274321
1928046768
1586531381
-144107445
1425266058
-1020629747
-1622905566
-1671894138
609220890
-1510248469
186463259
-1078189650
620184808
-403782336
704385141
-1473903725
1435302783
1994710568
274341565
-243558499
1738590502
1260710940
1189174744
-897426912
-193022039
1771684707
-860007829
-1137596684
740563551
2044063944
-1127744388
230205507
-1010256279
-1487473012
1759380313
888397476
983280439
1888150686
-303088712
-1691707799
-683155632
-828719095
-183571425
849206836
1875637585
-1439732307
-870747258
-1611148592
-881980106
-1299311567
1639659066
-599567299
1817433560
1891903799
1191113987
1308719116
-1077169482
1466605009
1380446857
460541165
299629047
-871702988
788433651
1787020166
1719242415
-525887317
1081876944
-47787899
1226267489
93749198
539855418
146807800
1045721284
888634355
1689341240
-847982117
1403440330
2095644643
-1406569884
-1536071694
440208861
-748653360
1565437645
1667591385
2100401771
1904800134
-1555227106
-855329703
1808655524
-1275481887
-1638864385
-1551993604
1464148610
2084109182
271287226
-137352478
1681469961
370636981
1205883938
-1193061419
-875710000
-1413801274
846333360
-591243109
-499059265
-856679855
557305070
-433965172
976900121
-1664502517
-2003545321
-163330973
1350239932
-217865297
459155199
403214680
-2086838105
1882225457
-1042032592
1514460525
190003133
-338662087
-311156651
-1776753656
1650252488
892279759
1156890332
665979329
-1568830529
1117680722
312011478
1165746813
-1438441909
965723566
-797802720
818445499
1305115271
1147897293
-1347992376
-192487891
369297415
-1273267635
-1631191128
1610923402
965690652
708982900
-1387454121
238126498
394333781
1767256160
1596933698
-1834617422
-485205433
1216722818
-1589649131
-434834695
-1200394863
1034733133
1228191839
1224695691
-1715746022
-17015511
-141616524
-2033317276
-114596708
595510446
-1987449963
-1710093121
1574031206
346234126
727183950
-1914885976
1134133597
1991110865
1238369823
1294531792
-1036428733
-1047281976
-1000668066
693969312
2027879739
-1566724293
-1630425253
-646872176
711376524
-393746332
1027005380
-1121218888
-671209051
-489933279
-1155755957
1355415462
-1168481440
-389875484
-330761339
240938354
2088496266
158306285
-568695787
-398401264
-1836218205
7123643
-2022213879
353570277
2080656609
2059431359
-1710516093
